6 Stops, 25 Students, 40 Max_Walking, 50 Capacity, 5 Days 

0       1  1  1  1  1
1       1  1  1  1  1
2       1  0  1  0  0
3       1  1  1  1  1
4       1  1  1  1  1
5       1  1  1  1  1
6       1  1  1  1  1
7       1  1  1  1  1
8       1  1  1  1  1
9       1  1  1  1  1
10       1  1  1  1  1
11       1  0  0  0  1
12       1  1  1  1  1
13       0  1  1  1  1
14       1  1  1  1  1
15       0  1  1  0  0
16       1  1  1  1  1
17       1  1  1  1  1
18       1  1  1  1  1
19       1  1  0  0  1
20       1  1  1  1  1
21       1  1  1  1  1
22       0  1  0  1  0
23       1  1  1  1  1
24       1  1  1  1  1


0             50        50
1         59.548    40.389
2         53.673    53.941
3         42.026    50.059
4         50.179    57.985
5         55.118    50.137


1    48.359     55.86
2    66.386    41.507
3    35.834     29.28
4    82.836    57.993
5    65.612    27.586
6    57.604    78.332
7     45.98    51.086
8    72.342     45.38
9    73.329    54.915
10    60.328    31.039
11     9.071    35.512
12    39.486    65.756
13    15.359    53.768
14    33.094    16.004
15    41.433    49.796
16    65.941    23.786
17    46.987    59.167
18    58.584    55.702
19    78.877     67.55
20    42.443    54.516
21    64.465    56.926
22    43.613    27.844
23    19.763    49.856
24    53.807    30.853
25    68.199    78.151
