6 Stops, 25 Students, 40 Max_Walking, 25 Capacity, 5 Days 

0       0  0  1  0  1
1       1  1  0  1  0
2       0  0  1  0  1
3       1  0  0  1  0
4       1  0  0  0  1
5       0  1  1  1  1
6       0  1  0  1  0
7       0  1  1  0  1
8       0  1  1  0  0
9       1  1  1  0  0
10       1  1  1  0  0
11       0  1  1  0  1
12       0  1  0  1  0
13       0  1  1  0  1
14       0  0  1  1  1
15       1  0  1  1  0
16       0  1  1  0  1
17       1  1  0  1  1
18       1  1  0  1  1
19       0  1  0  0  1
20       1  0  1  1  1
21       0  1  1  1  1
22       0  1  1  0  1
23       0  1  0  0  1
24       1  0  1  0  0


0             50        50
1         46.918    45.786
2         58.642    59.873
3         45.195     57.77
4         48.642    53.565
5         55.889    59.398


1    45.658    84.734
2     22.96    58.777
3    45.205    42.495
4    26.013    72.453
5    75.771    57.152
6    63.216    76.771
7    61.891    42.563
8    72.369    49.029
9    68.527    80.802
10    63.545    73.386
11    36.396    86.937
12    52.678    63.497
13    35.801    63.173
14    40.512    78.207
15    41.441    59.143
16    55.007    70.914
17     37.02    56.429
18     43.54    55.439
19    71.214     76.69
20    46.363    67.611
21    66.723     40.23
22     40.59    88.571
23    50.643    59.045
24    43.693    67.698
25    55.515    54.029
