6 Stops, 50 Students, 10 Max_Walking, 25 Capacity, 5 Days 

0       1  1  1  1  1
1       1  1  1  1  1
2       1  1  1  1  1
3       1  1  1  1  1
4       0  1  0  0  1
5       1  1  1  1  1
6       1  1  1  1  1
7       1  1  1  1  1
8       1  1  1  1  1
9       1  1  1  1  1
10       1  1  1  1  1
11       1  1  0  1  0
12       1  1  1  1  1
13       1  1  1  1  1
14       1  1  1  1  1
15       0  1  0  1  1
16       1  1  1  1  1
17       1  1  1  1  1
18       1  1  1  1  1
19       1  1  1  1  1
20       0  0  1  1  0
21       1  1  1  1  1
22       1  1  1  1  1
23       1  1  1  1  1
24       1  1  0  0  0
25       1  1  1  1  1
26       1  1  1  1  1
27       0  0  1  1  1
28       1  1  1  1  1
29       1  1  1  1  1
30       1  1  1  1  1
31       1  1  1  1  1
32       1  1  1  1  1
33       0  1  1  1  1
34       1  1  1  1  1
35       1  1  1  1  1
36       0  0  1  0  1
37       1  1  1  1  1
38       1  1  1  1  1
39       1  0  1  1  0
40       1  1  1  1  1
41       1  1  1  1  1
42       1  1  1  1  1
43       1  1  1  1  1
44       1  1  1  1  1
45       0  0  1  1  1
46       1  1  1  1  1
47       1  1  1  1  1
48       1  1  1  1  1
49       1  1  0  1  0


0             50        50
1         40.277    53.238
2         19.477    85.129
3         84.504    28.161
4         26.944    85.843
5         47.133    44.509


1    38.382    47.404
2    41.811    55.688
3    39.128    54.704
4    43.489    61.364
5     40.07    53.205
6    39.766    54.557
7    46.504    54.469
8    38.886    53.637
9    42.384     52.86
10     37.93    45.238
11    19.148     88.68
12    19.225    91.952
13    21.254    85.056
14    20.454    84.707
15     21.98    90.849
16    19.708    84.774
17    19.532    84.815
18    21.395    82.216
19    23.404    80.557
20     18.45    86.646
21    81.328    31.383
22    87.377    23.126
23    80.246    23.897
24    86.349     26.33
25    82.194    28.143
26    84.347    27.264
27    80.788    32.665
28     85.36    29.338
29    81.355    24.801
30    83.356    25.246
31    30.198    81.058
32    28.344    89.631
33    28.811    92.171
34    17.966    84.144
35    27.435    85.055
36     22.87    89.896
37    27.292    84.712
38    23.678    93.582
39    31.701    87.684
40    28.427    89.209
41    47.467    40.717
42    41.928    37.931
43    46.796    44.565
44    45.873    51.642
45    46.775    44.381
46    42.732    39.234
47    43.513    48.435
48    47.344    45.109
49    39.937    39.857
50    48.754     43.65
