6 Stops, 50 Students, 5 Max_Walking, 50 Capacity, 5 Days 

0       1  1  1  1  1
1       0  1  0  1  0
2       1  1  0  1  1
3       1  0  0  1  0
4       1  1  1  1  1
5       1  1  1  1  1
6       1  1  1  1  1
7       1  0  0  1  1
8       1  1  1  1  1
9       1  1  1  1  1
10       1  1  1  1  1
11       0  1  1  1  0
12       1  1  0  0  0
13       1  0  1  1  1
14       1  1  1  1  1
15       1  1  1  1  1
16       1  1  1  1  1
17       1  1  1  1  1
18       1  1  1  1  1
19       1  1  1  1  1
20       0  1  1  0  1
21       1  1  1  1  1
22       0  1  1  0  0
23       1  1  1  1  1
24       1  1  1  1  1
25       1  0  1  1  0
26       1  1  1  1  1
27       1  1  0  0  1
28       0  0  1  0  1
29       1  1  1  1  1
30       1  1  0  0  0
31       1  1  1  0  0
32       1  1  1  1  0
33       1  1  1  1  1
34       1  1  0  1  0
35       0  0  0  1  1
36       1  1  1  1  1
37       1  1  1  1  1
38       1  1  1  0  0
39       1  1  1  1  1
40       1  0  1  0  0
41       1  1  1  1  1
42       1  0  1  0  0
43       1  0  1  0  0
44       1  0  1  1  0
45       1  1  1  1  1
46       1  0  1  1  0
47       1  1  1  0  1
48       1  1  1  0  0
49       1  1  1  1  1


0             50        50
1         80.485    80.526
2         52.202    40.772
3         52.213    39.739
4         11.307    93.119
5         10.998    67.094


1    81.088    81.706
2     82.48    78.892
3    83.476    80.084
4    78.815    79.386
5    80.494    80.537
6    80.358    80.468
7    79.527     83.14
8    83.656    79.637
9    80.921    78.767
10    82.825    77.252
11     53.36    41.656
12    53.368    43.688
13    56.434    38.679
14    52.637    39.979
15     50.35    40.435
16    51.406    37.098
17    54.684    39.647
18     52.64    40.802
19    51.679    43.409
20    50.433    36.898
21    54.955    39.285
22    52.046    40.496
23    52.202     39.01
24    50.514     42.62
25    50.963     41.54
26    53.358    39.227
27    54.781    38.758
28    53.574    37.408
29    51.801    43.093
30    50.599    40.377
31     7.443    94.889
32    11.286    93.396
33     7.645    92.715
34    13.208    93.302
35     9.456    94.825
36     11.11    94.187
37     11.44    93.008
38     10.27    97.561
39     8.419    92.814
40    12.952    94.427
41     9.926    66.963
42     9.454     66.91
43    13.725    69.166
44    11.128    71.112
45    14.309     65.68
46     8.367     69.16
47    11.979    66.546
48    13.037     65.02
49    11.496    69.855
50    11.871    64.478
