6 Stops, 100 Students, 5 Max_Walking, 50 Capacity, 5 Days 

0       0  1  1  1  0
1       1  1  1  1  1
2       0  1  1  0  1
3       1  1  1  1  1
4       0  0  1  1  1
5       1  1  0  0  0
6       1  1  1  1  1
7       0  1  0  1  0
8       1  0  1  0  0
9       1  1  1  0  1
10       0  0  1  1  1
11       1  1  1  1  1
12       0  0  1  1  1
13       1  1  1  1  1
14       1  1  1  1  1
15       1  1  1  1  1
16       1  1  0  1  1
17       1  1  1  1  1
18       0  1  1  0  0
19       1  0  1  1  1
20       0  0  0  1  1
21       1  0  1  1  1
22       1  1  1  1  1
23       1  1  1  1  1
24       1  1  1  1  1
25       1  1  1  1  1
26       1  1  1  1  1
27       1  1  1  1  1
28       1  1  1  1  1
29       1  1  1  1  1
30       0  0  0  1  1
31       1  1  1  1  1
32       1  1  1  1  1
33       1  1  1  1  1
34       0  0  1  1  1
35       1  1  1  0  1
36       1  0  1  0  1
37       1  1  1  1  1
38       1  1  1  1  1
39       1  0  0  0  1
40       1  0  0  1  0
41       1  1  1  1  1
42       1  1  1  1  1
43       1  1  1  1  1
44       0  0  1  0  1
45       1  1  0  1  1
46       1  1  1  1  1
47       1  1  1  1  1
48       1  1  1  1  1
49       1  1  1  1  1
50       1  1  1  1  1
51       0  1  0  0  1
52       1  1  1  1  1
53       1  1  1  1  1
54       0  1  0  1  0
55       1  1  1  1  1
56       1  1  0  0  0
57       1  1  1  1  1
58       1  1  1  1  1
59       1  1  1  1  1
60       1  0  1  0  1
61       0  1  1  1  0
62       0  1  0  0  1
63       1  1  1  1  1
64       1  1  0  0  1
65       0  1  0  1  1
66       1  1  1  1  1
67       1  1  1  1  1
68       0  0  1  1  1
69       1  1  1  1  1
70       1  1  1  1  1
71       0  1  1  1  1
72       1  1  1  1  1
73       1  1  1  0  0
74       1  1  1  1  1
75       1  1  1  1  1
76       0  1  1  0  1
77       1  1  1  1  1
78       1  1  1  1  1
79       0  1  1  0  0
80       0  1  0  1  0
81       1  1  0  0  0
82       1  1  1  1  1
83       0  0  0  1  1
84       1  1  1  1  1
85       1  1  1  1  1
86       1  1  1  1  0
87       0  1  0  0  1
88       1  1  1  0  0
89       1  1  1  1  1
90       1  1  1  1  0
91       1  1  1  1  1
92       1  1  1  1  1
93       1  1  1  1  1
94       1  0  1  0  0
95       1  0  1  0  0
96       0  0  1  0  1
97       1  1  0  0  0
98       0  1  1  0  1
99       0  1  0  1  0


0             50        50
1         91.969     85.87
2          5.503     56.27
3          88.07    35.156
4         14.396     76.69
5         76.581    42.461


1    92.444    85.061
2    91.792    84.112
3    94.506    84.402
4    92.271    86.141
5    89.611    88.649
6    90.809    88.343
7    91.336     84.31
8    91.855    83.117
9    91.309    82.139
10     93.63    86.859
11    93.621    87.511
12    94.354    87.622
13    89.338    83.456
14    94.774    86.284
15    90.762    82.447
16    92.107    85.723
17    93.419    83.271
18    89.452    90.036
19     91.81    82.611
20    92.706    83.021
21     6.334    55.435
22     3.944    59.455
23     8.464    58.332
24     7.153    56.839
25     4.844    57.549
26     7.977     59.47
27     8.211    58.183
28     4.278    55.233
29     5.502    56.253
30     4.363    54.444
31    10.107    54.891
32     6.737     59.55
33     5.911    54.918
34      7.74    54.391
35     9.256    54.877
36     4.216    53.876
37     4.577    57.275
38     7.791    52.273
39     5.995    58.227
40     3.135    56.593
41     87.72    36.518
42    88.089    35.122
43    85.085    37.062
44    87.878    35.841
45    84.852    31.593
46    87.336    36.713
47    85.779    37.584
48    88.047    35.228
49    85.144    37.004
50    87.113    36.697
51    88.477    35.011
52    85.096    38.298
53    90.611    37.395
54    89.579     37.32
55    86.605    36.482
56    88.236    35.566
57    87.929    35.077
58     89.06    34.805
59    86.567    33.255
60    89.019    37.505
61    13.119    74.886
62    14.905    79.212
63    13.855    78.253
64    11.263     80.37
65    14.369    75.606
66    15.466    81.167
67    13.167    77.565
68    12.332    77.826
69    12.926    79.713
70    16.493    78.668
71    18.279    74.066
72     11.18    77.719
73    14.533    74.472
74    15.272    77.637
75    10.858    76.052
76    13.662    78.995
77    13.989    78.232
78    15.089    75.843
79    10.557    79.571
80    10.098    79.116
81    79.112    41.555
82    80.484    43.896
83    80.873    43.572
84    76.184    42.252
85    73.637    44.535
86    75.036    43.081
87    80.585    43.085
88    75.357    38.553
89    75.278    42.262
90     77.76    39.906
91    75.975    41.299
92    73.761    41.028
93     76.81     41.02
94    76.194    40.678
95    77.895    37.817
96    72.965    42.049
97    79.133    42.231
98      73.6     44.85
99     75.88    42.561
100    77.297    42.725
