6 Stops, 50 Students, 40 Max_Walking, 25 Capacity, 5 Days 

0       1  1  1  1  1
1       1  1  1  1  1
2       1  0  1  0  0
3       1  1  0  0  1
4       1  1  1  1  1
5       1  1  1  1  1
6       1  1  1  1  1
7       1  1  1  1  1
8       1  1  1  1  1
9       1  1  1  1  1
10       1  1  1  1  1
11       1  1  1  1  1
12       1  1  1  1  1
13       1  1  1  1  1
14       1  1  1  1  1
15       0  0  0  1  1
16       1  1  1  1  1
17       1  1  1  1  1
18       1  1  1  1  1
19       1  1  1  1  1
20       1  1  1  1  1
21       1  1  1  1  1
22       1  1  1  1  1
23       0  0  1  1  0
24       1  0  1  0  1
25       1  1  1  1  1
26       1  1  1  1  1
27       1  1  1  1  1
28       1  1  1  1  1
29       1  1  1  1  1
30       0  1  1  1  1
31       1  1  1  1  1
32       1  1  1  1  1
33       0  1  1  0  1
34       1  1  1  1  1
35       1  1  1  1  1
36       1  1  1  1  1
37       1  1  1  1  1
38       1  1  1  1  1
39       0  0  1  0  1
40       1  1  1  1  1
41       1  1  1  1  1
42       1  1  1  0  0
43       0  0  0  1  1
44       0  1  1  0  1
45       1  1  1  1  1
46       1  1  1  1  1
47       1  1  1  1  1
48       1  1  0  0  1
49       1  1  1  1  1


0             50        50
1           53.3      50.6
2         55.001    48.357
3         48.874    49.645
4         59.513    46.613
5         53.997    49.473


1    66.603    13.758
2     57.41    12.258
3    37.492    59.235
4    46.185     49.34
5    28.485    46.502
6    34.457    35.259
7    51.385    51.894
8    70.644    27.513
9    56.044    47.249
10    68.739    40.879
11    50.492    59.312
12    56.302    46.333
13    48.065    47.993
14    59.102    59.976
15    48.346    42.976
16    53.899    87.498
17    75.446    79.299
18     76.48     42.83
19    87.706    26.058
20    38.811    41.879
21    12.621    33.356
22    54.286     43.86
23    69.707    33.347
24    36.238    44.763
25    17.325    38.725
26    24.723    51.478
27    49.715    66.694
28    45.081     39.81
29    43.526    57.715
30    34.949     46.13
31    46.348    66.335
32    69.486    36.906
33     65.18    17.391
34    58.538    47.555
35    40.466    30.733
36    54.814     45.41
37    80.394    32.072
38    72.882    40.211
39    46.161    48.534
40    71.756    21.651
41    54.012    49.481
42    62.998    44.074
43    63.779    24.268
44    41.371    23.252
45    70.902    67.319
46    81.536    43.315
47    61.232    48.288
48    54.892    33.386
49    39.379    52.225
50    50.715    48.058
