6 Stops, 100 Students, 40 Max_Walking, 50 Capacity, 5 Days 

0       1  0  1  1  1
1       1  1  1  1  0
2       1  1  1  0  1
3       0  1  1  1  1
4       0  1  0  0  1
5       0  0  1  0  1
6       1  1  1  1  1
7       0  0  1  0  1
8       0  1  1  0  0
9       0  0  0  1  1
10       0  1  0  0  1
11       1  0  1  1  0
12       0  0  1  0  1
13       1  0  1  0  1
14       0  0  0  1  1
15       1  0  1  0  1
16       1  0  0  1  0
17       1  1  1  1  1
18       0  1  1  0  0
19       1  0  0  1  0
20       0  0  1  1  1
21       0  0  1  1  0
22       1  0  0  1  1
23       1  1  1  0  1
24       1  1  1  0  1
25       1  0  1  1  0
26       1  1  1  0  0
27       0  1  0  1  1
28       1  0  1  0  0
29       1  1  0  1  0
30       1  0  1  0  1
31       1  0  0  1  1
32       0  0  1  0  1
33       1  0  1  1  0
34       1  0  0  1  0
35       0  1  0  1  0
36       1  1  0  0  1
37       1  1  0  1  1
38       1  1  1  1  1
39       1  1  1  0  1
40       0  1  1  1  0
41       1  0  1  1  1
42       0  1  1  0  1
43       1  1  0  0  1
44       0  1  0  0  1
45       0  1  0  0  1
46       1  0  0  0  1
47       0  1  1  0  1
48       0  1  1  0  0
49       1  1  0  1  0
50       1  1  0  1  1
51       0  1  1  1  1
52       0  1  0  1  0
53       1  1  0  0  1
54       0  0  0  1  1
55       0  1  0  0  1
56       0  0  1  1  1
57       1  1  0  1  0
58       0  0  1  1  0
59       1  1  1  1  0
60       1  0  1  1  0
61       1  0  0  1  0
62       1  0  1  1  0
63       1  0  0  1  1
64       1  1  0  1  1
65       1  1  1  0  0
66       0  1  0  0  1
67       1  1  1  1  0
68       1  1  1  1  0
69       0  1  1  1  1
70       0  1  1  0  1
71       1  1  1  1  0
72       0  1  0  0  1
73       0  1  1  0  1
74       0  0  1  1  0
75       0  0  1  0  1
76       0  1  1  1  0
77       1  1  1  0  1
78       0  1  1  1  0
79       1  0  1  1  0
80       1  1  0  1  0
81       1  0  1  1  0
82       1  1  1  0  1
83       1  1  1  0  0
84       1  1  1  0  1
85       1  0  0  1  0
86       0  0  1  0  1
87       0  1  1  0  1
88       1  1  1  0  0
89       0  1  0  0  1
90       0  0  0  1  1
91       0  0  1  1  0
92       1  1  0  0  0
93       1  0  1  0  0
94       1  0  0  1  1
95       1  1  0  1  0
96       0  1  1  1  1
97       1  1  1  0  1
98       0  1  0  1  1
99       0  1  0  1  1


0             50        50
1         53.966    59.127
2         54.512    58.737
3          41.31    59.082
4         52.228    53.253
5         47.939    49.773


1    77.143    43.648
2    89.433    67.511
3    63.624    64.965
4    56.705    57.826
5    58.512    54.744
6    54.655    60.344
7    39.906    89.595
8    63.021    70.091
9    73.316    78.095
10    54.736    54.583
11    53.362    76.408
12    51.264    71.356
13    57.831    70.547
14    52.236    68.464
15    38.556    31.132
16    39.249    74.085
17    57.417    75.431
18    67.176    49.276
19    32.807    84.188
20      39.2    56.604
21    59.708    40.263
22     55.77    36.989
23    77.561    61.543
24    31.853    85.688
25    47.332    96.749
26    51.491    62.949
27    41.964    70.569
28     79.21    40.709
29    63.074    47.098
30    40.542    53.726
31    45.228    50.063
32    70.002    73.224
33    50.632    63.853
34     51.75    32.999
35    64.733    70.575
36    37.093    38.646
37    48.848    46.983
38    61.168    58.159
39    92.663    67.056
40    73.617    76.163
41    54.789    71.588
42    17.828    50.299
43    80.723    55.498
44    45.965    55.789
45    48.579     54.07
46    16.848    49.326
47    42.893    55.419
48    42.721    20.479
49    55.682     48.91
50    65.861    45.538
51    44.469    36.407
52    44.405    57.975
53     8.496    38.877
54    49.834    65.492
55    59.525    29.721
56    15.375    82.977
57    66.618    48.775
58    52.899    79.065
59    20.364     31.44
60    55.994    51.846
61    65.155    57.559
62    52.375    47.285
63    35.403    57.092
64    59.448    52.113
65    76.779    27.372
66      86.5    32.875
67    25.516    66.155
68    58.409    45.343
69    30.718    60.464
70    52.736    78.744
71    86.319    45.556
72    50.418    52.634
73    47.265    50.806
74    35.279    23.838
75    52.237    31.656
76    89.112     51.72
77    70.298    19.659
78      37.7    75.615
79    53.801    50.198
80    33.601    85.722
81    52.444    48.874
82    50.327    71.342
83     35.68    60.424
84    52.176    28.172
85    20.192    73.282
86    59.184    38.647
87    46.488    50.468
88    52.437    85.414
89    33.742    32.445
90    74.071    58.364
91    61.459    46.561
92    53.279    81.539
93    76.315    59.815
94     65.27    15.752
95    45.143     54.66
96    41.116    52.846
97    37.873    51.055
98    47.385    49.837
99    52.637    16.106
100    72.629    18.653
