11 Stops, 50 Students, 5 Max_Walking, 25 Capacity, 5 Days 

0       0  1  0  1  0
1       1  1  0  0  1
2       0  0  1  0  1
3       0  1  0  0  1
4       0  0  1  1  1
5       1  0  0  1  1
6       0  0  1  1  0
7       1  0  1  0  0
8       0  1  0  1  1
9       1  0  0  1  1
10       1  0  1  1  0
11       0  1  1  1  0
12       1  0  1  0  1
13       1  0  0  0  1
14       0  1  0  1  1
15       1  1  0  1  1
16       0  1  1  1  1
17       1  0  1  0  0
18       0  1  1  0  1
19       1  1  0  1  1
20       1  0  1  0  1
21       0  1  1  0  0
22       0  0  1  1  1
23       1  1  1  0  1
24       0  1  0  1  1
25       1  1  0  1  0
26       0  0  1  0  1
27       1  1  0  1  0
28       1  0  1  1  1
29       0  0  0  1  1
30       1  1  0  1  0
31       1  1  1  1  0
32       1  1  1  1  1
33       1  1  0  0  0
34       1  0  1  1  0
35       0  1  1  0  0
36       0  1  0  1  1
37       1  0  1  0  0
38       1  1  0  0  1
39       1  0  1  1  1
40       1  1  1  1  0
41       0  1  1  0  0
42       1  0  0  0  1
43       0  0  0  1  1
44       1  1  1  0  1
45       0  1  0  1  0
46       0  0  1  1  0
47       0  0  0  1  1
48       1  0  1  1  0
49       1  0  0  0  1


0             50        50
1         32.022    70.918
2         84.796    47.972
3         52.861    51.693
4         29.753    71.051
5         61.101    67.859
6         65.115     74.22
7         28.007      28.8
8         16.615    64.081
9         58.484    34.978
10         91.575    34.602


1    31.743    70.071
2    32.163    72.562
3    34.218    68.272
4    31.774    75.275
5    31.747    71.261
6    84.785     48.23
7    86.186    49.588
8    86.527    46.523
9    85.102    48.386
10    82.322    48.676
11    51.234     53.09
12     52.89    47.782
13    53.751    50.365
14    54.219    47.659
15    56.468    50.503
16    30.673     71.94
17    30.844    68.185
18    31.645    69.551
19    30.414    71.538
20    29.425    71.883
21    65.248    66.511
22    56.986    66.538
23    58.052    64.451
24    59.116    71.071
25    60.785    67.852
26    63.148    74.235
27    62.147    70.255
28    65.167    74.263
29    65.128    69.531
30    65.343    74.212
31    25.411    31.226
32    27.927    28.529
33    28.041    28.801
34    27.136    33.662
35    28.644    29.588
36    14.519    67.628
37    15.199    67.699
38    17.354    67.163
39    11.852    62.754
40    16.599    63.992
41    54.033    34.075
42    55.765    33.342
43    56.551    34.437
44    56.547    32.479
45    58.243    34.636
46    87.372    33.654
47    88.302    33.208
48    95.245    37.843
49     92.08    33.141
50    91.913    30.675
