6 Stops, 25 Students, 20 Max_Walking, 25 Capacity, 5 Days 

0       1  1  1  1  1
1       0  1  0  1  0
2       1  1  0  0  0
3       1  1  1  1  1
4       1  1  1  1  1
5       0  0  1  1  1
6       1  1  1  1  1
7       1  1  1  1  1
8       1  1  1  1  1
9       1  1  1  1  1
10       0  0  1  1  0
11       1  0  1  0  0
12       0  0  1  1  0
13       1  0  1  0  0
14       0  0  1  0  1
15       1  0  0  1  1
16       1  1  0  1  1
17       1  1  0  0  1
18       0  1  1  1  1
19       0  0  1  1  1
20       1  0  0  1  0
21       1  0  0  1  1
22       1  1  0  0  0
23       1  1  1  1  1
24       1  1  0  0  1


0             50        50
1          38.39    30.261
2          21.71    34.625
3         22.467    21.108
4         38.726    79.167
5         33.491    66.206


1     26.08    36.624
2    42.858    22.531
3    36.392    32.102
4    44.108    17.715
5    31.313    42.048
6    16.024    41.466
7    21.805    34.294
8     3.137    40.718
9      7.02      45.9
10    13.485    31.463
11    36.362     7.453
12    22.745    29.937
13    23.692    15.592
14    25.124    22.404
15    25.766    32.022
16     38.38    82.585
17    39.942    78.139
18    35.668    70.678
19    51.931    69.863
20    33.738    82.469
21    20.062      63.2
22    28.543    75.293
23    22.389    76.068
24     52.59    62.867
25    30.624    58.687
