6 Stops, 25 Students, 10 Max_Walking, 25 Capacity, 5 Days 

0       1  1  1  1  1
1       1  1  1  1  1
2       0  0  1  0  1
3       1  1  1  1  1
4       1  1  1  0  0
5       1  1  0  1  0
6       1  1  1  1  1
7       1  1  0  1  0
8       1  1  0  1  0
9       1  1  1  1  1
10       1  1  1  1  1
11       1  1  1  1  1
12       1  1  0  0  0
13       1  1  1  0  0
14       0  1  0  1  0
15       0  1  1  0  1
16       1  1  0  1  0
17       1  1  1  1  1
18       1  0  1  1  1
19       0  0  0  1  1
20       0  1  0  1  1
21       1  0  0  1  0
22       0  0  1  0  1
23       1  0  1  1  0
24       1  1  1  0  0


0             50        50
1         29.288    71.826
2         16.465    64.106
3         19.133    61.107
4         70.791    48.283
5         89.369     20.18


1    24.807    69.151
2    28.558    63.161
3    29.423    68.217
4     29.81    71.975
5    26.345    76.746
6    18.338    63.751
7    13.092    59.897
8     7.227    62.171
9    21.294    63.813
10    16.672    65.225
11    21.051    58.507
12     20.18    62.053
13    18.339    61.963
14    20.781    69.796
15    18.294    54.811
16    66.479    47.429
17    78.148    47.355
18    70.017    45.916
19    69.542    47.232
20    71.992    43.838
21    82.838    19.804
22    92.312    28.321
23     88.89    23.069
24    98.235    17.089
25    91.656    17.264
