6 Stops, 50 Students, 10 Max_Walking, 50 Capacity, 5 Days 

0       0  1  0  1  1
1       0  1  0  0  1
2       0  0  1  1  0
3       1  1  1  1  0
4       1  0  1  0  0
5       1  0  0  1  1
6       1  1  1  0  0
7       1  1  1  1  0
8       1  1  1  0  0
9       0  1  1  0  0
10       1  0  1  1  1
11       0  1  0  1  1
12       1  1  1  1  0
13       1  1  1  1  0
14       0  1  1  1  1
15       0  1  1  0  0
16       0  1  1  0  0
17       1  0  0  1  1
18       1  0  1  1  1
19       1  1  0  0  0
20       0  0  1  0  1
21       1  0  0  1  1
22       1  0  0  1  0
23       0  0  1  0  1
24       0  0  1  1  1
25       1  1  1  1  0
26       1  1  0  0  0
27       0  1  1  1  1
28       1  0  1  1  0
29       0  0  1  1  0
30       1  0  1  1  1
31       0  1  1  1  1
32       1  0  0  1  1
33       0  1  0  1  0
34       0  1  1  0  0
35       1  1  0  0  0
36       1  0  1  0  1
37       0  0  0  1  1
38       1  1  1  1  1
39       1  0  1  0  0
40       1  0  1  1  0
41       1  1  0  0  0
42       0  0  1  1  1
43       1  0  1  1  1
44       1  1  0  0  0
45       1  0  1  1  0
46       0  0  0  1  1
47       0  1  0  1  1
48       1  0  0  1  0
49       1  1  0  1  0


0             50        50
1          77.22    68.631
2         20.444    69.324
3         83.568    85.574
4         18.519    65.707
5         81.797    17.228


1    69.867     71.63
2    80.829    62.171
3    72.955    69.951
4    80.418     65.13
5     72.91    69.915
6    70.826    72.446
7    77.335    70.068
8    71.585    68.728
9    84.083    62.929
10    71.027    62.415
11    21.983    66.568
12    19.494    68.834
13    19.743    69.713
14    19.131     71.13
15    26.069     67.33
16    19.521    70.556
17    11.352    71.864
18    17.759    70.774
19    17.808    63.374
20    18.681      61.4
21    78.135    91.653
22    86.153    92.597
23    82.736    83.622
24    80.425    88.066
25    80.046    86.452
26    82.925    92.334
27    81.132    90.009
28    83.534    85.149
29    87.192    85.247
30    82.251    91.747
31     21.96    67.244
32    21.282    68.111
33    18.991    71.086
34    16.085    64.739
35    19.157      60.7
36    17.993     69.42
37    13.117    67.984
38    21.059    66.088
39    19.603    72.144
40    19.698    73.501
41     78.99     7.888
42    81.742     18.36
43    86.495    17.311
44    72.746    20.821
45    73.304    15.794
46     81.73    17.507
47    76.202    21.735
48    88.722    18.533
49    73.366    11.981
50    86.677    21.201
