6 Stops, 25 Students, 10 Max_Walking, 50 Capacity, 5 Days 

0       1  1  1  1  1
1       1  1  1  1  1
2       1  1  1  0  1
3       0  0  1  0  1
4       1  1  1  1  1
5       1  1  0  0  1
6       1  1  1  1  1
7       1  1  1  1  1
8       1  1  0  0  0
9       1  0  0  1  1
10       1  1  0  0  0
11       0  0  1  1  1
12       1  1  1  1  1
13       1  1  1  1  1
14       1  0  1  0  0
15       1  1  1  0  0
16       1  0  0  0  1
17       1  0  1  1  0
18       1  1  1  0  0
19       1  0  0  1  1
20       1  1  1  1  0
21       0  1  0  1  0
22       0  1  0  1  0
23       0  1  1  0  0
24       1  0  1  0  1


0             50        50
1         36.347    23.066
2         17.443    45.586
3         38.746    73.134
4         78.018    85.703
5         14.784    70.974


1    37.742    22.701
2      36.5    26.258
3    30.964    15.438
4    40.053    20.105
5    44.475    28.797
6     18.28    46.833
7    18.915    45.214
8    12.156     51.96
9    16.673    45.677
10    26.466    45.549
11    38.976     80.15
12    43.348    76.562
13    39.795    72.119
14    38.174    71.682
15     45.76    73.118
16    75.544    89.832
17    72.397    89.565
18    77.914     84.97
19    81.946    89.259
20    84.962    87.668
21    22.301    66.528
22    19.703    73.622
23      12.7    69.368
24    14.329    68.328
25    13.074    70.514
