6 Stops, 50 Students, 20 Max_Walking, 25 Capacity, 5 Days 

0       1  1  1  1  1
1       1  1  1  1  1
2       1  1  1  1  1
3       0  1  1  1  0
4       0  0  0  1  1
5       1  0  1  0  1
6       0  1  1  0  0
7       1  1  1  1  1
8       1  0  0  1  0
9       1  0  1  0  0
10       1  1  1  1  1
11       1  0  1  1  0
12       1  1  1  1  1
13       0  1  0  1  1
14       1  1  1  1  1
15       1  1  1  1  1
16       1  1  0  0  0
17       1  1  1  1  1
18       1  1  1  1  1
19       1  1  1  1  0
20       1  1  1  1  1
21       0  1  1  1  1
22       0  0  1  1  0
23       1  1  1  1  1
24       1  1  0  1  0
25       0  1  0  0  1
26       1  1  1  1  1
27       0  1  1  0  1
28       1  1  1  1  1
29       1  1  1  1  1
30       0  1  1  1  1
31       1  0  0  1  0
32       1  0  0  1  1
33       1  1  0  0  1
34       0  0  0  1  1
35       1  0  0  0  1
36       1  0  1  1  1
37       1  0  0  0  1
38       0  0  1  1  0
39       1  0  0  1  0
40       0  0  0  1  1
41       0  1  1  0  0
42       0  1  0  1  1
43       0  1  0  0  1
44       1  1  0  1  0
45       1  0  1  0  1
46       1  1  0  1  0
47       1  1  1  0  0
48       0  0  1  1  0
49       1  0  0  1  1


0             50        50
1          75.49    47.335
2         26.542    75.899
3         59.663    52.983
4         36.142    51.415
5         23.485    62.525


1    62.697     57.86
2    70.789    54.348
3    63.692    60.596
4    79.815    46.236
5    72.087     37.52
6    79.694    29.135
7    62.349    33.661
8    88.484    38.642
9    73.494    48.848
10    84.669    34.115
11    10.802    65.586
12    24.787    72.241
13    37.706    74.851
14    34.055    77.419
15    19.702    73.769
16    22.983    74.507
17    38.415    83.352
18    24.712    75.892
19    37.879    85.244
20    12.094    85.081
21    55.326    72.429
22    45.456    54.691
23    53.721    48.837
24    59.437    57.333
25    50.212    63.077
26    61.304    49.258
27    45.561    53.655
28    76.051    42.277
29     61.31    65.775
30     71.01    36.572
31    43.938    51.298
32    22.325    59.699
33    41.554    53.824
34    18.195    57.235
35    40.933    53.606
36    40.332    52.583
37    41.982    50.961
38    37.955    50.555
39    39.239    66.786
40    38.064    57.793
41    33.366    74.702
42    13.987    61.437
43     25.36    78.543
44    28.437    67.162
45    22.465    68.845
46    22.352    60.304
47    16.127    52.905
48    22.689    57.219
49    32.573    66.544
50    36.697    54.373
