6 Stops, 100 Students, 10 Max_Walking, 50 Capacity, 5 Days 

0       1  0  0  1  1
1       0  0  1  1  0
2       1  1  0  1  1
3       0  0  0  1  1
4       1  0  1  0  0
5       0  1  0  1  0
6       1  1  0  1  1
7       1  1  1  1  0
8       1  0  0  1  1
9       0  1  1  0  0
10       1  1  0  0  1
11       0  1  1  1  0
12       1  0  1  0  0
13       1  1  0  1  1
14       0  1  1  0  0
15       1  0  1  1  1
16       1  0  1  0  1
17       1  1  0  0  0
18       0  1  1  1  1
19       1  1  1  1  0
20       1  1  0  1  1
21       0  1  1  1  1
22       1  0  1  1  1
23       0  1  1  0  0
24       1  1  1  1  0
25       0  0  1  1  0
26       0  0  1  1  0
27       1  0  1  1  1
28       1  0  1  1  1
29       0  1  0  0  1
30       1  1  1  1  0
31       0  1  0  1  1
32       1  0  1  0  1
33       0  1  1  1  1
34       1  0  0  0  1
35       1  1  1  1  1
36       0  1  0  0  1
37       0  0  1  1  1
38       0  0  1  1  0
39       1  0  0  1  0
40       0  1  1  0  1
41       0  1  0  1  0
42       0  1  0  1  1
43       0  0  1  1  0
44       0  0  1  0  1
45       1  1  0  0  1
46       0  1  0  1  1
47       0  0  0  1  1
48       1  0  0  1  0
49       1  0  0  0  1
50       1  0  1  1  1
51       0  0  1  0  1
52       0  0  1  1  0
53       1  0  0  1  0
54       1  0  0  1  1
55       1  1  1  1  0
56       1  0  1  1  1
57       0  1  0  0  1
58       1  0  1  1  1
59       0  1  0  1  0
60       0  1  1  0  0
61       1  1  0  1  1
62       1  0  1  1  1
63       1  1  1  0  1
64       1  1  0  0  0
65       1  0  1  1  0
66       0  1  0  0  1
67       1  1  0  1  1
68       1  1  1  0  0
69       1  0  1  1  0
70       1  0  1  0  1
71       1  1  0  0  1
72       1  1  0  1  1
73       1  1  0  1  0
74       0  1  0  1  0
75       1  1  1  1  1
76       0  1  1  0  0
77       0  0  0  1  1
78       0  1  1  1  1
79       0  0  1  1  0
80       0  1  0  0  1
81       0  1  1  1  0
82       1  0  0  0  1
83       1  1  0  1  1
84       0  0  1  0  1
85       0  1  0  1  0
86       1  1  0  0  0
87       1  1  1  0  0
88       0  1  1  0  1
89       0  1  0  1  1
90       1  1  1  0  1
91       0  1  0  1  0
92       0  1  1  0  0
93       0  1  1  0  0
94       0  1  0  1  1
95       1  0  1  1  0
96       1  1  0  0  0
97       1  1  0  0  0
98       0  1  1  1  1
99       0  1  0  1  0


0             50        50
1         75.829    39.847
2         10.973    87.229
3         24.932    26.486
4         13.789    84.781
5         60.887    54.305


1    83.986     44.41
2    73.446    35.304
3    76.033    45.576
4    67.286    42.029
5    73.774     40.48
6    78.035    37.458
7     77.76    42.593
8    74.055    38.005
9    69.922    42.198
10    70.191    42.461
11    80.121    30.826
12    76.269    39.629
13    69.994      42.4
14    68.817    35.121
15    73.184    37.939
16    70.899    39.491
17    75.731    39.864
18     75.82    39.874
19    74.783    39.159
20    81.729     45.73
21     10.01    86.356
22      5.58    86.356
23    19.208     83.45
24    16.591    83.656
25     12.14    85.658
26    11.127    86.866
27    10.419    82.338
28    17.138    82.814
29    16.328    84.549
30    17.301    87.344
31    11.089    85.901
32     4.186    82.997
33    19.002    86.644
34    13.999    87.495
35    12.904    84.962
36    15.199     94.22
37    12.746    85.343
38    13.682    78.027
39    17.344    83.113
40    15.557    94.063
41    24.791    26.672
42    24.863    27.484
43    22.486    32.578
44    23.312    19.769
45    19.036     18.56
46    17.399    26.423
47     26.71    19.642
48    28.036    27.001
49    31.515    33.345
50    29.827    33.704
51    24.854    26.524
52    20.988    22.619
53    23.207     36.32
54    19.467    19.007
55    23.134    25.101
56    21.986    35.047
57     20.54    19.683
58    32.034    30.045
59    23.285    26.982
60    20.563    26.689
61     4.334    88.028
62     9.586    92.292
63    13.976    83.711
64      6.65     84.89
65    19.487    91.033
66    15.116    85.009
67     6.469    84.159
68     18.47    81.886
69    12.124    79.914
70    17.076    80.857
71    18.858    80.492
72    15.527     83.57
73     6.032    79.821
74    15.177    81.188
75    11.009    82.574
76    20.934    79.141
77    12.338    79.656
78     11.19    83.975
79    22.814    85.148
80    12.206    79.196
81    61.446    50.245
82    56.648     60.13
83    60.745    51.885
84    61.771    47.397
85    57.374    49.158
86    67.205    53.739
87    56.511    57.428
88    62.192    47.744
89    61.204    64.208
90    60.739    54.618
91    59.222     52.94
92    64.684    58.796
93    53.151    53.339
94    60.478    56.489
95    58.885    47.842
96    63.364    61.807
97    64.221    55.794
98    67.143    54.482
99    57.839    55.213
100    59.105    62.287
