21 Stops, 400 Students, 20 Max_Walking, 25 Capacity, 5 Days 

0       1  1  1  0  0
1       1  1  1  0  1
2       0  1  1  0  1
3       0  0  0  1  1
4       1  0  0  0  1
5       1  1  1  1  1
6       1  1  1  0  1
7       1  1  0  0  0
8       1  0  0  1  0
9       1  0  1  0  0
10       1  1  1  0  1
11       1  0  1  0  1
12       0  0  0  1  1
13       0  0  0  1  1
14       0  1  1  1  0
15       0  0  1  1  0
16       0  1  0  0  1
17       0  1  1  0  0
18       1  0  1  0  1
19       0  1  1  0  1
20       0  0  1  1  0
21       0  1  0  1  0
22       1  0  1  0  0
23       0  0  1  0  1
24       0  1  0  1  0
25       1  0  1  1  0
26       0  1  0  0  1
27       1  1  0  0  0
28       1  1  0  0  1
29       0  0  1  1  0
30       0  0  1  1  0
31       0  0  1  0  1
32       1  1  0  0  0
33       1  1  0  0  1
34       1  1  0  0  0
35       1  0  0  0  1
36       1  1  0  0  1
37       1  1  1  1  1
38       0  0  1  1  0
39       0  1  1  0  1
40       1  0  0  1  1
41       1  0  0  1  1
42       0  0  1  0  1
43       0  0  1  1  1
44       0  1  1  0  0
45       1  1  1  0  0
46       1  0  0  0  1
47       0  0  1  1  0
48       0  0  1  0  1
49       1  1  0  1  0
50       1  0  1  1  0
51       1  0  0  1  0
52       1  1  0  0  0
53       0  0  1  0  1
54       0  0  1  0  1
55       1  1  0  1  1
56       1  1  1  0  1
57       1  0  0  1  0
58       1  1  0  0  0
59       1  1  1  1  1
60       1  1  1  1  1
61       1  1  0  0  0
62       1  0  1  0  0
63       1  0  0  0  1
64       1  0  0  1  0
65       0  1  0  1  1
66       1  1  1  0  1
67       0  0  0  1  1
68       1  0  1  1  1
69       1  0  1  0  1
70       1  0  1  1  0
71       0  0  0  1  1
72       1  0  0  1  0
73       1  0  0  0  1
74       0  1  1  0  0
75       1  1  1  1  0
76       0  1  0  1  0
77       1  0  0  1  1
78       1  0  1  0  0
79       0  0  1  0  1
80       0  0  0  1  1
81       1  0  1  1  1
82       1  1  1  1  1
83       1  1  1  1  1
84       0  0  0  1  1
85       0  1  1  1  0
86       0  1  0  0  1
87       0  1  1  0  0
88       0  1  1  0  0
89       0  1  1  0  0
90       0  1  1  1  0
91       0  1  1  1  0
92       0  0  1  1  1
93       1  1  0  0  1
94       1  1  0  1  0
95       1  1  0  1  0
96       1  1  1  1  1
97       0  0  1  1  0
98       1  0  0  0  1
99       1  1  0  0  0
100       0  0  0  1  1
101       1  1  1  1  1
102       1  1  0  0  0
103       1  1  1  1  0
104       0  1  1  1  0
105       0  0  1  0  1
106       0  0  1  0  1
107       0  1  1  0  1
108       1  1  1  0  0
109       1  0  1  1  1
110       1  0  0  0  1
111       0  0  1  1  1
112       1  0  0  0  1
113       0  0  1  1  0
114       1  0  0  1  1
115       0  1  1  0  0
116       0  0  1  1  0
117       0  0  1  1  1
118       1  1  1  1  1
119       0  0  1  0  1
120       1  0  1  1  1
121       0  1  1  0  0
122       1  0  1  0  0
123       0  0  1  1  0
124       1  0  1  1  0
125       0  1  1  0  0
126       0  0  1  0  1
127       0  0  0  1  1
128       1  0  1  0  0
129       1  0  1  1  0
130       0  1  0  1  1
131       0  1  0  1  1
132       1  1  0  1  0
133       0  0  1  1  0
134       1  0  1  1  1
135       0  0  1  1  0
136       1  0  1  0  1
137       1  0  1  1  1
138       0  1  0  0  1
139       0  0  1  1  1
140       0  1  1  0  1
141       1  0  1  1  0
142       0  0  1  1  0
143       1  0  1  1  1
144       0  0  1  0  1
145       0  1  1  1  1
146       0  1  1  1  1
147       1  0  0  1  1
148       1  1  1  0  0
149       0  1  1  0  1
150       1  1  0  1  1
151       0  1  0  0  1
152       0  0  0  1  1
153       1  1  0  0  1
154       1  1  1  1  0
155       0  1  1  1  0
156       0  1  1  0  0
157       0  0  1  1  1
158       0  1  1  1  1
159       1  0  0  1  0
160       0  1  0  0  1
161       1  0  0  1  0
162       0  1  0  1  1
163       0  0  1  1  1
164       0  1  1  0  0
165       1  1  0  0  0
166       0  1  1  1  0
167       1  1  0  0  1
168       1  1  1  0  1
169       0  0  1  0  1
170       0  1  1  0  0
171       1  1  1  1  1
172       0  1  1  1  1
173       1  1  0  1  1
174       0  1  1  0  1
175       0  1  0  1  1
176       1  0  1  0  1
177       1  1  1  0  0
178       1  0  1  1  0
179       1  1  0  1  1
180       1  0  1  1  1
181       0  1  1  0  0
182       1  1  0  0  1
183       0  1  0  1  1
184       1  0  0  1  1
185       1  1  0  0  1
186       1  0  1  1  0
187       1  1  1  1  0
188       1  1  0  0  0
189       1  0  0  1  0
190       0  1  1  0  0
191       0  1  1  1  1
192       0  0  1  1  1
193       1  0  1  1  1
194       0  1  0  1  1
195       1  0  1  0  0
196       0  1  1  0  0
197       0  1  1  1  1
198       0  1  0  1  0
199       0  1  0  1  0
200       0  0  1  0  1
201       0  1  1  1  1
202       1  1  1  0  1
203       1  0  0  1  0
204       1  0  1  1  0
205       0  1  0  0  1
206       1  1  0  0  1
207       0  1  0  0  1
208       1  1  0  0  0
209       1  1  0  1  1
210       0  0  1  1  0
211       0  1  0  1  0
212       0  1  0  0  1
213       1  1  1  1  1
214       1  0  0  1  1
215       0  0  0  1  1
216       0  1  0  1  0
217       0  0  1  1  1
218       1  1  1  0  1
219       1  1  1  1  1
220       1  0  1  1  1
221       0  1  0  1  1
222       1  0  1  0  0
223       1  0  0  1  0
224       1  0  1  1  1
225       1  0  0  0  1
226       1  1  0  0  1
227       1  1  0  0  0
228       0  1  0  1  1
229       1  0  1  1  0
230       1  0  1  0  1
231       0  0  1  1  1
232       0  1  1  0  1
233       0  1  1  0  0
234       1  0  1  1  0
235       0  1  0  1  1
236       1  1  0  1  0
237       0  0  1  0  1
238       1  0  1  0  1
239       0  1  0  1  0
240       1  0  1  1  1
241       1  0  1  1  1
242       1  1  1  1  0
243       1  1  0  1  1
244       0  0  1  1  1
245       1  0  1  0  0
246       0  1  1  1  0
247       0  1  0  1  0
248       0  1  0  1  1
249       0  1  1  1  1
250       0  0  1  1  0
251       0  1  1  0  0
252       1  1  0  0  0
253       1  1  1  0  1
254       0  1  1  0  1
255       1  0  1  0  0
256       1  0  1  0  0
257       1  1  1  0  1
258       1  0  0  0  1
259       0  0  1  1  1
260       1  1  0  1  0
261       1  1  0  0  1
262       1  0  1  1  1
263       1  1  0  0  0
264       1  0  0  0  1
265       0  1  0  1  1
266       0  0  1  1  0
267       1  0  1  1  1
268       0  1  1  0  0
269       0  1  1  0  1
270       1  1  0  1  0
271       0  1  1  0  1
272       0  0  0  1  1
273       1  1  1  1  0
274       0  0  1  1  0
275       1  0  0  1  1
276       1  0  1  1  0
277       1  0  1  1  1
278       1  1  1  0  1
279       1  0  0  0  1
280       1  0  1  1  0
281       0  1  0  0  1
282       0  1  0  0  1
283       1  0  0  1  0
284       1  0  0  0  1
285       1  1  1  0  1
286       1  0  1  1  0
287       1  0  1  1  1
288       1  1  1  1  0
289       1  1  1  0  0
290       1  1  0  1  0
291       1  0  1  0  0
292       0  1  0  1  1
293       0  1  0  1  0
294       1  1  1  1  0
295       1  1  0  0  1
296       0  0  1  1  0
297       1  1  0  0  0
298       1  0  0  1  0
299       0  1  0  1  1
300       0  0  1  1  1
301       1  0  1  1  1
302       0  1  1  1  0
303       1  1  1  0  1
304       1  1  1  1  1
305       0  1  1  1  1
306       1  0  1  1  1
307       0  1  0  0  1
308       0  1  1  0  1
309       0  1  1  0  1
310       0  0  1  1  0
311       0  1  0  0  1
312       1  1  1  1  0
313       1  1  0  0  0
314       1  0  0  1  1
315       1  0  0  1  0
316       1  0  0  1  0
317       1  0  0  0  1
318       1  1  0  1  0
319       1  1  0  0  0
320       0  1  1  1  1
321       1  1  1  1  1
322       1  0  1  1  1
323       0  1  1  0  0
324       1  0  0  1  1
325       0  1  1  0  1
326       1  0  1  1  0
327       1  1  1  1  1
328       1  0  1  1  0
329       0  1  1  1  0
330       0  1  1  0  0
331       0  1  1  0  0
332       1  1  1  0  1
333       0  1  0  1  1
334       1  0  1  0  0
335       0  0  1  1  0
336       1  0  1  1  0
337       1  0  0  0  1
338       0  1  1  1  0
339       0  1  1  1  0
340       1  1  1  0  1
341       1  0  0  1  0
342       1  1  1  0  1
343       0  0  1  0  1
344       1  1  1  1  0
345       1  1  0  0  0
346       0  0  0  1  1
347       1  1  0  0  1
348       0  1  1  1  1
349       0  0  1  1  0
350       1  1  1  1  1
351       0  0  1  1  1
352       1  0  1  0  0
353       1  1  1  0  0
354       0  1  1  1  1
355       0  1  0  1  1
356       1  0  0  1  1
357       0  1  0  1  0
358       1  1  0  0  0
359       1  1  0  0  1
360       1  1  1  0  0
361       1  1  0  0  1
362       0  1  1  1  1
363       1  1  0  0  1
364       1  0  1  0  1
365       0  1  1  0  0
366       1  0  0  1  1
367       1  0  0  1  1
368       0  0  1  1  0
369       1  1  0  0  1
370       0  0  1  0  1
371       0  1  1  0  1
372       1  1  1  0  0
373       0  1  1  1  1
374       1  1  1  1  0
375       1  0  0  1  1
376       1  0  1  0  0
377       0  1  1  0  0
378       1  0  0  1  1
379       0  1  1  0  1
380       1  0  0  1  1
381       1  0  1  0  0
382       1  0  0  1  1
383       1  1  1  0  0
384       1  1  1  0  1
385       0  1  0  1  1
386       0  1  0  1  0
387       1  1  1  1  0
388       1  1  0  0  1
389       0  1  1  1  0
390       0  1  1  1  1
391       0  0  0  1  1
392       0  1  0  1  1
393       0  0  1  0  1
394       1  1  0  1  1
395       1  1  0  0  1
396       1  1  1  1  1
397       1  0  1  0  0
398       0  1  0  0  1
399       1  1  0  1  0


0             50        50
1         73.764    79.521
2         39.342    21.277
3         35.059    47.649
4         54.503    24.016
5         46.518    66.588
6         22.138    70.647
7          45.54    71.903
8         77.352    38.696
9         74.011    27.792
10         72.354    73.684
11         45.601     77.45
12         56.417    47.375
13         42.125    35.878
14         48.289    28.022
15           51.5     23.95
16         34.314    46.508
17         63.844     22.91
18          38.32    63.838
19         58.092    78.647
20         22.547    72.631


1    69.358    67.172
2    86.163    92.664
3     87.79    86.287
4    54.657    75.845
5    76.029    78.979
6     69.27    65.063
7    75.994    80.176
8    70.565    91.101
9    71.096    81.352
10    69.948    91.763
11    68.419    72.652
12    72.107     84.58
13    80.289    60.873
14    60.679    70.623
15    67.852    70.552
16    67.559    75.128
17    69.715    80.163
18    71.022    62.849
19    79.309    98.195
20    92.695     83.67
21    40.514    21.985
22    41.322    36.227
23    34.813    29.247
24     43.47    22.568
25     39.08     5.126
26    44.595    24.717
27     40.04    23.006
28    42.451    27.467
29    38.157    12.151
30    45.791    28.635
31    44.706     6.609
32    36.992    20.755
33    39.154    20.115
34    33.307    22.556
35    34.719     4.689
36    35.175    37.234
37    39.313    21.369
38    29.642    31.252
39    44.251    35.016
40    42.869    23.051
41    50.216    55.885
42     30.79    47.793
43    38.083    51.321
44    20.474    37.064
45    34.036    52.565
46    31.704    61.296
47    37.383    52.488
48     36.55    30.695
49    32.214    43.805
50    30.599    54.148
51    48.734    52.206
52    27.891    38.491
53    27.207    42.747
54    33.944    48.042
55    19.005     54.43
56    33.923    48.028
57    31.847    44.688
58    35.039    47.629
59    31.059    43.004
60    48.636    37.328
61    54.256    24.066
62    56.142    21.365
63    48.846       4.9
64    48.219     26.79
65    56.399    24.128
66     54.81    23.203
67    47.723    35.389
68    71.693    29.454
69    53.203    39.688
70    59.694    21.127
71    41.945     23.81
72     36.55    20.589
73    60.886    26.002
74    57.029    20.749
75    71.504    18.924
76     63.67    14.784
77    54.927    26.487
78    62.968    39.083
79    54.938    33.295
80    73.569    25.488
81    46.505    66.472
82    36.556    77.571
83    54.866    53.184
84      43.8    75.248
85    47.686    66.105
86    51.149    72.037
87    50.357    56.598
88    49.577    64.977
89     37.74    69.157
90    59.103    64.602
91    48.305    64.198
92    47.608    67.177
93    56.264    68.957
94    48.309    70.731
95    44.529    53.861
96    40.357    63.486
97     36.07    79.455
98    48.572    67.037
99      42.8    67.029
100    45.075    68.964
101    19.885    65.843
102    12.356    82.872
103    35.349    80.264
104    24.061    68.857
105    12.587    77.813
106    35.077    84.152
107    22.593    90.398
108    32.623    68.118
109    35.493    78.272
110    25.852    65.375
111    14.863    56.368
112     28.95    57.171
113    15.018    83.796
114    26.594    67.258
115    11.731    86.991
116     21.84    52.835
117    15.299    66.115
118    27.596    77.491
119    23.591    76.791
120    14.755    65.139
121    43.175    71.955
122    55.009    79.846
123    42.974    60.608
124    47.641    67.175
125    49.474    59.634
126    55.625    82.117
127    42.449    72.684
128    44.779    72.036
129    42.363      72.8
130    38.462    63.864
131    56.325    66.648
132     37.17    76.796
133    45.616    71.813
134    45.287    69.546
135    56.255    55.872
136    44.756    71.611
137    45.465    71.671
138    42.915     91.27
139    48.487    70.307
140    43.921    67.392
141    75.946    41.015
142      74.7    29.834
143    73.193    45.683
144    79.066    35.117
145    89.376    41.413
146     94.15    43.252
147    80.363    41.741
148    78.109    38.551
149     78.33    38.925
150    67.555    52.428
151    93.818    41.764
152    88.718    31.759
153    77.344    38.849
154    91.931    36.534
155    66.433    22.283
156    75.088    40.367
157    89.871     52.08
158     81.95    36.715
159     76.34    38.045
160    81.727    25.547
161    78.671    42.862
162    71.071    29.891
163    74.425    28.359
164    81.573     34.32
165    64.375    30.589
166    73.735    39.339
167    63.021     43.54
168    73.775    29.344
169    63.137    35.579
170    75.411    27.734
171    69.608    31.562
172    79.394    24.968
173    58.784    40.185
174    73.973    27.842
175    69.814    33.184
176    78.774    21.752
177    85.645    40.498
178    67.173    33.326
179    65.939     18.14
180    74.034    23.972
181    89.558    75.328
182    69.402    73.617
183    75.041    73.199
184    74.584    73.904
185    79.773    68.542
186     78.68     84.22
187    71.853    65.656
188    76.288    79.038
189    88.938    79.928
190    73.795    64.188
191    79.258    58.885
192    71.609    70.384
193    77.733    74.168
194    74.291    83.795
195     73.53    64.292
196    83.545    59.274
197    75.336    72.505
198    61.528    79.382
199    78.478    86.709
200    60.025    67.923
201    39.624    87.434
202    44.837    83.421
203    28.489    70.205
204    48.151    77.188
205    33.814    70.675
206    45.382    77.035
207    43.551    68.896
208    41.888    75.271
209    47.067    76.837
210    39.384    79.754
211    42.623    78.211
212     54.55    92.859
213    60.849    72.643
214    45.665    77.426
215    47.717    83.302
216    52.012    86.549
217    45.213    73.551
218      44.3    87.899
219    46.278     78.44
220    46.751    93.287
221    61.817    38.193
222    68.256    59.856
223     55.09    52.283
224     56.02    47.427
225    44.377    48.745
226    48.845    29.623
227    61.209    46.766
228    60.401      58.8
229    75.303     41.33
230    75.259    51.959
231    57.721    49.471
232    59.499    36.557
233    53.085    48.478
234     45.46    63.979
235    42.529    49.998
236    42.523      33.6
237    65.515    37.858
238    73.193    42.393
239     68.32    39.388
240    66.326    38.331
241    57.034    38.809
242     38.29    48.953
243    42.665    33.654
244    43.738    42.669
245    53.448    35.258
246    48.977    30.578
247    56.601    35.912
248    47.337    21.662
249    37.345    38.427
250    27.989    42.044
251    42.398    27.706
252    44.246    41.429
253    33.161     25.04
254      37.6     48.34
255     39.16    31.805
256    25.173    37.175
257    35.051    38.915
258    37.796    34.443
259    49.604    39.233
260    36.492    30.728
261    30.882    18.494
262    50.477    30.005
263    51.534    27.834
264    63.022    21.507
265    55.548    24.783
266    43.916    17.166
267    53.017    30.807
268    35.536    38.369
269    57.013    26.181
270    50.412     9.089
271    56.036    26.236
272    31.532    37.344
273    65.043    29.323
274    41.697    29.909
275    61.682    29.045
276    41.431    45.528
277    52.675    12.725
278    44.349    26.317
279     39.52    24.727
280    35.079    22.741
281     54.84    36.797
282    48.301    21.679
283    55.936     14.27
284    59.681    18.494
285    59.462    29.893
286    51.806    17.898
287     53.34    24.501
288    44.485    23.279
289    65.692    32.784
290    50.968    23.766
291    49.352    22.387
292    51.048     28.21
293    61.121    19.581
294     38.58    23.432
295    52.618    27.117
296    51.397    27.678
297    49.177    12.491
298    64.508    12.701
299    56.344    17.512
300    55.125    20.855
301    31.385    42.862
302    33.945    46.674
303    34.743    47.523
304    35.702    29.374
305    29.799    40.651
306     32.94    54.551
307    35.863    32.253
308    26.923    44.907
309    43.291    46.753
310    40.749    46.141
311     42.22    46.605
312    36.141    52.483
313    30.159    65.149
314    38.635    65.021
315    33.428    38.485
316     48.63    60.328
317    33.241    41.978
318    33.144    47.213
319    34.737    40.962
320    37.427    58.161
321    63.821    23.485
322    76.736    36.079
323    48.714    10.614
324    60.398     23.51
325    77.081    22.515
326    64.914      27.2
327    68.481    22.744
328    66.735    23.046
329    67.999    22.042
330    80.882    27.087
331     55.06    29.852
332    72.741     36.03
333    76.264    27.683
334    56.798    35.311
335    66.521    27.095
336    65.566    38.743
337    78.895    33.448
338    64.281    20.885
339     80.87    21.566
340    51.683    15.156
341    33.367    79.645
342    29.435     45.98
343    20.339    65.977
344    49.086    61.372
345     38.19    64.041
346    34.937    58.662
347      39.8    63.979
348    19.989    71.208
349    33.831     65.62
350    30.962    70.904
351    18.499    61.964
352    44.675     82.44
353    51.192    75.312
354    24.528     57.14
355    39.469    63.058
356    48.873    59.669
357    42.098    68.808
358    21.224    70.503
359    37.913    70.926
360    37.073    70.587
361    41.584    74.569
362    68.687    85.979
363     64.01    67.168
364    72.252    92.235
365    66.217    93.667
366    68.127    92.594
367      65.4    76.023
368    63.358    90.375
369    54.656    87.541
370    49.315    73.824
371    61.114     85.48
372    58.375    76.858
373    48.079    91.238
374    58.003    78.862
375    44.918    84.962
376    55.513    64.939
377    67.357    78.315
378    55.082    89.338
379    61.754    78.188
380    43.852    64.755
381    30.444    75.345
382    29.596     90.76
383    22.129    71.804
384     6.129    75.189
385    22.495      72.7
386    17.168    78.431
387    28.653    74.692
388     14.83    83.691
389    23.629    78.452
390    16.747    91.038
391    20.927    61.781
392    22.632    73.642
393    26.407    69.006
394    26.977    69.517
395    21.744    72.462
396    33.958    72.485
397    24.514    68.116
398    34.109    87.057
399    19.172    64.078
400    25.867    61.511
