41 Stops, 200 Students, 5 Max_Walking, 25 Capacity, 5 Days 

0       1  1  0  0  0
1       1  1  1  0  0
2       0  1  0  1  1
3       0  1  0  1  1
4       0  1  1  0  0
5       1  0  1  0  0
6       1  1  1  1  1
7       1  1  0  0  1
8       0  1  1  0  1
9       1  0  1  0  1
10       1  1  1  1  1
11       0  0  1  0  1
12       0  1  1  1  1
13       1  1  1  0  1
14       1  1  0  0  0
15       0  1  1  1  1
16       0  1  1  1  0
17       0  1  0  0  1
18       1  1  1  0  1
19       1  0  1  0  0
20       1  0  0  1  1
21       0  1  1  0  0
22       1  0  0  1  0
23       1  1  1  1  1
24       0  1  0  0  1
25       0  1  0  1  1
26       0  1  1  0  1
27       0  1  1  1  0
28       1  1  0  0  0
29       1  1  0  1  1
30       0  1  0  0  1
31       0  0  1  0  1
32       1  1  0  1  1
33       1  1  1  0  0
34       0  1  1  0  1
35       1  0  0  1  1
36       0  1  1  1  0
37       0  1  1  1  0
38       0  1  0  1  0
39       1  0  1  1  0
40       0  1  1  1  0
41       0  1  0  1  0
42       1  1  1  0  1
43       1  0  1  0  0
44       1  0  1  0  1
45       0  0  1  1  1
46       1  1  1  1  1
47       1  0  0  1  1
48       0  0  1  1  1
49       1  0  1  1  0
50       1  0  1  0  1
51       1  0  1  0  1
52       1  1  1  0  1
53       0  0  0  1  1
54       0  0  1  0  1
55       1  1  0  1  0
56       0  1  1  1  1
57       0  0  1  0  1
58       1  1  0  0  0
59       1  1  1  0  1
60       1  0  1  1  0
61       0  1  0  1  1
62       1  0  0  1  0
63       0  1  0  0  1
64       0  1  0  0  1
65       1  1  0  0  0
66       0  0  1  0  1
67       1  1  1  0  1
68       0  0  1  0  1
69       1  1  1  1  0
70       0  0  1  0  1
71       0  1  0  1  0
72       1  0  1  1  0
73       0  1  0  0  1
74       0  1  0  1  0
75       1  0  0  1  0
76       1  1  0  0  1
77       1  1  0  1  0
78       1  1  0  0  0
79       0  0  0  1  1
80       1  1  0  0  0
81       1  1  1  0  0
82       0  0  0  1  1
83       0  0  1  1  0
84       1  0  1  0  1
85       1  1  1  0  1
86       1  1  0  0  1
87       1  1  0  1  1
88       0  1  1  0  1
89       0  1  1  1  0
90       1  1  1  1  1
91       1  1  1  0  1
92       1  1  0  0  1
93       0  0  1  0  1
94       1  0  1  1  1
95       0  1  0  0  1
96       1  0  1  0  0
97       1  1  0  0  0
98       0  1  0  0  1
99       1  1  1  0  0
100       1  0  1  0  0
101       1  1  0  1  0
102       0  1  0  1  1
103       0  1  0  1  1
104       1  0  1  0  0
105       1  0  1  1  1
106       1  0  1  1  1
107       1  1  0  1  1
108       0  1  0  1  1
109       0  1  0  1  1
110       1  1  1  0  1
111       1  0  0  1  1
112       0  1  1  0  1
113       1  1  0  0  0
114       1  0  0  1  0
115       1  1  0  0  1
116       1  0  1  1  0
117       0  0  0  1  1
118       1  0  0  1  0
119       1  1  0  1  1
120       0  1  0  1  0
121       0  1  1  0  0
122       1  1  0  0  1
123       1  0  0  1  1
124       1  0  1  0  1
125       1  0  0  1  1
126       1  0  0  1  1
127       1  1  0  1  0
128       1  1  1  1  0
129       0  0  0  1  1
130       0  1  1  0  0
131       0  0  0  1  1
132       1  1  1  0  0
133       1  0  1  1  0
134       1  1  1  1  1
135       1  1  1  1  1
136       1  0  1  1  1
137       1  0  1  1  1
138       1  1  1  1  0
139       0  0  1  1  0
140       0  0  0  1  1
141       0  1  1  1  0
142       1  1  0  0  1
143       1  1  1  1  0
144       0  0  0  1  1
145       1  1  1  0  0
146       0  1  1  0  0
147       0  1  0  1  1
148       1  0  0  0  1
149       1  0  0  1  0
150       1  1  0  1  0
151       1  0  1  1  0
152       0  1  1  0  1
153       1  1  1  0  0
154       1  1  1  0  1
155       1  1  0  0  0
156       0  0  1  0  1
157       0  0  1  1  1
158       0  1  1  1  1
159       1  0  1  0  1
160       0  1  0  0  1
161       1  1  0  1  1
162       1  0  1  0  1
163       1  0  1  0  0
164       1  0  1  1  1
165       1  0  1  1  0
166       1  1  0  1  1
167       1  0  1  1  0
168       1  1  0  0  0
169       1  0  1  0  0
170       1  1  0  0  0
171       1  0  1  0  0
172       0  1  1  0  1
173       0  1  0  1  1
174       0  0  1  0  1
175       0  1  1  1  0
176       1  0  1  0  1
177       0  1  1  0  1
178       1  1  0  1  1
179       0  0  0  1  1
180       0  0  0  1  1
181       1  1  1  1  1
182       0  1  1  1  0
183       0  0  1  0  1
184       1  1  1  0  1
185       0  0  1  0  1
186       0  1  0  0  1
187       0  1  1  0  0
188       0  1  1  1  1
189       0  0  1  1  1
190       1  1  0  0  1
191       1  1  1  1  0
192       1  0  1  1  0
193       1  1  0  0  0
194       0  1  1  0  1
195       0  1  1  0  1
196       1  1  1  0  0
197       1  1  0  0  0
198       0  1  1  1  1
199       0  1  0  0  1


0             50        50
1         16.118    86.072
2         45.323    62.357
3         45.226    36.392
4         38.118    23.125
5          7.093    77.952
6         32.469    77.265
7         74.317    20.187
8         79.564    27.983
9         63.386    35.556
10         70.839    70.458
11         17.493    34.221
12         43.372    25.187
13         61.154    46.588
14           34.4    17.729
15         13.976    10.554
16          7.964    67.505
17         53.889    69.161
18         92.231    84.352
19         86.766     5.096
20          5.701    73.226
21         23.359    36.267
22         55.894    38.851
23         53.623    71.993
24         94.632    83.935
25         45.037    70.213
26         12.413    33.836
27         68.115    10.323
28         19.782    14.506
29         19.348    73.696
30         20.082    77.123
31         43.988    33.048
32          54.87     41.93
33         30.588    28.848
34         19.126    19.056
35         72.266    53.107
36         65.639    92.322
37         81.854     5.925
38         32.599    70.529
39         85.133    82.614
40         40.071    50.505


1    17.301    88.012
2    14.169    87.934
3     17.28    85.109
4    13.842    84.786
5    17.513    85.954
6    45.516    61.855
7    45.297      62.4
8    42.945    63.391
9    42.017     63.76
10      45.2    59.171
11    45.247    36.026
12    43.114    38.649
13    46.903     34.53
14    42.356    35.516
15    41.913    38.059
16     35.28     21.06
17    38.191    24.964
18    40.184    26.832
19    41.088    25.457
20    40.662    21.675
21     8.593    81.802
22     6.324    78.438
23     8.704    80.785
24     8.475    77.851
25     6.995    78.313
26    31.552    79.647
27     33.47    77.671
28    32.536    76.997
29    32.994     74.89
30    35.162    76.135
31    73.853    20.589
32    74.278    20.311
33    74.361    17.191
34    74.294    24.639
35    74.382    17.876
36    81.606    28.103
37    79.491    28.273
38    77.585    28.768
39    78.943    28.072
40    82.064     31.15
41    62.527    35.281
42    63.101    35.139
43    65.789    37.662
44    64.818    33.909
45    61.329    37.681
46    71.756    71.064
47    66.763    67.972
48    69.268    67.153
49    71.726     73.41
50    71.601    71.063
51    17.622    32.738
52    16.901    34.691
53    17.451    34.281
54    17.082    34.677
55    18.497    33.826
56    38.987    24.566
57    43.734    25.198
58    43.812     20.78
59    46.913    27.417
60    43.647    25.103
61    62.035    46.063
62    60.882    47.218
63    64.985    47.092
64    60.651     43.03
65     59.74    45.639
66    31.628    15.494
67    37.257    17.246
68    32.589    16.506
69    31.651    16.093
70    34.322    21.382
71    15.173     6.202
72    16.679    14.407
73     15.75    12.995
74    13.902    10.514
75    14.883    11.202
76    10.457     71.81
77     4.821    70.215
78     8.267    67.573
79     8.819    70.211
80     8.198    66.438
81    54.277     73.96
82    52.733    68.929
83    56.464    68.908
84    54.025    69.008
85     52.75    68.519
86    92.568    82.078
87    90.306    86.286
88    93.356    88.643
89    93.293    85.224
90     91.47    86.325
91    85.913     7.394
92    85.368     6.766
93    91.197     6.659
94    83.237     6.361
95    86.814     5.114
96     5.832    73.704
97     5.099    77.335
98     4.589    74.942
99     7.969    73.147
100     8.403    73.733
101    25.547    32.436
102    22.955    36.415
103    21.557    35.442
104    27.288     33.48
105    21.962    36.008
106    55.149    41.414
107    59.194    42.019
108     55.41    38.795
109    58.191    40.667
110    56.979    42.879
111    53.589    71.984
112    53.381    72.043
113    50.792    73.091
114      54.9    72.703
115    54.721    71.471
116    95.985    83.619
117    93.548    87.575
118    95.219    84.019
119    94.395    87.969
120    93.157    84.604
121    46.812    69.981
122    42.683    71.572
123    45.445    68.446
124    44.555    71.643
125    45.687    72.766
126    10.299    34.742
127    12.114    37.787
128    10.308    30.032
129    14.549    36.711
130    17.334    33.552
131     69.18    11.873
132    71.388      9.55
133    67.646     11.49
134    68.272     8.331
135    72.052    12.071
136    23.123    16.486
137    19.646    14.794
138    20.949    13.411
139    18.016    15.741
140    18.011    15.086
141    20.013    76.487
142    17.264    70.651
143    18.141    70.327
144    20.235    69.827
145    18.713    75.416
146    18.015    80.239
147    15.544    75.148
148    23.994    77.462
149    16.269    77.564
150    15.294    78.386
151    43.846    29.962
152    48.099    35.749
153    43.936    33.038
154    43.958    33.103
155    44.282     30.73
156    54.152    38.202
157    55.206    42.177
158     56.08    41.855
159    54.315    41.811
160    55.024     40.95
161    26.608    28.562
162    27.477    27.879
163    31.871     29.23
164    30.078    27.083
165    30.217    27.822
166    19.635    15.763
167    21.249    19.182
168    20.711    18.989
169    22.154    18.442
170    20.073    18.345
171    71.068    54.923
172    70.423    51.365
173    73.086    54.076
174    74.017    54.493
175    77.051    52.871
176    66.092    91.891
177    65.017    91.154
178    67.449    89.612
179    62.646    89.415
180    65.674    92.136
181    86.099     3.293
182    80.189      7.02
183    85.585     5.952
184    80.013     1.366
185    78.609     4.547
186    33.454    74.871
187    32.625    70.537
188    36.382    71.718
189    33.941    69.418
190    31.299     71.68
191    85.003     83.89
192    81.691    83.888
193    83.878    84.843
194    85.752    82.955
195    81.326    81.169
196    37.788     48.27
197    40.065    50.514
198    43.186    50.328
199    39.741    49.148
200    38.669    47.783
