21 Stops, 100 Students, 20 Max_Walking, 50 Capacity, 5 Days 

0       1  1  1  1  0
1       1  0  0  0  1
2       0  1  0  1  1
3       1  1  0  0  0
4       0  1  1  0  1
5       1  0  0  0  1
6       0  1  1  0  0
7       1  1  0  1  0
8       1  0  0  0  1
9       1  0  0  0  1
10       1  1  1  0  0
11       1  1  0  0  1
12       0  0  1  0  1
13       1  1  1  0  0
14       1  1  1  1  0
15       1  1  1  0  1
16       1  0  1  1  0
17       0  1  1  1  1
18       1  1  0  1  0
19       1  1  1  1  1
20       0  0  0  1  1
21       1  1  1  1  0
22       1  0  0  0  1
23       0  1  1  0  1
24       1  1  1  1  0
25       0  1  1  1  1
26       0  1  1  1  1
27       1  0  1  1  0
28       1  0  1  1  0
29       1  0  1  1  1
30       0  1  1  1  1
31       0  1  0  1  0
32       1  1  1  0  0
33       0  1  0  0  1
34       1  0  1  0  1
35       0  0  1  1  0
36       1  1  0  0  0
37       1  1  0  1  0
38       1  1  0  0  0
39       1  1  1  0  0
40       1  0  0  1  1
41       0  0  1  1  0
42       1  0  1  1  0
43       1  1  0  0  0
44       0  0  0  1  1
45       1  0  1  0  1
46       1  0  0  0  1
47       1  1  1  1  1
48       1  0  0  1  0
49       1  0  1  1  1
50       1  1  1  1  1
51       1  0  1  0  0
52       1  0  0  0  1
53       0  1  1  0  1
54       1  0  1  1  1
55       1  1  0  0  1
56       1  1  0  0  0
57       1  1  0  1  1
58       1  1  1  1  1
59       1  1  1  0  0
60       1  1  1  1  0
61       1  0  0  0  1
62       0  0  1  0  1
63       0  1  0  1  1
64       0  1  0  1  0
65       0  1  1  0  1
66       0  0  1  1  0
67       1  0  1  1  1
68       0  1  0  1  0
69       1  1  1  1  1
70       1  1  0  0  1
71       0  1  0  1  1
72       1  0  1  1  0
73       1  0  1  0  1
74       1  1  1  0  1
75       0  0  0  1  1
76       1  1  0  0  0
77       1  0  0  1  1
78       0  0  0  1  1
79       1  1  1  0  1
80       0  1  1  1  0
81       0  0  1  1  0
82       1  0  1  1  1
83       0  1  1  1  0
84       1  0  0  1  0
85       0  0  0  1  1
86       0  0  1  1  0
87       0  1  1  1  1
88       1  1  0  0  0
89       1  1  1  0  0
90       0  1  0  1  0
91       0  1  0  1  1
92       1  1  1  0  1
93       0  1  1  0  1
94       0  1  1  0  0
95       0  1  0  0  1
96       1  1  1  0  1
97       1  1  0  1  1
98       1  0  1  0  0
99       1  1  0  0  1


0             50        50
1          62.29    70.924
2         30.671    53.234
3         71.811    40.779
4         71.332    30.379
5           50.8    42.475
6         22.273    73.665
7          73.41     38.82
8         69.018    43.515
9         33.756    70.513
10         20.235    52.061
11         31.585    60.199
12         52.854    55.185
13         34.715    30.198
14         30.884    73.809
15         46.758    43.771
16         23.291    70.086
17         56.953     41.01
18         46.271    52.681
19         51.179    29.363
20         33.631    55.606


1    76.989    83.932
2     46.69    68.954
3    63.173    69.759
4    73.508    74.967
5    80.728    68.641
6     33.17     52.33
7    37.361    45.581
8    27.641    54.381
9    12.564    53.035
10    24.415    46.782
11    84.463    53.602
12    73.545    42.496
13    86.597    43.919
14    69.577    41.089
15    81.402    40.491
16    71.159    33.772
17    65.898    14.842
18    69.684    29.866
19     70.67    20.224
20    74.341    29.932
21    47.997    42.485
22     58.69    57.788
23    52.924    22.666
24    40.703    54.696
25    48.227    26.871
26    15.862    71.271
27    16.445    75.819
28    22.099    55.042
29    25.878     79.98
30    31.494    68.611
31     83.11    43.288
32    71.953    40.337
33    58.632    48.333
34    69.351    19.483
35    82.535    47.151
36    87.407    45.254
37    61.582    42.384
38    63.661    40.189
39    64.488     32.44
40    75.351    34.908
41    34.663    57.236
42    28.156    77.766
43    15.191    64.178
44    23.455    59.211
45    34.897    67.047
46    19.933    52.721
47    30.476    39.998
48    19.076    48.687
49    12.809    52.464
50    19.575    52.351
51    51.353    61.219
52    41.913    46.604
53    41.736    48.928
54    42.358    56.183
55    34.756    59.707
56    38.073    63.122
57    50.609    65.465
58     53.63     50.16
59    57.549    61.753
60    51.136     57.89
61    36.819    20.574
62    34.797     27.21
63    32.517    49.329
64     35.71    32.701
65    31.581    22.782
66    30.781    73.892
67    33.281    75.338
68    32.897    76.966
69    15.296     64.75
70     24.44    77.803
71    46.503    44.065
72    52.238    43.558
73    41.257    42.515
74    49.609    30.427
75    44.995    45.461
76    33.844    56.553
77    14.463    68.068
78    38.257    64.312
79    40.711    63.129
80    21.525    61.358
81     50.07    40.638
82    64.456    43.265
83    44.125    26.776
84    57.362    42.306
85     63.24    39.438
86    44.276    52.842
87    43.594    47.875
88    45.293    47.763
89    47.097    50.168
90    44.604    38.355
91    58.532    36.173
92    51.338    21.306
93    64.537    42.822
94    46.857    11.701
95    54.896    36.981
96    32.616    47.467
97    42.345    49.529
98    17.111    46.163
99    40.899    72.822
100    33.565    57.622
