21 Stops, 400 Students, 10 Max_Walking, 25 Capacity, 5 Days 

0       0  1  1  1  1
1       0  1  1  0  1
2       1  0  1  0  1
3       1  1  1  1  0
4       1  0  0  0  1
5       0  0  1  1  0
6       1  0  0  1  0
7       0  0  1  1  1
8       0  1  0  0  1
9       0  1  0  1  1
10       0  1  0  1  0
11       1  1  0  1  1
12       0  0  1  1  1
13       1  1  1  1  1
14       0  0  1  1  1
15       0  0  1  0  1
16       0  1  0  0  1
17       1  1  0  0  1
18       1  1  0  1  0
19       1  0  0  0  1
20       1  1  1  1  0
21       1  0  1  0  1
22       0  0  0  1  1
23       0  0  1  0  1
24       0  1  0  1  1
25       1  1  0  0  1
26       0  1  1  1  0
27       1  1  1  1  1
28       1  1  1  0  0
29       0  1  0  1  0
30       1  1  1  0  1
31       0  1  1  0  1
32       1  1  0  1  1
33       1  0  1  1  0
34       1  0  1  0  0
35       1  0  1  1  1
36       0  0  0  1  1
37       1  1  1  0  0
38       1  0  1  1  0
39       1  0  0  1  0
40       1  1  0  1  0
41       1  0  0  0  1
42       0  0  0  1  1
43       1  0  1  0  1
44       1  0  1  1  1
45       0  0  1  0  1
46       0  0  1  1  1
47       1  1  1  0  1
48       1  0  0  0  1
49       0  1  1  1  0
50       1  1  0  1  0
51       1  1  0  0  0
52       0  1  1  0  1
53       1  0  0  1  0
54       0  1  0  1  0
55       0  1  0  0  1
56       1  0  0  0  1
57       1  1  0  0  1
58       1  1  1  0  1
59       1  0  1  0  0
60       0  0  1  1  1
61       1  1  0  0  1
62       0  0  0  1  1
63       0  1  0  0  1
64       0  1  0  0  1
65       0  1  1  0  1
66       0  1  1  0  1
67       1  1  0  1  1
68       1  1  0  0  1
69       0  1  1  1  1
70       1  1  1  0  0
71       1  0  0  1  1
72       0  1  0  0  1
73       0  1  1  0  0
74       0  0  1  1  1
75       0  1  0  1  1
76       0  1  1  1  1
77       0  0  1  1  1
78       0  0  0  1  1
79       1  0  0  1  0
80       0  0  1  1  1
81       1  1  0  1  1
82       0  1  1  0  1
83       1  1  1  1  0
84       1  1  0  0  0
85       1  0  0  0  1
86       1  1  0  1  1
87       1  1  1  1  0
88       1  0  1  0  1
89       1  1  1  0  1
90       0  1  0  1  1
91       0  1  1  0  0
92       0  1  0  1  0
93       0  1  1  1  1
94       1  1  0  1  0
95       0  1  0  1  1
96       0  1  1  1  0
97       0  0  1  0  1
98       1  1  0  0  1
99       1  1  1  1  0
100       1  1  1  0  0
101       1  0  1  0  1
102       0  1  0  1  1
103       1  1  1  1  1
104       0  1  1  1  1
105       1  1  0  0  0
106       0  1  1  0  0
107       1  1  0  0  1
108       1  0  0  1  0
109       1  0  1  1  0
110       0  1  1  0  1
111       0  1  1  0  1
112       0  1  1  1  0
113       0  1  0  1  0
114       0  1  1  0  0
115       1  0  0  0  1
116       0  0  1  0  1
117       1  0  1  1  0
118       0  1  1  1  0
119       1  0  1  1  1
120       0  1  1  1  1
121       1  0  1  1  1
122       1  1  0  1  0
123       0  1  1  0  1
124       1  0  1  0  1
125       1  1  0  1  0
126       1  1  1  0  1
127       1  1  1  0  1
128       0  1  1  1  1
129       0  1  1  0  0
130       1  0  1  0  1
131       1  1  1  1  0
132       1  0  1  1  1
133       1  1  0  0  1
134       0  1  0  1  0
135       1  0  1  0  0
136       1  1  1  0  0
137       1  1  0  1  1
138       0  0  1  1  0
139       1  0  1  0  0
140       1  0  1  1  1
141       1  0  1  0  0
142       1  0  1  0  0
143       1  0  0  1  0
144       1  1  1  0  1
145       1  0  0  1  1
146       0  1  0  1  1
147       0  0  1  1  0
148       1  1  0  1  0
149       1  1  1  1  0
150       1  1  1  1  1
151       1  0  0  1  0
152       1  1  1  0  1
153       1  1  0  0  0
154       1  1  0  1  0
155       1  0  0  1  1
156       1  1  1  0  0
157       1  1  0  0  1
158       1  0  1  0  0
159       1  0  1  0  0
160       0  1  1  0  0
161       1  0  1  0  0
162       0  1  0  1  1
163       1  1  0  0  0
164       0  0  1  1  1
165       0  1  1  0  1
166       1  1  1  1  0
167       0  1  1  1  1
168       0  1  0  1  1
169       1  0  0  0  1
170       1  0  0  1  1
171       1  1  1  1  0
172       0  1  1  1  1
173       1  1  0  1  0
174       1  1  1  0  0
175       1  1  0  0  0
176       0  0  1  1  0
177       1  1  0  0  1
178       1  1  1  1  0
179       1  0  1  0  0
180       1  1  0  1  1
181       0  0  1  1  0
182       1  1  0  0  1
183       1  1  0  0  0
184       0  0  0  1  1
185       0  1  0  1  0
186       1  1  0  1  0
187       1  1  0  0  1
188       1  1  0  0  1
189       1  0  1  1  1
190       1  1  0  1  1
191       0  0  1  0  1
192       1  1  0  1  1
193       1  0  1  1  0
194       0  1  1  1  1
195       1  1  1  0  0
196       1  1  0  0  0
197       1  1  0  1  1
198       1  0  0  1  0
199       1  1  1  0  1
200       0  1  0  1  1
201       1  0  1  0  0
202       1  0  0  0  1
203       0  1  0  0  1
204       0  1  0  1  0
205       1  0  0  1  1
206       1  0  1  0  0
207       0  1  0  1  0
208       1  0  0  1  0
209       1  1  1  0  0
210       1  0  0  1  0
211       1  1  0  1  1
212       0  0  1  1  1
213       1  0  1  1  0
214       0  1  0  0  1
215       0  0  1  1  0
216       1  1  0  1  1
217       0  1  0  1  0
218       1  1  0  1  1
219       1  1  0  1  1
220       0  1  0  0  1
221       1  1  0  1  0
222       0  1  0  1  1
223       0  0  1  1  0
224       1  1  0  0  0
225       0  0  1  1  1
226       0  1  1  1  1
227       1  1  1  1  1
228       0  0  1  0  1
229       1  0  1  1  0
230       0  0  1  1  1
231       1  1  0  1  0
232       0  1  0  1  1
233       0  1  0  0  1
234       0  0  1  1  0
235       1  1  1  1  0
236       1  0  1  0  0
237       1  0  0  1  1
238       1  1  1  0  0
239       1  1  1  1  0
240       1  1  1  0  0
241       0  1  1  0  0
242       1  0  1  1  1
243       0  1  0  1  1
244       1  1  1  1  0
245       1  1  1  1  0
246       0  1  1  1  1
247       0  1  1  0  0
248       0  1  1  0  0
249       1  0  0  1  1
250       1  0  1  1  1
251       1  1  0  0  0
252       0  0  1  0  1
253       1  0  0  1  1
254       1  0  0  1  0
255       0  0  1  0  1
256       0  0  1  1  1
257       1  1  1  1  0
258       1  1  0  0  0
259       0  1  1  1  1
260       1  0  1  1  0
261       0  0  1  1  0
262       1  0  1  1  1
263       0  1  1  1  1
264       1  0  0  1  1
265       0  1  0  1  0
266       0  1  1  0  0
267       1  1  0  0  0
268       1  0  1  0  1
269       0  0  0  1  1
270       1  1  1  1  1
271       1  0  1  0  0
272       1  0  1  1  0
273       1  1  0  0  0
274       0  0  1  1  1
275       1  0  1  1  1
276       1  1  0  0  0
277       1  0  1  1  0
278       0  0  0  1  1
279       0  1  0  1  1
280       1  0  0  1  0
281       1  1  0  1  0
282       1  0  1  0  1
283       0  1  0  1  0
284       1  1  0  1  0
285       0  0  1  1  0
286       1  1  0  1  0
287       0  1  0  0  1
288       1  1  1  0  1
289       1  0  0  1  1
290       1  1  0  0  1
291       0  1  0  0  1
292       1  0  0  0  1
293       0  1  1  1  1
294       1  1  1  0  0
295       1  1  1  1  1
296       0  1  1  0  1
297       1  0  0  1  0
298       1  1  0  0  1
299       1  1  0  1  0
300       0  0  0  1  1
301       1  1  0  0  1
302       1  1  1  1  1
303       1  0  0  1  1
304       1  0  1  1  1
305       0  0  1  0  1
306       1  1  0  1  0
307       1  0  1  1  1
308       1  1  0  0  0
309       1  1  0  0  0
310       0  1  1  0  0
311       1  0  0  0  1
312       0  0  1  1  1
313       1  1  1  1  0
314       1  0  0  1  1
315       1  1  0  1  0
316       1  0  1  1  0
317       0  1  1  0  0
318       1  0  1  1  0
319       1  1  0  1  0
320       0  1  1  0  0
321       1  0  1  1  1
322       1  1  0  1  0
323       1  0  0  1  0
324       1  0  0  1  0
325       0  1  0  1  1
326       1  1  1  0  1
327       1  0  0  0  1
328       1  1  1  1  0
329       0  1  0  1  0
330       0  1  0  1  0
331       1  1  0  1  1
332       0  0  1  1  0
333       0  0  1  1  0
334       1  1  0  0  1
335       1  1  1  1  0
336       1  0  0  1  0
337       0  0  1  0  1
338       0  1  0  1  0
339       0  1  0  0  1
340       1  1  1  1  0
341       1  0  0  0  1
342       1  1  0  1  1
343       1  1  1  0  1
344       1  0  0  1  0
345       1  1  0  1  0
346       0  0  1  1  0
347       1  0  1  0  0
348       0  1  1  0  1
349       1  1  1  1  1
350       0  0  0  1  1
351       1  1  0  0  0
352       1  0  0  1  0
353       0  0  1  1  1
354       0  1  0  1  0
355       1  0  0  0  1
356       1  0  1  0  1
357       1  1  0  0  0
358       0  1  1  1  1
359       1  0  0  1  0
360       0  0  1  0  1
361       0  1  0  0  1
362       0  0  1  1  1
363       1  1  1  0  0
364       1  1  1  0  1
365       0  1  0  1  1
366       0  1  1  1  1
367       0  1  1  0  1
368       0  1  0  1  0
369       1  1  1  0  0
370       1  0  1  1  1
371       1  0  0  0  1
372       1  1  1  1  0
373       0  1  0  0  1
374       1  0  0  1  0
375       1  1  0  0  0
376       1  0  0  1  0
377       0  0  1  1  1
378       1  0  0  1  0
379       1  0  1  0  0
380       0  1  1  1  1
381       0  1  0  0  1
382       0  1  0  1  0
383       1  1  1  0  0
384       1  0  1  1  0
385       1  1  1  1  1
386       1  0  1  1  1
387       1  0  0  0  1
388       1  0  0  0  1
389       1  1  0  1  1
390       0  1  0  0  1
391       1  0  0  0  1
392       1  1  1  1  1
393       1  0  0  1  0
394       0  1  1  1  1
395       1  1  0  1  1
396       1  1  0  1  1
397       1  0  1  1  0
398       1  0  0  1  0
399       0  1  1  0  0


0             50        50
1         47.591    48.934
2          79.27     17.69
3         62.011     77.94
4         64.804    82.786
5         44.957    64.092
6         15.835    45.938
7         66.909    54.935
8         49.324    49.515
9         84.248    22.991
10         48.403    83.324
11          60.47    65.728
12         55.366    76.916
13         86.647        75
14         74.713     76.48
15         56.313    89.489
16         12.114    47.238
17         54.225    67.884
18          10.81    48.265
19         42.101    61.124
20          67.42    76.177


1    47.594    49.081
2    45.716    49.197
3    49.382     45.06
4    47.594    46.361
5    49.441    49.063
6    40.162    45.228
7    48.627    48.594
8    45.135    48.547
9    44.522    43.637
10    43.396     47.12
11    47.543    49.514
12    49.387    55.392
13     40.37    43.748
14    41.215    42.567
15    41.878     51.06
16        47    49.823
17    51.622    52.586
18    47.002    49.497
19    42.299    55.825
20    49.766     52.68
21    82.539    11.805
22    75.933     17.64
23    79.804    17.683
24    81.934    20.616
25    71.041    20.267
26    76.335    24.186
27    79.268     17.68
28    88.467    14.161
29    75.872    18.032
30    75.397    26.233
31     81.23    17.695
32    72.992    13.239
33      77.1    14.943
34    74.684    10.687
35    80.106    15.583
36    83.282    21.904
37     71.95    21.834
38    77.714    17.301
39    77.104     12.95
40    81.854    18.949
41    63.048    77.534
42    62.342    77.564
43    61.472    76.568
44    59.646    75.681
45    67.705    74.571
46     69.29    74.068
47    59.533    81.153
48    68.125    85.279
49    55.656    80.601
50    62.412    78.485
51    62.147    79.194
52     61.12    77.761
53    58.922    71.228
54     62.77    77.013
55    57.345    75.168
56    56.874    71.506
57    59.026     78.09
58    64.747    75.122
59    64.742    74.993
60    61.711    83.493
61    65.517    81.265
62    66.177    83.166
63    69.125    80.365
64    65.021    82.434
65    62.639    83.566
66    67.169    79.761
67    68.241    90.725
68    67.468    85.893
69    63.862    82.886
70    71.097    87.131
71    66.227    81.603
72    64.809    82.649
73    61.377    76.622
74    68.726    74.615
75    61.145    84.013
76    68.076    78.041
77    68.001    84.613
78    67.338    81.884
79    60.404    78.571
80    69.891     75.37
81    44.061    59.225
82    45.222    64.485
83    39.116    64.977
84     45.55    68.043
85     40.96    57.124
86    43.018    63.081
87    43.491    65.065
88    51.922     64.83
89    42.346    64.381
90    37.149    62.983
91    51.162    62.744
92    36.161    65.801
93    37.504    60.011
94    48.024    71.665
95    50.788     60.19
96    44.838    64.425
97     42.15    63.409
98    39.216    57.804
99    50.091    68.428
100    41.699    63.309
101     12.19    54.365
102    21.169    42.187
103    12.179    40.127
104    14.166    40.251
105    13.777    51.171
106    22.831    46.007
107    15.236    47.717
108    19.421    38.953
109    14.896    45.648
110    18.918    39.294
111    15.731    47.257
112    19.862    40.769
113     13.36    39.059
114    16.377    43.677
115    14.512    41.077
116    20.844    50.549
117    17.284     44.75
118    18.733    50.232
119    14.854    48.451
120    19.176    45.247
121    63.271     55.67
122    65.737    57.258
123    68.232    59.636
124    66.867     62.54
125    67.388    53.805
126    71.874    61.568
127    66.568    54.661
128     62.57    62.415
129    68.397    63.815
130    74.622    57.293
131     57.49    52.405
132    69.171    49.837
133    67.063    54.882
134    67.066     50.64
135    65.761    51.015
136    75.196    52.085
137    65.948    52.498
138    59.239    49.517
139    67.728    58.269
140    66.096    45.534
141    48.184    46.926
142    48.003    46.129
143    55.918     51.63
144    50.852    40.526
145    48.694    48.587
146    48.958    50.609
147     55.86    56.731
148    56.994    47.806
149    51.528    53.694
150    48.826    44.418
151    50.392    43.182
152    46.313    50.612
153    46.802    46.443
154    51.374    54.072
155    50.016    52.225
156    51.311    59.279
157     56.56    53.368
158    42.977    51.889
159    54.392    54.064
160    53.615    57.485
161    84.471    23.127
162     86.61    20.431
163    87.612    26.351
164    88.596    22.524
165    87.802    26.721
166    85.655    32.705
167    86.764    19.595
168    77.292    18.973
169    90.771    29.177
170      90.5    21.396
171     80.81    18.759
172    85.613    20.142
173    76.694    17.072
174    74.448    23.954
175    87.908    29.315
176    84.256    22.807
177    76.684    28.555
178    84.807    27.811
179    86.606    31.205
180    82.212    20.929
181    51.676    81.522
182    49.319     84.26
183    46.779    85.401
184    50.665    88.508
185    44.996    84.045
186     50.13    81.221
187      48.2    91.626
188    48.056    82.545
189     52.43    81.557
190    49.529    83.786
191    47.135    82.065
192    51.175    77.456
193    48.287    83.319
194    48.013    83.035
195    53.041    82.142
196    41.967    78.016
197    47.222    83.128
198    42.622    82.338
199    47.577    84.468
200    44.594     86.49
201    65.093    65.575
202    62.257    63.033
203    60.058    66.674
204    61.279    68.616
205    67.578    69.593
206    59.028    61.001
207    57.909     69.56
208    58.752    71.275
209     57.52    59.986
210    57.934    68.471
211    63.921    66.933
212    60.629    67.569
213    61.697    65.259
214    63.552    69.723
215    64.157    59.788
216    65.623    65.403
217    66.185    60.885
218    64.961    63.428
219    59.845    72.106
220    69.888     68.76
221    56.808    72.431
222    46.196    79.886
223    55.723    71.923
224    55.349    76.847
225     55.11    72.714
226    61.136    69.243
227    51.396     73.67
228     47.08    78.935
229    56.254     79.28
230    51.929    81.077
231    61.661    75.679
232    57.279    78.447
233    55.113    75.972
234    63.032    76.593
235      56.3    74.987
236    46.899    81.329
237    49.402     71.26
238    57.195    76.993
239    55.584    76.454
240    58.543    83.919
241    90.367    78.664
242    86.671    74.402
243    86.751    80.243
244    86.655    75.047
245    89.323    74.511
246     81.91    81.024
247    88.303    65.524
248    91.506    80.869
249     93.04    78.808
250    86.402     73.29
251     89.75    71.849
252    87.126    69.999
253    92.726    80.398
254    85.763    73.249
255    82.538    66.878
256    81.008    71.745
257    93.606    74.341
258    86.045    76.157
259    89.533    75.354
260    93.489    76.042
261    80.855    68.937
262    78.026    81.723
263    72.631    73.163
264    81.952     69.91
265     78.46    76.155
266    74.758    76.448
267    72.289        69
268    76.964    77.007
269    74.797    75.336
270     75.98    77.888
271    72.471    72.823
272    71.975    77.168
273    74.993    75.332
274    74.995    76.509
275     67.34    77.516
276    80.858     73.81
277    70.506     74.69
278    73.717    73.973
279    73.177    83.682
280    68.532    69.715
281    52.764      87.3
282    61.155    82.304
283    56.136    88.351
284    52.033    91.207
285    53.263    93.098
286    53.742     91.02
287    52.488    87.119
288    61.357    91.796
289    61.617    89.388
290    52.661    80.261
291     58.53    88.886
292    56.885    86.617
293    56.276    89.445
294    56.072    81.039
295    56.256    89.459
296    54.891    88.714
297     55.57    93.927
298     60.65    84.485
299    55.807    98.912
300    61.545    82.826
301    14.796    49.903
302    21.243    48.228
303    12.945    50.938
304     7.227    55.091
305    15.109    49.092
306     6.944    50.182
307    11.686    47.217
308    10.142    42.177
309      5.47    42.779
310     8.743    52.816
311    19.393    53.888
312     5.085    46.374
313    15.359    44.686
314    14.033    42.675
315    16.093    51.618
316     7.362    41.155
317    14.736    44.955
318    11.003    37.435
319      9.92    54.809
320    14.931    49.855
321    56.012    70.073
322     55.31    68.973
323    56.968    66.027
324    50.122    68.947
325    52.752    60.205
326    53.812    67.194
327    56.465    65.561
328     56.41    72.202
329    59.579    73.241
330    53.858    69.086
331    54.806    65.033
332    55.342    61.096
333    54.373    67.933
334    56.646    64.692
335    50.201    74.727
336     53.34    68.278
337    58.463     64.41
338    60.093    66.748
339    53.821    68.076
340    55.946    74.716
341     12.44    57.623
342    10.483    48.995
343    17.145    49.276
344     8.824    47.263
345     4.282    44.037
346    15.789    42.365
347    11.164    48.425
348      9.75    50.693
349    14.207    49.051
350    17.627    53.596
351     8.736    51.887
352    14.987    48.261
353    11.034    56.599
354     6.934    41.225
355     9.344    57.273
356    12.679    50.461
357     10.38    47.184
358     15.76    46.787
359     4.355    54.756
360     3.432    53.037
361    42.111    60.979
362    41.072    55.216
363    36.572    65.451
364    42.512    58.506
365    41.783    52.248
366    47.252    66.334
367    36.873    57.498
368    46.708    64.261
369    45.357    66.468
370     46.88    63.434
371    39.179    58.951
372    40.671    62.432
373    43.625    61.879
374    48.707    63.922
375    44.621    61.856
376    44.086    65.831
377    50.431    65.236
378    42.943    66.022
379    33.023    58.906
380    38.947    60.252
381    66.743    76.663
382    61.871    75.054
383    69.355     74.48
384    61.902    74.974
385    70.465    72.954
386    75.476    71.743
387    68.088    73.712
388     71.81     74.12
389    66.028    75.656
390    71.722    74.097
391    63.053    71.263
392    61.723    78.468
393    67.422    77.951
394     68.26    71.011
395      63.6    76.594
396    74.972    75.272
397    60.823    73.214
398    59.728     81.25
399    73.683     76.08
400     63.75    72.654
