21 Stops, 100 Students, 20 Max_Walking, 25 Capacity, 5 Days 

0       1  1  1  1  1
1       1  1  1  1  1
2       1  1  1  1  1
3       1  1  1  1  1
4       1  0  1  1  0
5       1  1  1  1  1
6       1  1  1  1  1
7       1  1  1  1  1
8       1  1  1  1  1
9       1  1  1  1  1
10       1  1  1  0  1
11       1  1  1  1  1
12       0  1  0  0  1
13       1  1  1  1  1
14       1  1  1  1  1
15       0  0  1  1  1
16       1  1  1  1  1
17       1  0  0  0  1
18       1  0  1  0  1
19       1  1  0  1  0
20       1  1  1  1  1
21       0  1  1  0  0
22       0  0  1  1  0
23       1  0  1  0  1
24       1  0  0  0  1
25       0  1  1  1  1
26       1  1  1  1  1
27       0  1  0  1  1
28       1  0  0  0  1
29       1  1  1  1  1
30       1  1  1  1  1
31       0  0  0  1  1
32       1  1  1  1  1
33       1  0  0  1  0
34       0  0  1  1  0
35       1  1  1  1  1
36       1  1  1  1  1
37       1  1  1  1  1
38       1  1  0  1  0
39       0  1  1  1  0
40       0  1  1  1  1
41       0  1  1  1  0
42       0  1  1  1  0
43       0  0  1  1  0
44       0  0  1  1  1
45       1  1  1  0  0
46       1  1  0  0  0
47       1  0  1  0  0
48       1  0  1  0  0
49       1  1  1  1  1
50       1  1  1  1  1
51       1  1  1  1  1
52       1  1  1  1  1
53       1  1  0  0  1
54       1  1  1  1  1
55       1  1  1  1  1
56       1  1  1  1  1
57       1  1  1  1  1
58       0  0  1  0  1
59       1  1  1  1  1
60       1  1  1  1  1
61       1  1  1  1  1
62       1  1  0  0  0
63       1  1  1  1  1
64       1  1  1  1  1
65       1  1  1  1  1
66       0  0  0  1  1
67       1  1  1  1  1
68       1  1  1  1  1
69       1  1  1  1  1
70       0  1  1  0  0
71       1  1  1  1  1
72       1  1  1  1  1
73       1  1  1  1  1
74       1  1  1  1  1
75       1  1  1  0  0
76       1  1  1  1  1
77       1  1  1  1  1
78       1  1  1  1  1
79       0  0  1  1  0
80       1  1  1  1  1
81       0  0  1  1  1
82       0  1  0  1  1
83       0  1  0  1  0
84       0  1  1  0  1
85       1  1  0  1  1
86       1  1  1  1  1
87       1  1  0  1  1
88       1  1  1  1  1
89       1  1  1  1  1
90       1  1  1  1  1
91       0  0  1  0  1
92       1  0  0  1  0
93       0  1  1  1  1
94       1  1  1  1  1
95       0  0  1  1  1
96       0  0  0  1  1
97       0  1  0  0  1
98       1  1  1  1  1
99       1  1  1  1  1


0             50        50
1         71.223    20.318
2         76.956    31.427
3         21.486    78.088
4         70.478    30.606
5          25.55    76.127
6         27.455     40.32
7         46.385    27.688
8         53.229    75.821
9         51.105    39.155
10         47.179    55.369
11         37.185    32.434
12         52.859    27.834
13         57.935    55.237
14         76.227     43.84
15         28.043    61.329
16         59.393    23.462
17         58.553    43.173
18         40.854    40.489
19          27.77    26.054
20         31.303    63.684


1    66.048     35.64
2    72.964    28.183
3    72.324    16.348
4    69.338    19.432
5    78.325    17.998
6    80.847    28.689
7    71.445    20.636
8    69.645    23.174
9    89.514    16.104
10    80.879    25.327
11    32.219    81.735
12    32.679    74.482
13    12.675    66.495
14    22.995    90.569
15    21.631    78.818
16    56.941     42.69
17    87.684    40.069
18      53.2    35.276
19     76.86    29.878
20     54.21    38.422
21    32.655     92.42
22    27.479    79.398
23    24.442    61.235
24    37.413    66.958
25    33.608    58.482
26    20.221    52.131
27    38.117    38.069
28    26.858    55.458
29    34.702    52.922
30    14.314    45.758
31      60.7    34.196
32    49.378    37.599
33    30.786     30.74
34    45.294      21.5
35    46.434    27.511
36    48.076    63.141
37    52.398    76.602
38    62.309    75.113
39    55.462    76.547
40    54.207    91.572
41    49.894    39.671
42    60.553    30.288
43    47.702    56.598
44    43.706    47.727
45    48.473    35.529
46    43.357    61.727
47    44.886    51.814
48    48.078     64.94
49    51.877    62.896
50     49.98    50.625
51    35.249    26.151
52     29.53    42.545
53    23.451    39.705
54    27.402    39.126
55    30.805     33.67
56    68.965    20.619
57    42.008    19.831
58    57.489    30.267
59    47.366    37.096
60    72.609    29.028
61    70.613    46.455
62    60.446    46.859
63    69.091    70.848
64    49.106     46.45
65    57.916    55.166
66    78.369    47.348
67    79.519    41.416
68    81.172    45.218
69    77.882    39.141
70    75.529     58.23
71    37.785     53.29
72    26.707    69.673
73    30.096    69.228
74    45.213    63.645
75    13.514    66.998
76    57.788    23.404
77     62.21     23.97
78    56.553    22.616
79    57.586    24.549
80    74.476    13.863
81     66.79    44.883
82    44.897    34.382
83    48.854    28.679
84    55.806    34.183
85    61.316    46.403
86    32.462    39.335
87    53.644    44.944
88    42.727    41.665
89    31.928    30.523
90    38.697    49.451
91    26.382     27.07
92    19.214    13.978
93    38.564    10.759
94    12.373    13.633
95    25.052    23.956
96    27.598    74.197
97    39.186    72.259
98    29.551    44.302
99    24.814    74.911
100    41.261    64.132
