21 Stops, 200 Students, 40 Max_Walking, 50 Capacity, 5 Days 

0       1  0  0  0  1
1       0  1  0  1  0
2       0  0  1  1  0
3       0  0  1  1  1
4       1  1  1  1  1
5       1  1  1  0  1
6       1  1  0  1  1
7       1  0  1  0  0
8       1  1  0  0  0
9       1  0  0  1  1
10       0  1  0  0  1
11       0  0  1  1  1
12       0  1  1  0  0
13       1  0  1  1  1
14       0  1  1  0  1
15       1  1  0  0  1
16       0  0  1  0  1
17       1  0  0  1  1
18       0  0  1  1  0
19       0  0  0  1  1
20       0  0  1  0  1
21       0  0  1  1  1
22       1  1  0  0  1
23       1  0  1  0  1
24       1  1  1  1  1
25       1  0  1  1  0
26       1  1  1  0  0
27       1  1  0  0  1
28       0  1  1  1  0
29       0  0  0  1  1
30       0  1  1  0  0
31       1  1  1  1  0
32       0  1  0  1  0
33       0  1  0  1  1
34       0  0  0  1  1
35       1  1  0  1  1
36       0  0  1  0  1
37       1  0  0  1  1
38       1  1  1  1  1
39       1  0  1  0  1
40       1  1  0  1  0
41       0  0  1  1  0
42       0  0  1  1  0
43       1  0  0  0  1
44       1  1  0  0  0
45       1  0  1  0  0
46       1  1  0  1  1
47       1  0  0  1  1
48       1  1  1  1  1
49       1  1  0  0  1
50       0  1  0  1  0
51       0  1  1  0  0
52       0  0  0  1  1
53       1  1  0  1  0
54       0  1  0  1  1
55       1  1  1  1  0
56       1  0  0  0  1
57       1  0  0  1  0
58       0  0  0  1  1
59       1  1  0  0  0
60       0  1  1  0  0
61       1  0  1  0  1
62       1  0  1  0  0
63       1  0  1  0  0
64       0  0  1  1  1
65       1  0  0  1  1
66       1  1  0  1  1
67       1  1  0  0  0
68       0  0  1  1  0
69       1  0  1  1  1
70       1  1  0  1  0
71       1  0  0  1  0
72       1  1  0  0  1
73       1  0  0  0  1
74       1  1  0  1  0
75       0  0  1  1  0
76       0  1  0  1  0
77       1  1  1  0  0
78       1  1  0  1  1
79       0  1  0  0  1
80       1  1  0  0  1
81       0  1  0  0  1
82       1  0  0  0  1
83       0  1  1  1  0
84       0  1  1  1  0
85       1  1  1  0  0
86       1  1  1  0  1
87       0  1  1  0  0
88       1  0  1  1  1
89       0  1  0  0  1
90       1  0  1  0  1
91       0  1  1  0  1
92       0  1  1  1  0
93       1  1  1  1  1
94       0  1  1  0  0
95       1  1  0  1  1
96       1  0  1  0  0
97       0  1  1  1  0
98       0  1  1  1  0
99       1  0  0  0  1
100       0  0  1  1  1
101       0  0  1  1  0
102       1  1  0  0  1
103       1  1  0  1  1
104       0  0  0  1  1
105       1  1  1  0  1
106       1  1  0  1  1
107       1  1  1  1  1
108       1  1  1  0  0
109       1  0  1  1  1
110       0  1  1  0  0
111       1  1  1  1  0
112       0  1  1  1  1
113       1  1  0  1  0
114       0  1  1  0  0
115       1  1  0  0  0
116       1  1  1  1  0
117       1  1  0  0  0
118       0  1  1  0  1
119       1  0  1  0  0
120       1  0  1  1  0
121       1  1  0  0  0
122       1  1  1  1  0
123       0  1  1  0  0
124       1  1  1  1  1
125       0  1  0  1  1
126       1  1  0  1  0
127       1  0  0  1  0
128       1  1  1  1  1
129       0  1  0  1  1
130       0  1  0  0  1
131       0  0  1  0  1
132       1  1  0  0  1
133       1  1  0  0  1
134       1  1  0  0  0
135       1  0  0  1  0
136       1  1  1  1  0
137       0  1  0  0  1
138       0  1  1  0  1
139       1  1  1  1  1
140       0  1  0  1  0
141       1  0  0  1  0
142       1  0  0  1  1
143       1  1  1  0  0
144       0  1  0  0  1
145       0  0  0  1  1
146       1  1  1  1  0
147       1  0  0  1  1
148       0  1  1  0  1
149       0  0  1  1  0
150       1  0  0  1  1
151       0  1  1  1  1
152       1  1  0  1  0
153       1  1  1  0  0
154       0  1  1  0  0
155       0  0  1  1  0
156       1  1  1  1  1
157       1  1  0  1  0
158       1  1  0  0  0
159       0  1  0  1  1
160       1  0  1  0  0
161       0  1  0  1  0
162       0  0  1  1  0
163       0  0  1  1  1
164       0  1  1  1  0
165       1  1  0  1  1
166       0  1  1  1  0
167       1  0  0  1  0
168       1  1  1  0  0
169       0  1  0  1  0
170       1  1  0  1  1
171       1  0  1  0  0
172       0  1  1  1  0
173       1  1  1  1  1
174       1  0  1  1  0
175       1  0  1  1  0
176       0  1  1  1  0
177       1  1  0  1  1
178       1  1  1  1  1
179       0  0  1  1  1
180       0  1  1  1  1
181       1  0  0  0  1
182       0  0  1  1  0
183       1  0  1  0  0
184       0  1  1  0  0
185       1  1  0  1  0
186       1  1  1  1  0
187       0  0  0  1  1
188       0  1  0  0  1
189       1  0  1  0  1
190       1  1  0  0  1
191       0  1  1  0  0
192       1  0  1  1  1
193       1  1  0  0  0
194       1  1  0  1  0
195       1  1  0  1  0
196       0  1  1  1  0
197       1  1  1  0  0
198       0  0  1  0  1
199       1  0  0  0  1


0             50        50
1          40.68    42.424
2         52.079    50.034
3         40.548    57.924
4         53.226    53.926
5          48.15    45.741
6         53.319    43.019
7         45.926    41.739
8         51.634    56.005
9         52.856     54.72
10         42.062    56.203
11         43.026    59.522
12         46.715    58.238
13         59.561    52.569
14         45.479    44.779
15         55.279     45.44
16          52.78    41.871
17         47.977    48.299
18         57.754    56.059
19         40.032    42.283
20          51.01    40.671


1    36.125    43.839
2    43.283    22.623
3    43.022    72.504
4    44.169    32.449
5    79.093     41.68
6    35.444    36.399
7    47.679    52.983
8    28.351    27.649
9    33.035     44.41
10    18.523    42.083
11    68.498    19.679
12    58.082    49.004
13    52.364    28.384
14     52.69    47.828
15    77.138    60.301
16    47.084    57.567
17    84.823    34.428
18    74.195    58.863
19    30.601    48.956
20    83.524    61.184
21    40.085    65.723
22    45.742    78.126
23    17.856    25.341
24    41.142    55.943
25    40.715    60.864
26    18.836    44.117
27    28.905    61.122
28    39.857    93.157
29    57.901     66.71
30    42.018    69.184
31    26.774    69.395
32    50.809    19.466
33    68.337    63.752
34    53.368    53.948
35    53.867    46.194
36    44.165    32.811
37    75.098    44.898
38    46.542    29.615
39    52.889    75.123
40    26.122    39.221
41    42.548    36.147
42    18.179    55.735
43    62.896    20.219
44    50.502    58.285
45    26.667    32.828
46    85.469    52.818
47    44.572     38.31
48      36.9    36.613
49    46.762    36.003
50    62.871    26.983
51    27.677    41.515
52    49.211    15.547
53    74.834    68.654
54    53.435    77.275
55    71.355    44.929
56    39.532    55.405
57    56.282     65.59
58    45.413     37.91
59    32.457    54.321
60    46.173    29.474
61     45.21    18.635
62    55.219    46.941
63    30.603    16.816
64    14.109    38.619
65    26.689    41.313
66     45.21    37.038
67    48.462     26.63
68    46.832     42.22
69    40.482    17.075
70    41.512    37.104
71    36.573    72.569
72    59.487    69.321
73    82.581    77.479
74    42.473    54.127
75    71.159    75.653
76    35.424    67.918
77    62.876      77.8
78     78.45    36.848
79    65.159    88.868
80    44.262    63.741
81    57.691    38.939
82    66.642    22.202
83     43.78    59.126
84    37.777    41.227
85    65.696     23.76
86    36.654    72.227
87    49.303     50.58
88    50.921      56.2
89     40.79    57.738
90    73.715    36.611
91    52.643    71.744
92    39.918    45.998
93    16.714    72.422
94    41.577    76.273
95    43.013    56.329
96    67.868     72.32
97    41.262    56.119
98    53.134    74.883
99    17.169    55.952
100    74.561    60.073
101    69.161    58.277
102    56.158    54.605
103     32.52    79.887
104    49.787    58.472
105    59.586    23.453
106      23.9    77.708
107    49.912    63.432
108    35.735    37.415
109    32.293    95.273
110     8.343    64.003
111    62.632     69.78
112    63.195    57.598
113    51.216    51.263
114    34.055    61.129
115    79.158    80.601
116     27.43    90.446
117    48.155    56.092
118    52.372    64.123
119    46.973    50.863
120    42.063    56.853
121    82.032    73.873
122    40.882      80.7
123    65.813    43.232
124    65.582    57.753
125    39.462    54.709
126    76.551    63.212
127     79.65    76.981
128    84.544    47.893
129    63.761    52.009
130     63.37    49.321
131    54.532     66.61
132    44.248    39.238
133    26.748    36.442
134    48.506    44.637
135      56.7    65.829
136    51.631    52.758
137    31.356    33.908
138    71.663    58.033
139    52.323    46.413
140    61.868    78.611
141    19.989    43.645
142    76.697    21.897
143    59.413    52.873
144    48.618    32.047
145    91.638    32.815
146    57.884    44.761
147    54.986    44.475
148    38.381    22.296
149    55.023    73.523
150    69.348    58.638
151    82.299     49.01
152    52.186     3.456
153    47.767    47.098
154    84.564    35.367
155    50.892    47.159
156     71.08    38.882
157    24.538    34.835
158    38.013    37.109
159    20.052    31.125
160    53.211    42.702
161    52.417    85.499
162    38.336    82.979
163    49.161    62.884
164    24.492    52.377
165    38.702    47.421
166    81.358    58.265
167    32.823    72.787
168    30.817    48.449
169    42.496    40.562
170    10.864    44.878
171    47.489    57.586
172     69.68    42.195
173    55.807    46.467
174    55.671    71.134
175    56.431    63.517
176    29.729    80.597
177    63.358    23.801
178    33.939    29.635
179    20.428    50.309
180      39.8    40.419
181    51.488    34.794
182    73.692    31.088
183    40.043    36.998
184    39.087    43.346
185    44.787    41.305
186    18.081    25.368
187     25.98    32.753
188    20.544     66.47
189    22.781    39.354
190    25.821    38.476
191    33.234     59.85
192    54.787     25.45
193    24.267    33.232
194     45.73    36.343
195    48.312    42.104
196    54.174    48.052
197    63.031    12.562
198    63.329    57.625
199     47.12     7.642
200    52.683     9.545
