21 Stops, 200 Students, 10 Max_Walking, 25 Capacity, 5 Days 

0       1  1  1  1  1
1       1  1  1  1  1
2       1  1  1  1  1
3       1  1  1  1  1
4       0  1  1  0  0
5       1  1  1  1  1
6       1  0  1  0  1
7       1  0  1  1  0
8       1  1  1  1  1
9       1  1  1  1  1
10       1  1  1  1  1
11       1  1  1  1  1
12       0  1  0  1  1
13       1  1  1  1  1
14       0  0  0  1  1
15       1  1  1  1  1
16       0  1  0  1  1
17       1  1  1  1  1
18       0  1  1  1  0
19       1  1  1  1  1
20       1  1  1  1  1
21       1  0  1  1  0
22       1  1  1  1  1
23       0  1  0  1  0
24       1  1  1  1  1
25       1  1  1  1  1
26       1  1  1  1  1
27       1  0  1  0  0
28       1  0  1  1  1
29       1  0  1  1  1
30       1  1  1  1  1
31       1  1  0  1  0
32       1  1  1  1  1
33       1  1  1  1  1
34       1  1  1  1  1
35       1  1  1  1  1
36       1  1  1  1  1
37       1  1  1  1  1
38       1  1  1  1  1
39       0  0  1  1  1
40       1  1  1  1  1
41       0  1  0  1  1
42       0  1  0  0  1
43       1  1  1  1  1
44       1  1  1  1  1
45       1  1  1  1  1
46       1  1  1  1  1
47       0  1  1  1  0
48       1  0  1  1  0
49       0  1  0  0  1
50       1  1  1  1  1
51       1  1  0  1  0
52       0  0  0  1  1
53       1  1  0  0  1
54       1  1  1  1  1
55       0  1  1  0  1
56       0  1  1  0  1
57       1  1  1  1  1
58       1  1  1  1  1
59       1  1  1  0  1
60       0  1  1  1  0
61       1  1  1  1  1
62       0  1  0  0  1
63       1  1  1  1  1
64       1  0  1  1  1
65       1  1  1  1  1
66       1  0  0  1  1
67       1  1  1  1  1
68       1  1  1  1  1
69       0  1  1  0  0
70       1  1  1  1  1
71       1  1  1  1  1
72       1  1  1  1  1
73       1  0  1  1  1
74       1  1  1  1  1
75       1  1  1  1  1
76       0  1  0  1  1
77       1  1  1  1  1
78       1  1  1  1  1
79       0  0  1  1  1
80       1  0  0  1  0
81       1  0  0  0  1
82       1  1  1  1  1
83       0  1  1  1  0
84       0  1  0  1  1
85       1  1  1  1  1
86       1  1  0  1  1
87       0  0  1  1  1
88       1  1  1  0  1
89       1  0  0  1  1
90       1  1  1  1  1
91       1  1  1  1  1
92       1  1  1  1  1
93       1  1  1  1  1
94       1  1  1  1  1
95       1  1  0  0  1
96       1  1  1  1  0
97       1  1  0  0  1
98       1  1  1  1  1
99       1  1  1  1  1
100       1  1  1  1  0
101       1  1  1  1  1
102       1  1  1  1  0
103       1  1  1  0  0
104       1  1  1  1  1
105       1  1  0  0  0
106       1  1  1  0  1
107       1  1  1  1  1
108       0  1  0  1  1
109       0  0  1  0  1
110       1  0  1  1  1
111       1  1  1  1  1
112       1  1  1  1  1
113       1  1  1  1  1
114       0  0  1  0  1
115       1  0  1  0  0
116       1  1  1  1  1
117       1  1  1  1  1
118       0  0  1  0  1
119       0  0  1  1  0
120       1  1  1  1  0
121       1  1  1  0  0
122       1  1  1  1  1
123       1  0  1  0  1
124       1  1  1  1  1
125       1  0  0  1  1
126       0  1  1  0  0
127       1  1  1  1  1
128       1  1  1  1  1
129       1  1  1  1  1
130       1  1  1  1  1
131       1  1  1  1  1
132       1  1  1  0  1
133       1  1  1  1  1
134       1  1  1  1  1
135       1  1  1  1  1
136       1  1  0  1  0
137       1  1  1  1  1
138       0  1  1  1  1
139       1  0  1  0  1
140       1  1  1  1  1
141       1  1  0  1  0
142       1  0  1  0  1
143       1  1  1  1  1
144       1  1  1  1  1
145       1  1  1  1  1
146       1  1  1  1  1
147       0  1  0  1  0
148       1  1  1  1  1
149       1  1  1  1  1
150       1  1  1  1  1
151       0  1  1  1  0
152       0  0  1  1  0
153       1  1  1  1  1
154       1  1  1  1  1
155       1  1  1  1  1
156       0  1  1  1  1
157       1  1  1  1  1
158       0  0  1  1  0
159       1  1  1  1  1
160       0  1  0  1  0
161       1  1  1  1  1
162       1  1  1  1  1
163       1  1  1  1  1
164       0  1  0  0  1
165       0  1  1  0  0
166       0  1  0  1  1
167       1  1  1  1  1
168       1  0  0  0  1
169       0  0  1  1  0
170       0  1  0  0  1
171       1  0  1  1  0
172       1  1  1  1  1
173       1  1  1  0  1
174       1  0  1  0  1
175       1  1  0  0  0
176       1  1  1  0  1
177       0  1  1  1  0
178       1  1  1  1  1
179       0  1  0  1  1
180       1  1  1  1  1
181       1  1  0  0  0
182       1  1  1  1  1
183       1  1  1  1  1
184       1  0  1  1  1
185       1  0  0  1  0
186       1  0  0  1  1
187       1  0  1  1  1
188       0  0  1  1  0
189       0  1  1  1  1
190       1  1  1  1  1
191       1  1  1  1  1
192       0  0  1  1  1
193       1  1  1  1  1
194       1  1  1  1  1
195       1  1  0  0  1
196       1  1  1  0  1
197       0  1  1  1  0
198       0  0  1  1  0
199       1  1  0  1  0


0             50        50
1         11.738    66.837
2         57.287    11.439
3         67.424     49.42
4         71.986    87.513
5         25.034    53.656
6         81.898    52.667
7         88.705    61.397
8         36.718    39.838
9         11.575    13.813
10         58.362     44.69
11         35.452    28.105
12         18.438    43.307
13         23.402    74.214
14         51.105    74.801
15         28.978    29.399
16         34.946    46.743
17         47.112    26.717
18         28.889    46.226
19         56.067    54.234
20         50.724    67.289


1     9.457    63.229
2    15.104    63.781
3    11.501    67.524
4     9.262    73.581
5    15.195    64.619
6    10.724    65.256
7    14.075    63.793
8    10.359    68.553
9    11.675    66.101
10    15.542     64.14
11    49.491    12.598
12    60.191    13.088
13    60.318     8.747
14    65.203     7.659
15    63.371     4.038
16    53.822     7.835
17    51.029    16.876
18    59.159    10.241
19    64.538     8.592
20     54.37     2.578
21    65.533    49.172
22    58.114    50.159
23    66.907    53.473
24    67.661    54.881
25     68.75    50.135
26    58.548    45.746
27    67.597    49.427
28    66.864    49.471
29    70.617    45.708
30    67.197    48.166
31    67.078    87.512
32     69.31      78.3
33    76.162    79.098
34    72.549    92.345
35    65.903    85.119
36    64.829    86.669
37    73.858    87.224
38    68.976    89.882
39    74.406    84.203
40    71.333    88.462
41    24.181    56.146
42    23.937    53.528
43    23.407    51.816
44    21.873    49.488
45    18.982    58.902
46     21.35    49.987
47    24.026    53.477
48    29.267    48.092
49    31.253    58.464
50    23.969    53.883
51    80.316    60.126
52    83.892    50.403
53    80.577    44.724
54     81.89    52.675
55    81.866    52.641
56    79.384    55.068
57    73.819    49.973
58    84.386    59.031
59    75.915     48.48
60    89.093    59.115
61    88.681    61.418
62    90.142    62.655
63    87.352    63.955
64    84.625    69.279
65    93.011    67.205
66    90.282     60.21
67    84.675    60.019
68    94.516     57.59
69     94.26     66.98
70    86.667    60.224
71    41.837    40.653
72    36.765    39.816
73    37.721     36.02
74     37.21    39.194
75    33.877    44.166
76    31.145    36.123
77     39.06    37.431
78    40.948    41.905
79    34.138    39.674
80    31.392    44.546
81    10.211    12.299
82    11.118    10.051
83     7.736    15.247
84    12.763    14.118
85    14.553      5.47
86    11.412    14.099
87    11.097     22.43
88    10.392    18.766
89    17.187     9.703
90     15.27    12.491
91    58.299    44.745
92     61.12    49.287
93    66.839     43.38
94    57.538    35.638
95    60.552      51.1
96    57.017    43.969
97    62.833     48.48
98    56.161    42.098
99     58.36    47.129
100    55.611     46.94
101    42.667    34.584
102    32.905    28.462
103    34.643    20.923
104    38.792    31.185
105    42.741     29.25
106    37.667    37.136
107    37.548    25.089
108    34.955    22.606
109    33.841    33.602
110    36.394    26.855
111    27.249    46.191
112    12.789    41.431
113    20.375    43.091
114     20.77    44.575
115    16.972    49.865
116    13.703    48.741
117    18.588    42.871
118    24.554    49.136
119     21.02    44.588
120     20.01    43.049
121    21.194    72.329
122    27.978     67.71
123    27.541    68.138
124    30.777    72.165
125    24.489    81.546
126    23.157    75.353
127     30.58    74.765
128    17.451    73.954
129    23.561    74.373
130    21.153    70.125
131    48.711    76.252
132    58.018    68.767
133    47.837    81.656
134     45.05    71.773
135    56.002    73.867
136    53.693    72.833
137    58.769     78.73
138    50.821    76.064
139    45.072      78.7
140    53.558    69.925
141    23.841    23.105
142    27.824    29.723
143    20.259    29.856
144    32.311    24.447
145    33.279    23.392
146    23.828    21.834
147    31.071    27.701
148    23.404    29.354
149    32.302    26.749
150    33.184    21.165
151    41.829    51.933
152    37.377    48.007
153    25.927    43.446
154    33.732    51.874
155    34.874    45.355
156    32.944     37.75
157    37.367    46.749
158    31.378    54.844
159    33.123    42.545
160    29.721    40.072
161    50.099     24.48
162    43.479    28.765
163    48.753    28.223
164    50.606    20.069
165    53.603    22.543
166     40.57    33.369
167    51.741    31.704
168    47.242    26.381
169    52.318    24.498
170    50.501    27.011
171    28.058    47.673
172    36.025    52.038
173    28.592    47.586
174    26.917    52.024
175    23.442    44.916
176    27.865    48.312
177    28.334      45.7
178    30.817     47.54
179    27.099    40.998
180    28.791    55.811
181    57.948    52.627
182    55.997    53.074
183    51.673     51.11
184    55.651    46.744
185    54.206     59.81
186    62.158    55.232
187    57.122    61.518
188    61.592    53.338
189    56.211    55.164
190    62.323    57.619
191    51.246    69.843
192    46.826    62.113
193    52.393      71.3
194    51.235    76.666
195    43.704    74.248
196    51.714    72.507
197     47.62     60.74
198    48.388    66.606
199    50.666     67.51
200    59.127    66.024
