21 Stops, 100 Students, 10 Max_Walking, 50 Capacity, 5 Days 

0       1  0  0  1  1
1       1  1  1  1  1
2       1  1  1  1  1
3       1  1  1  1  1
4       1  1  1  1  1
5       1  1  1  1  1
6       1  1  1  1  1
7       1  1  1  1  1
8       1  0  1  0  1
9       0  0  1  1  0
10       0  1  0  0  1
11       1  1  1  1  1
12       1  1  1  1  1
13       1  1  1  1  1
14       1  1  1  1  1
15       0  0  1  1  0
16       1  1  1  1  1
17       1  0  1  0  1
18       0  1  0  0  1
19       1  1  1  1  1
20       1  1  1  1  1
21       1  1  1  1  1
22       1  0  0  0  1
23       1  1  1  1  1
24       0  1  0  0  1
25       1  0  1  0  0
26       1  1  1  1  1
27       1  1  1  0  1
28       0  0  1  0  1
29       1  1  0  0  1
30       1  1  1  1  1
31       0  0  1  1  1
32       1  0  0  1  1
33       0  1  0  1  1
34       0  0  0  1  1
35       1  0  1  1  0
36       1  1  1  1  1
37       1  1  1  1  1
38       1  1  1  1  1
39       1  1  1  1  1
40       1  1  0  1  0
41       0  1  1  1  1
42       1  1  0  0  0
43       1  1  1  1  1
44       1  1  1  1  1
45       1  1  1  1  1
46       1  1  1  1  1
47       1  1  1  1  1
48       1  0  0  1  1
49       1  1  1  1  1
50       0  1  0  0  1
51       1  0  0  0  1
52       1  0  0  1  1
53       1  1  0  0  1
54       0  0  0  1  1
55       0  1  0  1  1
56       1  1  0  0  1
57       0  1  0  0  1
58       1  0  1  0  1
59       0  0  1  0  1
60       0  0  1  1  1
61       0  1  0  0  1
62       0  0  1  1  1
63       1  1  1  1  1
64       1  1  1  0  0
65       1  1  1  0  1
66       1  1  0  0  0
67       1  1  1  1  0
68       1  0  1  0  1
69       1  0  1  1  1
70       1  1  1  0  1
71       0  1  1  1  0
72       1  0  0  1  0
73       1  0  0  1  1
74       0  1  1  1  0
75       0  1  0  1  1
76       0  0  0  1  1
77       0  1  0  1  1
78       1  0  0  1  1
79       1  1  0  1  0
80       1  0  0  1  0
81       0  0  1  1  1
82       0  1  1  0  1
83       1  0  1  1  0
84       1  0  1  1  1
85       0  0  0  1  1
86       0  1  1  0  1
87       0  0  1  1  1
88       0  1  0  1  0
89       1  0  0  1  1
90       1  0  0  0  1
91       1  0  0  1  0
92       1  0  1  1  1
93       1  1  0  1  1
94       0  1  0  0  1
95       1  0  0  1  0
96       0  1  0  1  1
97       1  1  0  1  0
98       0  1  0  1  0
99       0  1  1  0  0


0             50        50
1         46.978    12.259
2         34.303    46.305
3         15.012    14.557
4         54.304    68.964
5         36.179    24.329
6         51.759    14.595
7         23.658    89.112
8         19.237    34.925
9         53.599    30.923
10         63.966     80.27
11          86.32    58.246
12         55.348    14.364
13         49.028    62.922
14         53.738    86.182
15         48.243    56.717
16         76.856    67.705
17         44.413    60.894
18         88.725    31.936
19         29.393     64.42
20         54.972    46.517


1     46.17    12.975
2    45.776    10.245
3    44.984    10.901
4    48.567     7.294
5    47.566     5.204
6    32.227    46.848
7    33.853    46.123
8    37.909    39.465
9    42.545    47.828
10    34.832    45.568
11    18.397     17.84
12     8.649     11.79
13    18.216     8.377
14    14.276    13.989
15    10.365    12.299
16    59.383    63.301
17    54.577    68.557
18    53.972    69.265
19    54.125    66.996
20    58.551    77.566
21    35.844    20.057
22    33.785    20.902
23    36.929    24.388
24    36.685    23.368
25    36.161     24.43
26    46.187    13.662
27    55.559     16.39
28    52.027     5.562
29    53.714    11.121
30    45.766     6.632
31    14.544    86.586
32    17.367    90.761
33    21.471    89.798
34    22.159        89
35    22.653     93.66
36     24.49    38.858
37    22.542    29.881
38    18.889    33.334
39    27.026    36.238
40    19.896    37.771
41    55.129    34.621
42    50.919    33.054
43    54.258    30.227
44    54.435    27.395
45    47.208    26.779
46     57.08    80.852
47    63.755    80.409
48    73.613    81.354
49    61.851    79.359
50    62.271     89.49
51    82.055    61.102
52    81.981    58.713
53    78.498    60.444
54    79.632    62.616
55    78.413    60.138
56    61.555    19.755
57    57.023    15.434
58    57.663    23.351
59    55.709    14.195
60     55.05    11.988
61     42.75    60.562
62    43.957    65.688
63     51.13    64.772
64    49.149    62.042
65    53.761    59.566
66    52.662    77.013
67    60.268    85.165
68    46.207    86.729
69    53.428    86.744
70    57.286    88.252
71    54.895    55.379
72    43.526     63.97
73    47.765    56.357
74    45.897    59.081
75    51.619    54.146
76    69.864    64.334
77    79.137    62.013
78    68.508    68.887
79    75.399    68.026
80    75.517    65.767
81    48.195    57.057
82    44.642     60.58
83    43.705     61.03
84    42.284    63.314
85    50.017    58.435
86    88.963     32.25
87      90.8    31.886
88    87.899    27.567
89    87.245    23.967
90    85.825    27.124
91    26.984    64.639
92    30.546    64.436
93    27.908    58.007
94    25.521    62.515
95    29.215    61.514
96    48.597    53.241
97    57.743    38.051
98    58.597    52.124
99    48.359    44.162
100    63.305    47.326
