21 Stops, 200 Students, 20 Max_Walking, 50 Capacity, 5 Days 

0       0  1  1  0  0
1       1  0  1  1  1
2       1  1  0  1  1
3       0  1  1  0  1
4       1  0  1  1  1
5       1  1  0  1  0
6       1  1  1  1  0
7       0  1  1  0  1
8       0  0  1  1  0
9       0  1  0  0  1
10       0  1  1  1  1
11       0  0  0  1  1
12       0  1  0  1  1
13       0  1  1  0  0
14       1  1  0  0  1
15       1  0  1  1  0
16       1  0  0  1  1
17       1  1  0  1  0
18       1  0  1  1  1
19       1  1  1  0  1
20       1  0  0  1  0
21       1  0  1  0  1
22       1  1  0  0  0
23       1  1  1  1  0
24       1  0  0  1  1
25       0  1  1  1  0
26       1  0  1  1  0
27       0  0  1  0  1
28       1  1  1  1  0
29       1  0  0  1  0
30       1  0  1  1  1
31       0  1  1  1  1
32       1  1  1  0  0
33       1  0  0  0  1
34       1  1  0  1  0
35       1  1  1  0  0
36       0  0  1  1  1
37       0  1  0  0  1
38       0  1  0  1  1
39       1  0  1  1  1
40       0  1  0  0  1
41       1  0  1  0  1
42       1  0  1  1  1
43       1  1  1  0  1
44       1  1  1  0  1
45       1  0  1  1  1
46       0  0  1  1  0
47       0  1  1  1  1
48       1  1  0  1  0
49       1  1  0  0  0
50       0  0  1  1  1
51       1  0  0  0  1
52       1  0  1  0  0
53       1  1  1  0  1
54       0  1  0  1  0
55       0  1  1  1  0
56       1  1  1  0  0
57       1  0  1  0  0
58       1  1  0  1  0
59       1  1  1  0  1
60       1  1  1  1  0
61       0  1  0  0  1
62       1  1  0  0  1
63       0  1  0  1  1
64       1  0  0  1  0
65       1  0  1  0  1
66       1  1  1  0  1
67       0  1  1  1  1
68       1  0  1  1  1
69       0  1  1  1  0
70       1  0  0  0  1
71       1  1  0  1  1
72       1  1  1  0  1
73       1  1  0  1  0
74       0  0  0  1  1
75       1  1  0  0  1
76       1  0  0  1  0
77       0  1  1  0  1
78       0  1  0  1  1
79       0  0  1  1  1
80       0  0  1  1  1
81       0  1  0  1  0
82       1  1  1  0  1
83       0  1  1  0  0
84       1  0  1  0  1
85       1  1  1  0  1
86       1  0  0  0  1
87       0  1  0  0  1
88       0  1  1  1  1
89       1  1  0  0  0
90       1  0  1  0  1
91       0  1  1  1  1
92       1  0  0  1  0
93       0  0  1  1  1
94       0  0  1  1  1
95       0  1  1  1  1
96       1  1  1  0  1
97       0  1  0  1  1
98       0  1  0  0  1
99       0  1  1  0  0
100       1  1  1  1  1
101       0  1  1  1  0
102       1  1  1  1  0
103       1  1  0  1  1
104       1  1  1  1  0
105       1  0  1  0  1
106       1  0  0  0  1
107       0  1  1  0  0
108       1  0  1  0  1
109       1  0  0  0  1
110       1  1  0  0  1
111       0  0  1  0  1
112       0  1  0  0  1
113       1  0  1  0  1
114       1  1  0  0  1
115       1  0  0  1  0
116       1  1  1  0  0
117       1  1  1  0  0
118       0  1  0  1  1
119       0  1  0  0  1
120       1  0  1  0  0
121       1  1  1  1  0
122       1  0  1  1  1
123       0  0  0  1  1
124       1  1  0  0  0
125       1  1  0  1  0
126       0  1  1  0  0
127       1  1  0  1  1
128       1  0  0  1  1
129       0  1  0  1  1
130       1  0  1  0  0
131       0  1  0  1  1
132       0  1  1  1  0
133       0  0  0  1  1
134       1  0  1  0  1
135       0  1  0  0  1
136       0  1  1  0  1
137       1  0  0  0  1
138       0  1  0  0  1
139       1  1  1  0  1
140       0  0  1  0  1
141       1  0  1  1  1
142       0  0  0  1  1
143       0  1  0  1  1
144       1  0  1  0  0
145       1  0  0  1  0
146       1  1  0  1  1
147       0  1  0  0  1
148       1  1  0  0  1
149       1  1  0  1  0
150       1  1  1  0  1
151       1  1  0  0  1
152       0  1  0  1  0
153       1  1  1  0  1
154       0  0  1  0  1
155       0  0  0  1  1
156       1  1  0  0  1
157       1  1  1  0  1
158       0  0  1  1  0
159       1  1  0  0  0
160       1  0  0  0  1
161       1  1  1  0  1
162       0  0  0  1  1
163       0  1  0  1  0
164       1  0  1  1  0
165       1  0  1  1  0
166       1  1  0  0  1
167       1  1  1  0  0
168       0  0  1  1  0
169       1  0  0  1  1
170       1  1  1  0  0
171       0  1  1  1  0
172       0  0  1  1  1
173       0  1  1  0  0
174       1  1  0  0  1
175       1  0  1  0  0
176       1  1  1  1  0
177       1  0  0  1  0
178       0  1  1  0  0
179       1  1  1  1  1
180       1  0  1  0  1
181       1  0  0  1  1
182       0  1  1  0  0
183       0  0  1  1  0
184       0  1  1  1  1
185       0  1  0  1  0
186       1  0  1  0  1
187       1  1  0  0  1
188       0  0  0  1  1
189       0  0  1  1  0
190       1  0  0  1  0
191       1  1  1  1  0
192       1  1  1  0  0
193       0  0  0  1  1
194       1  0  1  1  0
195       1  1  0  0  0
196       1  0  0  1  1
197       1  1  0  0  0
198       0  0  1  1  1
199       0  0  1  1  1


0             50        50
1         73.641    49.889
2         51.072    59.951
3         45.803    25.911
4         53.668    54.236
5         41.047    59.438
6         36.087    34.668
7         64.001     27.58
8         32.614    77.295
9         55.249    20.206
10         66.258    46.271
11         58.704    75.493
12          34.54    50.234
13         61.962     42.39
14         30.453    40.204
15          74.18    26.653
16         65.536    66.458
17         58.803    27.576
18         35.749    73.459
19          36.69     60.95
20         42.597    42.272


1    69.704    46.799
2    70.911    37.935
3     88.87    41.199
4    75.939     52.61
5     75.88    39.014
6    84.846    66.162
7    80.946     35.47
8    81.326    51.724
9    77.948    44.562
10     65.77    67.162
11    49.116    59.326
12    46.809    70.895
13    51.277    58.662
14    39.782    65.532
15    51.294     64.66
16    47.537    43.437
17    57.459     62.86
18      43.6    64.365
19    41.719    46.253
20      41.1    62.604
21    58.258    26.882
22    48.987    26.189
23    38.367    29.395
24    50.273     7.189
25    33.324     21.86
26     34.43    33.406
27    30.631    15.808
28     47.34    23.789
29    61.885    28.975
30    44.128    28.545
31    60.228    68.727
32    50.754    65.361
33    50.391    72.264
34    51.974    47.285
35    40.945    60.665
36    65.497    45.907
37    58.589    49.373
38    53.559    50.977
39     42.31    59.015
40    47.522     60.33
41    56.513    59.327
42    34.488     64.38
43    38.319      54.5
44    28.057    66.674
45     41.27    58.903
46    38.368    63.891
47    48.461    59.602
48    36.133    60.676
49    30.462    74.306
50    55.318    68.393
51     35.41    35.505
52    39.824    30.316
53    25.704    36.928
54    37.272    34.064
55     37.46    39.695
56     43.02    45.364
57    37.559    32.259
58    37.433    41.824
59    33.278    30.303
60    34.295    22.372
61    64.121    14.356
62    63.672    28.377
63    54.717    34.717
64    71.835    12.779
65    67.942    24.759
66    66.319    22.316
67    54.576    44.353
68    51.478    30.377
69    77.514    33.856
70    52.247      34.1
71    26.568    75.402
72     14.52    70.652
73    26.096    61.655
74    41.105    68.591
75    30.332    84.567
76    32.569    76.663
77    34.366    74.233
78    30.943    76.761
79    33.144    68.452
80    23.396    84.185
81    55.286    20.805
82    47.024    23.938
83    62.131    34.326
84    50.823    17.711
85     46.79    14.797
86    54.586    13.665
87    68.371     7.592
88    59.742     5.798
89    54.988     19.98
90     48.16    12.651
91    75.769    54.272
92    73.326    45.081
93    51.636    40.843
94    81.264    47.889
95    69.572    45.597
96    63.736     47.97
97    69.103    40.566
98    78.366     47.37
99    57.322    33.985
100    65.409    43.894
101    59.765     74.53
102    52.763    67.203
103     42.89    84.433
104     56.98    75.581
105    51.513    83.269
106    54.227    78.134
107    57.781    81.384
108    59.326    75.028
109    46.159    85.119
110    76.727    76.467
111    36.218    50.198
112    34.275    50.493
113    45.012    54.106
114    28.834    58.876
115    51.489    52.299
116    39.405    49.683
117    42.259    55.246
118    34.738    55.306
119    34.133    38.004
120    35.285    49.253
121    61.924    42.436
122    53.989    50.224
123    57.307    26.642
124    65.917    34.461
125    63.472    40.859
126    62.588    37.631
127    62.455    23.535
128    63.668    41.617
129    75.076    32.213
130    62.656    32.765
131    40.629    39.852
132    13.872    43.973
133    14.571    33.668
134    22.896     43.35
135    29.894    59.737
136    31.412    29.992
137    27.558    56.735
138    10.806    42.406
139     30.35    39.652
140    35.553    38.035
141    69.236     35.93
142    81.858    15.187
143    68.705     21.25
144    68.229    13.239
145     81.23    26.251
146     69.13    23.159
147    81.556    18.981
148    69.402    34.212
149    81.391    19.495
150    90.207    19.656
151     70.36    69.651
152    52.605    55.181
153     56.61    64.418
154    69.312    75.812
155    66.435    66.647
156    68.966    47.313
157    66.627    65.994
158    53.953    56.568
159    71.563    72.585
160    76.876    63.244
161    54.576    23.163
162    69.584     11.91
163    58.621    35.894
164    62.275     8.975
165    62.006    25.915
166     74.74    21.771
167    57.944    27.462
168    60.916    29.738
169    56.072    26.721
170    72.878    30.322
171    36.156    71.975
172    20.651    84.797
173     24.16    76.953
174     17.23    78.646
175    35.413    73.585
176    39.645    67.192
177    30.222    54.843
178    39.534     69.46
179    43.798    80.988
180    35.886    73.561
181    54.531    60.789
182    33.376    48.414
183    39.431    47.955
184    34.747    62.876
185    42.626    54.182
186    54.576    57.682
187    35.384     62.69
188    33.126    65.699
189    31.614     51.31
190    33.975     60.72
191    47.726    35.669
192    57.309    33.933
193    47.543    60.399
194    27.909    46.937
195    45.396    57.307
196    39.364    51.234
197    50.736    40.453
198    57.979    36.201
199    43.504    41.499
200    40.764    46.634
