21 Stops, 100 Students, 10 Max_Walking, 25 Capacity, 5 Days 

0       1  1  1  1  1
1       1  0  1  1  0
2       1  1  1  1  1
3       1  1  1  1  1
4       1  1  1  1  1
5       1  1  1  0  0
6       1  1  0  0  0
7       0  0  1  1  0
8       1  1  1  1  1
9       1  1  1  1  1
10       1  1  1  1  1
11       1  0  0  0  1
12       1  1  0  0  0
13       1  1  0  0  0
14       0  1  1  1  1
15       0  0  1  1  0
16       1  0  0  0  1
17       1  1  1  1  1
18       0  0  0  1  1
19       1  1  1  1  0
20       1  0  0  1  1
21       1  1  1  1  1
22       1  1  1  0  0
23       1  1  1  1  1
24       0  1  0  0  1
25       1  1  1  1  1
26       1  1  1  0  1
27       1  1  1  1  1
28       1  1  1  1  1
29       1  1  1  1  1
30       1  1  1  1  1
31       1  1  0  0  1
32       0  1  0  0  1
33       1  1  1  1  1
34       0  1  1  1  1
35       1  1  1  1  1
36       1  1  1  1  1
37       1  1  1  1  1
38       0  0  1  1  0
39       1  0  1  1  0
40       1  1  1  1  1
41       0  1  0  1  0
42       1  0  1  1  0
43       1  1  1  1  1
44       1  1  1  1  1
45       1  1  1  1  1
46       1  1  0  0  0
47       1  1  1  1  1
48       1  1  1  1  1
49       0  0  1  1  0
50       0  0  1  1  0
51       1  1  1  1  0
52       0  0  0  1  1
53       1  1  1  0  1
54       1  1  1  1  1
55       1  1  0  0  0
56       1  1  0  0  0
57       1  0  0  0  1
58       1  0  1  0  0
59       1  0  1  0  0
60       1  1  1  1  1
61       0  1  1  1  1
62       0  0  1  1  1
63       0  1  1  0  0
64       0  1  0  1  0
65       0  1  1  0  1
66       1  0  0  1  1
67       0  0  1  0  1
68       0  1  0  0  1
69       1  1  1  1  1
70       1  1  1  1  0
71       1  1  1  1  1
72       1  0  1  0  0
73       0  1  0  1  0
74       0  1  0  1  0
75       1  0  1  1  1
76       0  1  1  0  0
77       1  0  0  1  0
78       1  1  1  0  0
79       1  1  1  1  0
80       1  0  1  0  0
81       1  0  1  1  1
82       0  1  1  0  0
83       1  1  0  1  0
84       1  0  1  0  1
85       0  0  0  1  1
86       1  0  0  0  1
87       0  1  1  0  0
88       1  1  1  1  1
89       0  1  0  1  1
90       0  1  0  1  0
91       0  0  1  1  1
92       1  0  0  1  1
93       1  0  1  1  0
94       0  1  1  0  1
95       1  0  1  0  1
96       1  1  1  0  0
97       1  0  1  0  0
98       0  1  1  0  0
99       1  1  1  0  0


0             50        50
1         40.986     11.83
2         38.847    23.073
3         64.103    60.099
4         73.117    74.171
5         58.672    66.364
6         16.971      39.3
7         67.286    70.184
8         24.784    73.048
9         65.263    15.824
10         42.453      39.7
11         15.761    81.282
12         21.149    48.672
13         25.301    69.952
14         54.926    69.469
15         18.089    73.435
16         21.536    86.711
17         73.877    25.506
18         17.193    11.057
19         26.785    67.262
20          64.75    14.204


1    38.405    16.024
2    41.971    17.023
3    39.853    16.028
4    33.502     7.882
5    36.969      8.17
6    44.609    26.016
7    43.179    20.944
8    48.005    21.924
9    39.421    22.775
10    45.569    28.006
11    70.232    55.773
12    62.046    62.081
13    62.148     59.55
14    68.285     62.76
15    64.094    61.911
16    72.894    71.197
17    76.916    69.031
18    70.945    80.281
19    71.138    78.892
20    64.721    78.973
21     59.83    56.634
22    54.736    57.215
23    52.132    70.439
24    59.653    72.138
25    66.984     63.18
26    22.721    39.953
27    21.622    40.697
28    21.378    33.963
29    13.563    33.525
30    16.049     42.05
31    64.909    66.176
32     67.65    72.289
33    74.746     64.23
34    64.741    72.299
35    67.072     70.21
36    30.938    71.899
37    25.028    74.339
38    24.633    70.043
39    25.065    80.376
40    31.347    68.173
41     65.35    15.538
42    70.297    13.906
43    71.587    11.806
44    68.698    16.043
45    71.704    11.548
46    38.229    46.697
47     45.04    38.536
48    43.817     36.72
49    37.344    34.834
50    48.506     40.24
51    13.189    80.673
52    17.802     80.05
53    20.536     84.88
54    19.038    81.712
55    23.256    85.544
56    29.986    45.225
57     21.75    56.452
58    14.455    54.229
59    22.748    52.316
60      13.8    50.823
61    26.985     70.25
62      20.1    66.156
63    27.071    69.694
64    19.642    61.968
65    28.006    77.781
66    59.028    67.858
67    53.597    69.811
68    54.615    67.898
69    54.927    68.547
70    51.915    65.254
71     14.79    73.882
72    17.464    70.324
73    18.527    70.218
74    18.999    71.815
75    19.127    73.086
76    28.961    86.873
77    12.706    90.927
78    30.191    83.583
79     17.27    91.242
80    21.849    93.045
81    82.155    27.131
82    77.905    16.705
83    81.476    29.619
84    77.872    28.595
85    77.474    33.122
86    23.036    15.581
87    19.458    11.345
88    18.351     13.26
89    19.019    16.946
90    24.448    15.604
91    28.869    73.429
92    30.269    74.053
93    25.442    65.326
94    18.406    67.131
95    23.574    75.629
96    72.191    12.309
97    58.364    20.586
98    59.871     9.876
99    65.439    14.624
100    67.357    22.505
