21 Stops, 400 Students, 20 Max_Walking, 50 Capacity, 5 Days 

0       1  1  1  1  1
1       1  1  1  1  1
2       1  1  1  1  1
3       1  1  1  1  1
4       1  1  1  1  1
5       1  1  1  1  1
6       1  1  1  1  1
7       1  1  1  1  1
8       1  1  1  1  1
9       1  1  1  1  1
10       1  1  1  1  1
11       1  1  1  1  1
12       1  1  1  1  1
13       1  0  1  1  0
14       1  1  1  1  1
15       1  1  0  1  1
16       1  1  1  1  1
17       1  1  1  1  1
18       0  1  1  0  1
19       1  1  1  1  1
20       1  1  1  1  1
21       1  1  1  1  1
22       1  1  1  1  1
23       1  1  1  1  1
24       1  1  1  1  1
25       0  1  0  1  0
26       1  1  1  1  1
27       1  1  1  1  1
28       1  0  0  1  0
29       1  0  1  0  0
30       1  0  0  0  1
31       1  1  1  0  1
32       1  1  1  1  1
33       1  1  0  0  1
34       1  1  1  1  1
35       1  1  1  0  0
36       1  1  1  1  1
37       1  1  1  1  1
38       1  1  1  1  1
39       1  0  0  0  1
40       0  1  0  1  1
41       0  1  0  0  1
42       1  0  1  1  0
43       0  1  0  0  1
44       1  1  1  1  1
45       1  1  1  1  1
46       1  1  1  1  0
47       1  1  0  1  0
48       0  1  1  0  0
49       0  1  1  0  1
50       0  1  1  0  0
51       1  1  1  1  1
52       1  1  1  1  1
53       1  1  1  1  1
54       1  0  0  0  1
55       1  1  1  0  0
56       1  1  1  1  1
57       1  1  1  1  1
58       0  1  0  0  1
59       0  0  1  0  1
60       0  1  0  0  1
61       1  0  0  0  1
62       1  1  1  0  1
63       1  0  1  0  0
64       1  0  0  1  0
65       1  1  1  1  1
66       1  1  1  1  1
67       1  1  1  1  1
68       1  1  1  0  0
69       1  1  1  1  1
70       1  1  1  0  0
71       1  1  1  1  1
72       1  1  1  1  1
73       1  1  1  1  1
74       1  1  1  0  1
75       0  0  1  0  1
76       1  0  1  1  0
77       1  1  1  1  1
78       1  0  0  0  1
79       1  1  1  0  0
80       0  0  1  1  1
81       1  1  1  1  1
82       1  1  1  1  1
83       0  1  0  0  1
84       0  1  1  1  0
85       1  1  1  1  1
86       1  1  1  1  1
87       1  1  1  1  1
88       1  1  1  0  1
89       1  1  1  1  1
90       1  1  1  1  1
91       1  1  1  1  1
92       1  1  1  1  1
93       0  1  1  1  1
94       1  1  1  1  1
95       1  1  1  1  1
96       1  1  1  1  1
97       1  1  1  1  1
98       1  1  1  1  1
99       1  1  1  1  0
100       1  1  0  1  0
101       1  1  1  1  1
102       0  1  1  0  1
103       1  1  1  1  1
104       1  1  1  1  1
105       1  1  1  1  1
106       1  1  1  1  1
107       0  1  0  0  1
108       1  1  1  1  1
109       1  0  0  1  0
110       1  1  1  1  1
111       1  1  1  1  1
112       0  0  0  1  1
113       1  1  1  1  1
114       1  1  1  1  1
115       0  1  1  1  1
116       1  1  1  1  1
117       1  1  1  1  1
118       1  1  1  1  1
119       1  1  1  1  1
120       0  1  0  0  1
121       0  1  0  1  1
122       1  1  1  1  1
123       1  1  1  1  1
124       1  0  0  1  0
125       1  1  1  1  1
126       1  1  1  1  1
127       0  1  1  1  0
128       1  0  1  0  1
129       1  1  1  1  0
130       1  1  0  0  0
131       1  1  0  0  1
132       1  0  1  1  1
133       1  1  1  1  1
134       1  1  0  1  1
135       1  0  0  0  1
136       0  1  1  0  0
137       1  1  0  1  0
138       0  1  0  1  1
139       1  1  1  1  1
140       0  0  1  0  1
141       0  1  1  0  1
142       1  1  1  1  1
143       1  1  1  1  1
144       1  1  1  0  0
145       1  1  1  1  1
146       1  1  1  1  1
147       1  1  1  1  1
148       1  1  1  1  1
149       1  1  1  1  1
150       0  1  1  0  1
151       1  1  1  1  1
152       1  1  1  1  1
153       1  0  1  1  1
154       0  1  1  0  0
155       0  1  1  0  0
156       1  1  1  1  1
157       1  1  1  1  1
158       0  1  1  0  1
159       0  1  0  1  1
160       1  1  1  1  1
161       1  1  1  1  1
162       1  1  0  0  1
163       1  1  1  1  0
164       1  1  0  0  1
165       0  1  1  1  1
166       1  1  1  1  1
167       1  0  1  1  0
168       1  1  0  1  1
169       1  0  0  0  1
170       0  0  0  1  1
171       1  1  1  1  1
172       1  1  1  0  1
173       0  0  0  1  1
174       0  1  0  1  0
175       0  0  0  1  1
176       1  0  0  1  1
177       1  1  1  1  1
178       0  1  1  1  1
179       1  0  1  1  0
180       1  1  1  1  1
181       1  1  1  1  1
182       1  1  1  0  1
183       1  0  1  1  0
184       1  1  1  1  1
185       1  1  1  0  1
186       0  1  1  1  1
187       0  1  0  1  0
188       0  0  1  1  1
189       0  0  1  0  1
190       1  1  1  1  1
191       1  1  1  1  1
192       1  1  0  1  0
193       0  0  0  1  1
194       1  1  1  0  0
195       0  1  1  0  1
196       0  0  0  1  1
197       1  0  0  0  1
198       1  0  0  1  1
199       0  1  1  1  0
200       1  1  1  1  1
201       1  1  1  1  1
202       1  1  1  1  1
203       0  0  1  1  0
204       0  0  1  0  1
205       1  0  1  1  1
206       1  1  1  1  1
207       1  1  1  1  1
208       1  1  1  1  1
209       1  1  1  1  1
210       1  1  1  1  1
211       0  1  1  0  0
212       0  0  0  1  1
213       1  1  1  1  1
214       1  0  0  1  1
215       1  1  1  1  1
216       0  1  0  1  1
217       1  1  0  1  0
218       1  0  1  1  0
219       1  1  1  1  1
220       1  1  1  1  1
221       0  0  1  1  0
222       1  1  1  1  1
223       1  1  1  1  1
224       0  1  1  1  1
225       0  0  0  1  1
226       0  0  1  0  1
227       1  1  1  1  1
228       1  1  1  1  1
229       1  1  1  1  1
230       1  1  1  1  1
231       1  1  1  1  1
232       1  1  1  1  1
233       0  1  1  1  0
234       0  1  1  1  1
235       1  0  1  1  0
236       1  1  0  1  1
237       1  1  0  0  1
238       1  1  1  1  1
239       1  1  1  1  1
240       1  1  1  1  1
241       1  1  0  0  0
242       1  1  1  1  1
243       1  1  1  1  1
244       1  0  1  0  0
245       1  1  1  1  1
246       1  1  1  1  1
247       0  1  1  1  0
248       1  1  0  1  1
249       0  0  0  1  1
250       0  1  1  1  0
251       1  1  1  1  1
252       1  0  1  1  1
253       1  1  1  1  1
254       1  0  1  1  1
255       1  1  1  1  1
256       1  1  1  1  1
257       1  1  1  1  1
258       0  0  1  0  1
259       1  1  0  1  0
260       1  0  1  0  1
261       0  0  1  1  0
262       1  1  1  1  1
263       1  1  1  1  1
264       0  0  1  0  1
265       1  1  1  1  1
266       1  1  1  1  1
267       0  0  0  1  1
268       1  1  1  1  1
269       1  1  1  1  1
270       1  1  1  1  1
271       1  1  1  0  0
272       1  1  1  1  1
273       1  1  1  1  1
274       0  1  1  1  0
275       0  1  1  0  0
276       1  1  1  1  1
277       0  1  0  0  1
278       1  1  1  0  1
279       1  1  1  1  1
280       1  1  1  1  1
281       1  1  1  1  1
282       1  0  1  1  0
283       1  1  0  1  0
284       1  1  0  1  1
285       1  0  0  0  1
286       1  0  0  1  0
287       0  0  1  1  0
288       0  1  1  0  0
289       1  1  1  1  1
290       1  1  1  1  1
291       1  1  1  1  1
292       1  1  1  1  1
293       1  1  1  1  1
294       0  0  1  1  1
295       1  0  0  1  1
296       1  1  1  0  0
297       1  1  1  1  1
298       1  1  1  1  1
299       1  0  0  1  0
300       1  1  1  1  1
301       1  1  1  1  1
302       1  0  0  0  1
303       1  1  1  1  1
304       1  0  1  1  0
305       1  1  1  1  1
306       1  1  1  1  1
307       1  1  1  1  1
308       1  1  0  1  0
309       1  1  1  1  1
310       0  1  1  1  1
311       1  1  0  1  1
312       1  1  1  1  1
313       1  1  1  1  1
314       1  0  0  0  1
315       1  1  1  1  1
316       0  1  0  1  0
317       1  0  0  0  1
318       0  1  1  1  1
319       0  1  1  1  0
320       0  1  1  0  0
321       1  1  1  1  1
322       0  0  0  1  1
323       1  0  1  1  1
324       1  1  1  1  1
325       0  0  1  1  1
326       0  0  1  1  0
327       1  1  1  1  1
328       1  0  1  0  0
329       1  1  0  1  0
330       0  1  0  1  1
331       1  0  1  1  1
332       0  0  1  0  1
333       1  1  1  1  1
334       1  1  1  1  1
335       1  1  1  1  1
336       1  0  1  1  1
337       1  0  1  0  0
338       0  0  0  1  1
339       1  1  1  1  1
340       1  1  1  1  1
341       0  0  1  0  1
342       1  1  1  1  1
343       1  1  1  1  1
344       1  1  1  1  1
345       1  1  0  1  0
346       1  1  1  1  1
347       1  1  1  1  1
348       1  1  0  1  0
349       1  1  1  1  1
350       0  0  0  1  1
351       1  0  1  1  1
352       1  1  1  1  1
353       1  1  1  1  1
354       0  1  1  0  1
355       0  1  1  0  0
356       1  0  0  0  1
357       1  1  1  1  1
358       1  1  1  0  0
359       1  1  1  0  1
360       1  0  1  0  1
361       1  1  1  1  1
362       1  1  1  1  1
363       1  1  1  1  1
364       1  1  1  1  1
365       0  1  0  1  0
366       1  1  1  1  1
367       1  0  0  1  0
368       1  1  1  1  1
369       1  0  1  0  1
370       1  1  1  1  1
371       1  1  1  1  1
372       1  1  1  1  1
373       1  1  1  1  1
374       1  1  1  1  1
375       0  1  0  1  0
376       1  1  1  1  1
377       1  1  1  1  1
378       1  1  1  1  1
379       1  1  1  1  1
380       1  1  1  1  1
381       1  1  1  1  1
382       1  1  1  1  1
383       1  1  1  1  1
384       1  1  1  1  1
385       1  1  1  1  1
386       0  0  1  0  1
387       1  1  0  1  0
388       1  1  1  1  1
389       1  0  0  1  1
390       1  1  1  1  1
391       1  1  1  1  1
392       1  1  1  1  1
393       0  1  0  0  1
394       1  1  1  1  1
395       1  0  1  1  0
396       1  0  0  0  1
397       1  1  1  1  1
398       1  1  1  1  1
399       1  1  1  1  1


0             50        50
1         50.141    34.785
2         73.044    47.086
3          46.57    49.962
4         44.564    36.147
5         45.204    41.861
6         55.358    28.235
7         56.399    20.198
8         23.254     24.31
9         41.569    26.298
10         42.017    75.522
11         72.178     42.29
12          51.62    36.306
13         45.518    34.079
14         65.529    67.663
15         50.328     62.54
16         59.716    37.389
17         39.096    48.839
18         72.036    57.484
19         54.088    21.098
20         50.651    57.484


1    55.008     37.82
2    53.868    32.267
3    56.542    21.911
4    49.253    36.995
5    55.447    34.176
6    66.239    38.305
7    49.984    46.796
8    56.094    28.149
9    65.635    29.024
10    63.364    36.651
11    46.023    38.474
12    49.627     36.26
13    31.056    36.676
14    53.592    37.079
15    44.302    37.665
16    49.989    23.978
17    50.027    28.893
18    50.684    27.804
19    47.767    29.063
20    34.575    31.358
21    67.975    48.651
22    75.388    51.264
23     73.01    47.307
24    74.563    48.799
25    78.274    37.396
26    66.627     50.87
27    64.841    49.033
28    77.325    43.362
29    61.001    51.836
30    70.416    51.307
31    82.141    55.714
32    62.886    48.225
33    73.123    42.413
34    71.897    60.948
35    86.248    34.345
36    65.842     41.68
37    74.776     44.59
38    72.102    43.722
39    71.693    49.771
40    76.788    42.071
41    44.752    47.284
42    40.885    31.106
43    40.024    37.745
44    43.027    49.918
45    49.509    50.765
46    34.394    56.426
47    26.823    50.667
48    35.135    63.774
49    58.292    55.072
50    44.081    57.655
51    39.088    41.098
52    50.758    48.251
53    45.869    37.656
54    48.313    45.913
55    53.593     44.13
56    46.902    50.012
57    54.512    35.047
58    47.611    58.454
59    54.356    39.506
60    33.973    36.648
61    39.101    35.007
62    41.958    29.348
63    54.841    22.372
64    33.771    27.914
65    40.811    19.824
66    57.438    31.626
67    59.175    44.782
68    43.552    34.549
69    49.259    26.626
70    42.042    35.497
71    49.112    29.025
72    59.193    22.687
73    46.254    33.163
74    28.828    44.122
75    30.956    40.418
76    40.942    25.266
77    43.783    37.387
78    51.379    34.656
79    33.274    42.774
80    45.274    34.017
81    36.436    32.371
82    56.168    46.647
83    44.242    39.496
84    35.695    45.451
85    34.315    28.484
86    47.073    44.297
87    46.415     40.69
88    49.718    48.129
89    39.541     35.74
90      47.4    31.351
91    53.084    35.152
92     42.29    52.185
93    47.002    48.293
94    50.537    32.048
95    28.927    51.384
96    51.521    46.674
97    53.577    37.826
98    44.582     56.85
99    48.393    47.919
100    46.952    40.787
101    57.083    23.312
102    52.657    26.205
103     44.55    25.146
104    58.962    25.622
105    43.849    36.858
106    58.903    37.393
107    57.953    43.043
108    69.354    40.754
109    55.603    25.264
110    59.654    26.922
111    61.344    19.359
112    68.817    18.245
113    42.622    29.513
114      59.5    31.296
115     58.13    30.248
116    60.037    29.599
117    36.061    27.907
118    42.354    24.977
119    49.709    12.818
120    69.806    18.456
121    64.975    22.146
122    74.207    26.827
123    67.369     30.08
124    45.326    31.424
125    66.659      5.75
126    40.664    10.804
127    50.777     23.48
128    73.033    22.456
129    56.507    21.119
130    56.545    34.255
131    48.408    11.698
132    53.554    25.382
133    61.074    12.837
134    56.288     19.03
135    66.313    19.037
136    59.504     2.396
137     38.84    12.872
138    53.728     20.43
139    56.181    20.995
140    67.704    25.989
141    24.699     27.13
142    24.197    25.307
143    26.206    15.891
144    23.086    12.783
145    19.075     9.491
146    24.507    13.433
147    33.135    22.908
148    24.468    26.437
149    23.537    23.431
150    39.586    33.005
151    15.642    28.303
152    20.075    17.002
153     30.23    13.796
154    28.491    16.899
155    21.501    18.223
156    25.973    22.262
157    41.816    21.459
158    25.736    26.919
159    21.881    28.054
160    12.841    18.918
161     59.96    31.652
162    27.903    36.908
163    38.071    24.974
164    47.286    22.544
165    32.395    15.247
166    39.655    11.508
167    48.005    34.814
168    39.418    13.645
169    41.189    22.215
170    30.106     26.04
171     41.85    27.038
172     56.54    17.373
173    45.913    43.748
174    48.726    30.432
175    40.268    23.971
176    43.088    31.877
177    32.637    24.829
178    29.028     19.47
179    57.152    18.085
180    54.267    16.287
181    47.314    78.787
182    60.531    77.028
183     51.19    72.811
184    47.808    86.958
185    41.947    72.506
186    45.606    71.549
187    41.035    75.467
188    45.988    74.492
189    49.768    61.199
190    42.264    76.457
191    54.435    65.387
192    42.129    83.678
193    43.714    63.636
194    47.741    70.209
195     32.23    92.552
196    27.386    71.914
197    41.064    77.028
198    32.022    79.382
199     60.81    76.031
200    60.268     75.43
201    57.621    46.847
202    69.716    42.531
203    77.293    40.583
204    73.295    36.576
205    70.611    39.973
206     78.89    40.451
207    76.254     42.78
208    67.475    51.969
209    72.557    40.161
210    62.901    39.652
211    71.562    44.673
212    80.437    48.388
213    75.783    47.338
214    75.141     47.86
215    63.173    38.338
216    66.387    39.759
217    87.338    54.813
218    64.735    37.004
219    65.921    30.891
220    72.234    48.705
221    33.868    44.847
222    51.838    51.863
223    54.646    23.179
224    52.003    39.201
225    44.203    35.258
226    51.519    36.808
227    35.499     37.23
228    51.331    35.734
229    57.492    34.844
230    53.743    27.194
231    58.739    39.737
232    58.626    22.543
233    67.761    24.849
234    49.851    41.465
235    55.417    25.959
236    46.057     41.79
237    52.411    17.972
238    67.367     36.68
239    57.858    35.516
240    50.416    49.605
241    42.537    43.956
242    60.126    46.411
243    37.966    37.264
244     44.15    16.174
245    40.414     34.66
246    41.364    33.016
247    51.021    37.281
248    45.517    35.253
249    53.521    34.033
250    49.602    34.361
251    47.145    37.735
252    50.515    28.971
253    42.869    27.593
254    59.323    27.521
255    45.876    53.976
256    41.009    36.394
257    37.553    42.173
258    51.239    17.809
259     43.98    34.613
260     51.84    42.541
261    66.364    65.658
262     51.91    58.471
263    64.706     72.04
264    55.655    61.153
265    65.346    68.653
266    56.968    78.719
267    76.428     65.11
268    55.635    66.447
269    69.931    59.535
270    70.793    64.447
271    59.938     75.62
272    53.537    66.002
273    65.075    65.622
274    69.552    49.937
275    73.466    70.758
276    72.731    58.497
277    65.461    67.742
278    66.704     58.32
279    58.187    49.469
280    66.125    65.473
281    55.693    56.144
282    37.341    64.925
283    53.651    46.073
284    58.354    71.162
285    52.851    69.297
286    58.146     55.82
287    44.713    65.983
288    47.306    63.665
289    63.142    55.625
290    47.089    63.656
291    46.178    70.902
292    53.525     73.04
293    50.028    78.728
294    31.741    62.401
295    49.998    66.341
296     41.32    69.861
297    42.928    58.143
298     46.23    69.299
299    33.533    59.317
300    38.176     74.17
301    66.621     40.36
302    54.206    39.347
303     59.65    37.764
304    59.939    36.111
305    58.522    38.149
306    55.256    32.719
307    66.629    33.266
308    44.714    41.017
309    62.413    24.992
310    58.767    17.813
311    63.742    28.918
312    51.425    46.133
313    54.541    26.949
314    72.309    23.692
315    49.806    44.733
316    47.794    44.391
317    74.606    47.513
318    56.781    41.596
319    54.522    42.647
320    59.864    33.426
321    45.527    56.803
322    31.643    60.786
323    36.949    64.098
324    40.864    50.346
325    39.128    48.676
326    56.294    43.912
327    43.417    55.029
328    22.719    57.235
329    43.137     30.47
330    41.999    55.193
331     39.45    47.568
332    32.641    52.645
333    29.817    60.475
334    30.818    31.892
335    39.776    49.831
336    36.576    48.339
337    42.202    46.153
338    34.857    47.103
339    36.307    31.987
340    42.046    42.463
341    73.431    57.866
342    74.299    60.364
343    77.432    45.758
344    55.767      47.6
345    71.941    57.428
346    70.005    59.976
347    89.541    61.127
348    55.158    61.574
349     68.67    54.135
350    55.961    46.333
351    68.424    39.375
352    75.763    60.839
353    70.344    76.537
354    70.048    48.322
355    74.279    57.202
356    70.393    60.127
357    62.095    66.755
358    71.965    43.544
359    73.744    61.646
360    79.148    41.996
361    56.274    35.033
362    52.488     34.47
363    49.512     30.04
364    55.271    26.172
365    53.848    24.521
366    67.719    35.485
367    56.635     5.864
368    60.245    36.229
369    40.397    35.602
370    53.964    35.921
371    54.977     6.014
372    44.985    16.681
373    51.907     7.684
374    53.019    29.306
375    52.451    22.218
376    43.247    27.681
377    55.076    22.055
378    69.769    21.029
379    70.069    26.235
380    52.407     21.77
381    43.845    71.949
382     53.08    58.546
383    50.188    57.444
384    51.886    57.661
385    60.131    59.432
386    68.734    59.295
387    52.443    53.885
388    46.929    59.675
389    50.744      57.1
390    45.244    47.573
391    53.138    45.908
392    47.542    55.602
393    44.688    45.445
394    31.581    62.216
395    50.566    58.529
396    45.922    59.657
397    42.931    47.317
398    44.092     68.08
399    46.958    41.134
400    34.076    53.115
