21 Stops, 400 Students, 40 Max_Walking, 50 Capacity, 5 Days 

0       1  1  1  0  0
1       0  1  0  0  1
2       0  1  1  1  1
3       0  0  1  0  1
4       1  1  1  1  0
5       1  0  0  0  1
6       1  1  0  0  0
7       1  0  0  1  0
8       1  1  1  1  1
9       1  0  0  0  1
10       0  1  1  1  1
11       0  1  0  1  1
12       1  1  0  1  1
13       1  1  1  0  0
14       1  1  1  1  1
15       0  1  1  0  1
16       1  0  0  0  1
17       1  0  1  1  1
18       0  1  0  0  1
19       1  0  0  0  1
20       1  0  0  1  1
21       1  0  1  0  1
22       1  1  0  0  1
23       1  1  1  0  0
24       0  1  1  0  0
25       1  0  1  1  1
26       1  1  1  1  1
27       1  0  0  1  0
28       0  1  1  1  1
29       1  1  1  0  1
30       1  1  1  1  1
31       0  1  1  1  0
32       0  0  0  1  1
33       1  1  1  1  1
34       1  0  1  0  1
35       0  1  1  0  0
36       1  0  0  0  1
37       1  1  1  1  1
38       0  1  0  1  1
39       1  1  1  0  0
40       1  1  1  0  1
41       0  1  1  1  0
42       1  1  1  0  1
43       1  0  0  1  1
44       0  1  0  0  1
45       0  1  0  1  1
46       0  0  0  1  1
47       0  0  0  1  1
48       0  1  0  0  1
49       1  1  1  0  1
50       0  0  0  1  1
51       1  0  1  0  1
52       0  1  1  1  0
53       0  0  0  1  1
54       0  1  1  0  0
55       0  1  0  0  1
56       1  0  0  1  0
57       0  1  0  1  0
58       0  1  1  1  0
59       1  1  1  1  1
60       1  1  0  1  1
61       1  0  1  1  0
62       1  0  1  0  1
63       1  1  0  1  1
64       0  1  1  1  0
65       0  1  0  1  1
66       0  1  1  0  0
67       1  1  0  1  0
68       1  0  1  1  1
69       1  1  0  0  0
70       0  1  0  1  1
71       1  1  1  0  0
72       1  0  0  0  1
73       1  1  1  1  1
74       0  1  1  1  1
75       1  1  1  0  0
76       0  1  0  1  0
77       1  0  1  1  0
78       1  0  1  1  1
79       1  0  1  0  0
80       1  0  0  0  1
81       1  1  1  1  0
82       0  0  1  1  1
83       1  0  1  1  0
84       0  0  1  1  0
85       0  1  1  0  1
86       1  1  1  0  1
87       1  0  1  0  0
88       0  1  1  1  1
89       1  1  1  0  0
90       0  0  1  1  0
91       0  1  0  1  1
92       1  1  1  1  0
93       1  1  0  1  0
94       1  0  0  1  1
95       1  0  0  0  1
96       1  1  1  1  0
97       1  1  0  1  0
98       1  1  0  1  1
99       0  1  0  0  1
100       1  1  1  0  0
101       1  0  1  1  0
102       1  1  0  1  0
103       1  0  1  1  0
104       0  0  1  1  0
105       0  1  0  1  1
106       1  1  1  0  1
107       1  1  1  0  0
108       1  0  0  0  1
109       1  1  0  0  1
110       1  1  0  0  1
111       1  0  1  1  1
112       0  0  1  1  0
113       0  1  1  1  1
114       0  0  1  1  1
115       1  0  0  0  1
116       0  0  1  1  0
117       0  0  1  0  1
118       1  0  0  1  1
119       0  1  1  1  0
120       0  1  1  0  1
121       0  1  1  0  0
122       0  1  1  1  1
123       0  1  1  0  1
124       0  0  0  1  1
125       1  0  0  0  1
126       0  0  1  0  1
127       0  0  0  1  1
128       1  0  1  1  1
129       1  0  0  0  1
130       1  1  1  1  0
131       1  0  0  1  0
132       1  1  1  0  0
133       0  0  1  1  1
134       0  1  0  1  1
135       0  1  1  0  1
136       1  0  1  0  1
137       1  0  1  0  1
138       1  1  0  1  0
139       1  1  0  0  1
140       1  1  1  0  0
141       1  1  0  1  1
142       1  1  1  1  1
143       1  1  0  0  0
144       0  1  0  0  1
145       0  1  1  1  0
146       1  1  0  0  1
147       0  0  1  0  1
148       1  0  1  0  0
149       0  1  0  1  0
150       0  0  0  1  1
151       1  1  1  1  1
152       0  0  1  1  0
153       1  1  1  1  1
154       0  0  0  1  1
155       0  0  0  1  1
156       0  1  0  1  1
157       0  1  1  1  0
158       1  1  0  0  1
159       1  1  1  0  0
160       0  1  1  1  0
161       1  0  1  1  1
162       0  1  1  0  0
163       0  1  1  1  1
164       0  1  1  0  1
165       1  1  1  1  0
166       1  1  0  1  0
167       1  0  1  1  0
168       0  1  1  1  0
169       1  1  0  1  0
170       0  1  0  1  0
171       1  1  1  0  1
172       0  1  0  1  1
173       0  1  1  1  1
174       1  0  0  1  1
175       1  1  0  0  1
176       1  0  1  0  1
177       0  1  1  0  1
178       0  1  0  0  1
179       1  1  1  0  0
180       1  1  1  1  1
181       1  0  1  0  1
182       1  0  0  0  1
183       0  0  1  0  1
184       0  1  1  0  1
185       1  1  0  0  1
186       0  1  1  1  1
187       1  0  1  0  1
188       0  1  0  0  1
189       0  0  1  1  1
190       0  0  1  0  1
191       1  0  1  1  1
192       0  1  1  1  1
193       1  1  1  0  1
194       1  0  0  1  1
195       1  0  0  0  1
196       0  1  0  0  1
197       1  0  1  0  1
198       1  1  1  0  0
199       0  1  0  0  1
200       0  0  1  1  0
201       1  1  0  0  1
202       0  1  1  1  0
203       1  1  1  1  1
204       1  1  1  0  0
205       1  0  0  1  1
206       1  0  1  1  0
207       0  0  1  0  1
208       0  0  1  1  1
209       1  0  1  1  1
210       1  0  1  1  0
211       1  1  1  1  0
212       0  0  1  1  1
213       0  1  1  0  1
214       0  1  1  0  1
215       1  0  1  0  1
216       0  0  1  0  1
217       1  0  0  1  0
218       0  1  0  1  0
219       1  0  0  0  1
220       1  1  1  0  0
221       1  1  1  1  0
222       1  1  1  0  0
223       0  1  0  0  1
224       0  0  1  1  1
225       1  1  0  0  1
226       0  1  0  0  1
227       0  0  1  1  0
228       1  0  0  1  1
229       1  0  1  0  1
230       0  0  0  1  1
231       0  1  1  0  1
232       0  1  1  0  0
233       0  0  1  1  1
234       0  1  1  0  1
235       1  1  0  1  0
236       1  0  0  0  1
237       1  1  0  1  1
238       0  1  0  1  1
239       1  1  0  1  0
240       1  1  1  0  1
241       1  1  1  1  1
242       1  0  1  0  0
243       0  1  1  0  1
244       0  1  1  0  0
245       0  0  0  1  1
246       1  0  1  0  0
247       0  1  0  0  1
248       1  0  1  1  0
249       1  1  1  1  0
250       0  1  0  0  1
251       1  1  0  1  1
252       1  0  1  0  0
253       1  0  1  0  1
254       1  1  1  0  0
255       1  0  1  0  1
256       1  1  0  1  0
257       1  1  1  0  0
258       0  1  1  0  0
259       1  0  0  1  1
260       1  1  0  0  1
261       1  1  0  0  1
262       0  1  1  1  0
263       0  1  1  0  0
264       0  0  1  1  0
265       1  1  1  0  0
266       0  1  1  0  0
267       1  0  1  0  0
268       1  0  0  1  0
269       1  1  0  1  1
270       0  1  0  0  1
271       1  1  1  0  0
272       0  0  0  1  1
273       1  0  1  1  1
274       1  0  1  1  1
275       0  1  0  1  0
276       0  1  1  1  1
277       0  1  0  1  1
278       1  0  0  1  1
279       1  0  0  0  1
280       1  1  1  1  1
281       1  1  1  0  1
282       0  1  1  0  1
283       1  1  1  0  0
284       0  1  1  1  0
285       0  0  1  1  0
286       0  1  1  0  1
287       1  0  1  0  0
288       1  1  1  1  0
289       1  1  1  0  1
290       1  1  0  1  0
291       0  0  0  1  1
292       1  0  0  0  1
293       1  1  0  1  1
294       0  0  1  0  1
295       1  0  1  0  1
296       0  0  0  1  1
297       1  1  1  0  0
298       1  0  0  1  1
299       1  0  1  0  1
300       0  1  1  1  1
301       1  1  1  1  0
302       1  1  0  1  0
303       1  1  1  0  1
304       0  0  0  1  1
305       0  0  1  1  1
306       1  1  0  1  1
307       0  0  1  0  1
308       1  0  1  1  1
309       0  1  1  0  1
310       0  1  1  1  0
311       0  1  0  1  1
312       1  1  1  0  0
313       0  0  1  1  0
314       1  1  0  1  0
315       0  1  0  1  1
316       0  1  1  1  0
317       1  1  1  0  1
318       0  1  1  0  1
319       0  1  0  1  0
320       0  0  1  1  0
321       1  0  0  1  1
322       1  1  1  0  0
323       1  1  0  0  0
324       0  1  0  0  1
325       1  0  1  1  0
326       1  0  0  1  1
327       1  1  1  1  0
328       0  1  0  1  0
329       1  1  0  0  1
330       1  0  1  1  0
331       0  0  0  1  1
332       1  0  1  0  0
333       0  0  0  1  1
334       1  1  0  1  1
335       1  0  0  1  1
336       0  1  1  1  0
337       1  1  0  0  1
338       1  0  1  1  1
339       0  1  1  0  1
340       1  0  0  0  1
341       1  1  1  1  0
342       0  0  1  0  1
343       0  1  0  1  0
344       1  0  0  1  0
345       1  0  0  1  0
346       1  0  1  1  0
347       1  0  0  0  1
348       1  0  0  1  0
349       1  0  0  1  0
350       1  1  0  0  0
351       0  0  0  1  1
352       0  1  1  0  0
353       0  1  1  0  0
354       0  0  1  0  1
355       1  1  0  0  1
356       1  0  1  0  0
357       1  1  0  0  0
358       1  1  1  1  0
359       0  0  1  1  1
360       0  0  1  1  1
361       1  1  1  1  0
362       0  1  0  0  1
363       1  1  0  0  0
364       1  1  1  0  0
365       1  0  0  1  0
366       1  0  0  0  1
367       0  1  0  1  1
368       0  0  1  0  1
369       0  1  1  1  1
370       0  0  1  1  0
371       1  0  1  0  0
372       1  1  0  1  1
373       1  0  1  1  1
374       1  0  0  1  1
375       0  1  0  1  0
376       1  1  0  1  1
377       1  0  1  0  1
378       1  1  0  1  0
379       0  1  0  1  0
380       1  1  1  1  1
381       1  0  0  0  1
382       0  1  0  0  1
383       0  0  0  1  1
384       0  0  1  1  0
385       1  0  1  1  1
386       0  0  1  0  1
387       0  1  0  0  1
388       0  0  1  1  1
389       1  1  1  0  1
390       0  0  0  1  1
391       0  1  1  0  1
392       0  1  0  1  0
393       1  1  0  1  0
394       1  1  0  1  0
395       0  1  0  1  1
396       1  0  1  0  0
397       0  1  1  0  1
398       0  1  1  0  0
399       0  0  0  1  1


0             50        50
1         50.245    40.948
2         52.301    48.614
3         49.806    51.241
4          54.74    46.592
5         53.365    53.899
6         47.407     47.56
7         55.906    45.139
8           49.8    56.078
9         53.769    55.773
10         51.967    45.861
11         42.618     58.85
12         42.161    44.581
13         56.297    49.105
14          43.22    50.183
15         45.835    47.725
16          56.96     57.52
17         55.739    46.227
18         46.147    46.907
19         51.326    54.486
20          58.35    54.835


1    41.549     7.623
2    32.243    26.294
3     30.07    12.994
4    29.565    41.262
5    44.987    60.074
6    54.484     5.781
7    34.435    43.248
8    58.099    15.669
9    78.262    45.446
10    68.868    22.827
11    51.628    49.814
12     47.48    10.253
13      76.8    58.954
14    43.463    35.916
15    32.602    56.407
16    61.489    50.695
17    28.457    22.609
18    27.421    63.957
19    66.768    40.465
20    35.887    26.497
21    48.641    58.749
22    26.689    71.485
23    44.354    40.643
24    56.856    55.105
25    30.572    23.072
26    21.713    32.947
27    50.289    11.849
28    51.285    60.645
29    53.106    77.604
30    67.292    57.166
31    51.494     51.78
32     66.17    34.326
33    79.575    43.374
34    46.518    44.283
35    49.877    50.992
36    52.082    50.008
37    52.695    48.506
38    48.308    82.142
39    83.799    33.315
40    59.799    83.195
41    81.342    27.826
42    55.572    39.365
43    46.491    57.292
44    32.127    53.114
45    64.391     74.18
46    69.042    48.997
47    56.981    54.295
48    32.252    16.635
49    55.057    36.464
50     49.56    74.385
51    14.682    40.125
52    66.394    52.724
53    55.338    79.166
54    43.359    81.625
55    18.809    60.167
56    85.137    49.047
57    24.091    49.594
58    41.594    69.128
59     21.25    37.822
60     50.37    44.902
61    53.339    77.867
62    32.128    17.187
63    27.917    62.595
64    53.107    53.972
65    48.322    47.301
66    77.375    31.759
67    68.152    47.166
68    64.647    58.812
69    24.483    58.628
70    29.572    32.533
71    79.362    41.958
72    66.086    35.568
73    38.186    18.697
74    54.059     43.77
75    59.724    35.937
76    56.537    25.019
77    81.249    20.298
78    64.699    50.919
79    78.385    37.088
80    61.891    46.063
81    37.873    53.148
82    49.668    44.206
83    66.124    49.574
84    59.264    28.774
85    58.192    50.691
86    50.381    61.245
87    73.889    30.405
88    63.613    40.123
89    63.393    59.212
90    53.986    49.418
91    26.638    51.825
92    56.395    46.862
93    31.446    81.437
94    20.534    74.084
95    92.129    61.548
96    59.541    35.321
97    49.508    45.161
98    39.875     72.44
99    77.413    49.227
100    61.578    76.185
101    51.742    32.403
102    16.936    32.635
103    63.786    42.048
104    37.353    52.305
105    67.117    77.127
106    67.103    32.817
107    71.216    33.811
108    44.007    38.125
109    47.817    55.953
110    39.219    12.752
111    70.528    46.849
112    42.472    47.613
113     9.332    52.077
114    40.632    18.926
115    53.817     77.07
116    25.173    44.616
117    20.562    37.486
118    62.892    32.362
119    37.847    39.454
120    17.241    72.122
121    53.237     45.72
122    69.282    28.627
123    47.139    42.359
124     30.99    52.414
125    88.161    35.167
126    74.669    78.573
127    26.418    67.838
128    45.044    59.533
129    50.135    46.985
130    33.686    19.183
131    62.109    40.453
132    30.168    55.386
133    72.566    68.902
134    52.532    45.533
135    71.673    39.332
136    87.748    53.144
137    44.782      8.32
138    62.442    51.938
139    76.691    62.896
140     25.42    22.885
141    34.036     61.87
142     41.98    20.933
143     58.75    44.464
144    56.934    70.119
145    67.407    48.702
146    79.142    66.809
147    77.986    29.435
148    45.041    59.428
149    33.678    76.633
150    78.968     76.99
151    27.485    47.551
152    62.199     58.94
153    51.906    56.432
154    28.506    38.185
155    49.403    60.552
156    31.225    46.221
157    50.103    63.645
158     46.86    60.453
159    27.321    75.352
160    27.486    64.732
161    29.307    30.344
162    47.161    48.663
163    65.605    72.213
164    85.128     69.21
165    30.218    40.729
166    53.209     57.43
167    51.691    89.077
168    44.675    77.451
169    37.071    74.848
170    72.543    46.931
171    35.397    66.753
172    56.715    30.107
173    90.943    47.015
174    39.629    91.229
175    30.761    44.223
176    60.733    39.466
177    43.389     53.64
178    44.245    48.843
179    69.822    53.508
180    54.112    46.343
181    51.001    33.232
182    46.885    24.745
183    76.002    38.229
184    53.389    68.289
185    54.662    49.829
186    51.111    53.041
187     76.93    48.446
188    35.154    31.244
189    76.719    29.186
190     56.64    49.723
191    43.408    62.203
192    48.213    38.609
193    59.379    46.236
194     66.74    62.816
195    78.677     37.47
196    57.266    24.995
197     56.61    16.265
198    36.397    53.702
199    34.142    57.654
200    58.954    79.116
201    39.606    56.948
202     4.721    58.054
203    43.099    34.632
204    50.565    26.039
205    44.492     53.29
206    34.148    92.448
207    51.554    41.585
208    51.327    54.888
209    20.015    49.043
210     33.88    85.205
211    42.368    58.543
212    23.763    54.908
213    41.729    58.969
214    46.848    53.616
215     48.39    61.488
216    60.079    44.338
217    28.011    79.991
218    44.511    69.543
219    35.597    40.757
220    35.418    90.568
221    24.537    24.272
222    32.743    49.807
223    13.957    54.788
224    17.472    52.784
225    49.236    74.099
226    56.049     77.19
227    45.021    54.937
228    74.286    28.882
229    10.838    40.396
230     23.95    61.007
231    33.054    49.606
232    63.593    37.201
233    23.237    24.009
234    33.764    42.258
235     19.28    39.379
236    77.923    29.731
237    58.017     44.07
238    27.059    38.243
239    63.628    33.887
240    72.131      59.9
241    64.343    40.642
242    55.797    83.086
243    58.377    32.057
244    69.964    80.511
245    40.835    41.981
246     56.59    67.196
247    33.958    27.621
248    67.091     60.32
249    59.381    57.229
250    93.758    62.751
251    91.216    63.071
252    44.728     45.93
253    37.371    34.332
254    79.543    73.123
255     68.22    51.873
256    63.268    29.983
257    34.124    39.767
258    68.869    40.064
259     84.28    26.599
260    73.544    80.372
261    36.505    49.547
262    29.631    76.007
263    41.048    49.114
264     22.61    33.328
265    21.742    70.251
266    39.856    57.604
267    44.841    47.447
268    29.971     43.66
269    43.494    55.014
270    41.234    50.633
271    53.338    22.845
272     7.613    57.102
273     5.913    52.026
274    55.981    48.102
275    53.094    29.407
276    42.981    44.213
277     78.12    44.011
278    34.232    79.983
279    42.105    49.886
280    29.931    87.794
281     81.71    48.938
282    37.435    73.693
283    33.151    48.813
284    53.733    45.187
285    54.779    10.158
286    26.036    28.232
287    57.975    33.824
288    12.514    35.808
289    47.458     33.44
290    45.907    55.718
291    53.452    58.268
292    36.169    51.122
293    19.624    74.729
294    22.675    42.673
295    54.048     55.98
296    17.146    36.301
297    35.713     85.77
298     45.64    52.397
299    46.451    47.601
300    35.364    12.651
301    52.839    62.115
302     53.58    63.732
303    57.678    62.206
304    54.002    59.381
305    60.313    27.131
306    44.898     60.18
307    53.139    54.886
308    77.048    69.161
309    50.531    73.626
310    49.663    62.024
311    51.836    68.502
312    64.147    66.917
313     58.36    77.755
314    82.765    52.207
315    56.806    57.571
316    50.068    78.745
317    26.346    32.545
318    39.831    53.833
319     72.38    80.172
320     34.27    56.447
321    64.988    49.433
322    57.524    55.252
323    54.555    59.936
324     83.23    33.235
325    36.638    29.024
326    36.606    52.513
327    56.233    47.455
328    30.907    51.175
329    48.518    69.345
330    61.207    50.569
331    47.729    53.797
332    46.634    78.457
333    36.891    24.951
334    70.887    37.581
335     67.24    71.078
336    74.068    16.651
337    69.834    70.909
338    47.223    37.092
339    87.734    46.062
340    40.314        80
341    68.293    66.354
342    69.209    63.488
343    37.756    71.433
344    48.488    35.421
345    34.613    58.495
346    83.403    55.316
347    65.379    42.215
348    71.567    32.763
349    52.799    55.391
350    11.953    51.886
351    44.473    57.788
352    52.546    44.377
353    45.558    45.152
354    49.312    46.152
355        47    28.808
356    36.333    55.438
357    33.761    58.542
358    70.763    40.726
359    48.923    54.373
360    74.773    48.382
361     58.93    66.487
362    60.292    58.143
363      74.8    38.448
364    54.922      37.1
365    46.158    19.849
366    13.782      66.5
367    57.548    23.183
368    43.409    31.852
369    48.622    72.857
370    57.616    78.635
371    48.584    59.391
372    86.205    71.495
373    57.994    77.833
374     78.64    28.514
375    70.372    43.449
376    40.582    45.628
377    45.577     56.38
378    43.485    59.489
379    35.875    73.617
380    64.879    18.104
381    60.043    38.427
382    60.397    54.131
383    51.756    83.699
384    92.829    45.309
385      83.9    25.248
386    40.447    55.351
387    61.047    76.613
388    38.677    82.271
389    60.063    56.131
390    56.164    57.575
391    92.569    70.497
392    49.929    58.789
393    47.055    41.049
394    69.639     37.36
395    19.941    56.702
396    84.042    25.523
397    65.729    69.208
398    34.001    40.102
399    59.611    55.028
400    45.078    74.439
