21 Stops, 400 Students, 10 Max_Walking, 50 Capacity, 5 Days 

0       1  1  1  1  1
1       1  1  1  1  1
2       1  1  1  1  1
3       1  1  1  1  1
4       1  1  1  1  1
5       1  1  1  1  1
6       1  1  1  1  1
7       1  1  1  1  1
8       1  1  1  1  1
9       0  1  0  1  1
10       1  1  1  1  1
11       1  1  1  1  1
12       1  1  1  1  1
13       1  1  1  1  1
14       1  1  1  1  1
15       1  1  1  1  1
16       1  0  1  0  1
17       1  1  1  1  1
18       1  1  1  1  1
19       1  1  1  1  1
20       1  1  1  1  1
21       1  1  0  0  1
22       1  1  1  1  1
23       0  1  0  0  1
24       0  1  0  0  1
25       1  1  1  1  1
26       1  1  1  1  1
27       1  1  1  1  1
28       1  1  1  1  1
29       1  1  1  1  1
30       1  0  1  0  0
31       1  1  1  1  1
32       1  1  1  1  1
33       1  1  1  1  1
34       1  1  1  1  1
35       1  0  1  0  0
36       1  0  1  0  1
37       1  1  1  1  1
38       1  1  1  1  1
39       1  1  1  1  1
40       1  1  1  1  1
41       1  1  1  1  1
42       1  1  1  1  1
43       1  1  1  1  1
44       1  1  0  0  0
45       1  1  1  1  1
46       1  1  1  1  1
47       0  0  1  1  1
48       1  0  1  0  1
49       0  0  1  0  1
50       1  1  1  1  0
51       1  1  1  1  1
52       1  1  1  1  1
53       0  0  1  1  1
54       1  1  1  1  1
55       1  1  1  1  1
56       1  1  1  1  1
57       1  1  1  1  1
58       1  1  1  1  1
59       1  1  1  1  1
60       1  1  1  1  1
61       0  1  1  0  0
62       1  1  1  1  1
63       1  0  0  0  1
64       1  1  1  1  1
65       1  1  1  1  1
66       1  1  1  1  1
67       0  0  0  1  1
68       1  1  1  1  1
69       1  1  1  1  1
70       1  1  1  1  1
71       1  1  1  0  1
72       1  1  1  1  1
73       1  1  1  1  1
74       1  1  0  1  0
75       1  1  1  1  1
76       1  1  1  1  1
77       1  1  1  1  1
78       1  1  1  1  1
79       1  1  1  1  1
80       1  1  1  1  1
81       1  1  1  1  1
82       1  1  1  1  1
83       0  1  0  1  0
84       1  1  1  1  1
85       0  0  1  0  1
86       1  0  0  1  0
87       1  1  1  1  1
88       0  1  1  0  1
89       1  1  1  1  1
90       1  1  1  1  1
91       1  1  1  1  1
92       1  1  1  1  1
93       1  1  1  1  1
94       1  1  1  1  1
95       1  1  1  1  1
96       1  1  1  1  1
97       1  1  1  1  1
98       1  1  1  1  1
99       1  1  1  1  1
100       1  1  1  1  1
101       1  1  1  1  1
102       1  1  1  1  1
103       1  1  1  1  1
104       0  1  1  1  1
105       1  1  1  1  1
106       1  1  0  1  0
107       1  1  1  1  1
108       1  1  1  1  1
109       1  1  1  1  1
110       1  1  1  1  1
111       1  1  1  1  1
112       1  1  1  1  1
113       1  1  1  1  1
114       1  1  1  1  1
115       0  1  1  1  1
116       1  1  1  1  1
117       0  1  0  0  1
118       1  1  1  1  1
119       1  1  1  1  1
120       1  1  1  1  1
121       1  1  1  1  1
122       1  1  1  1  1
123       1  1  1  1  1
124       1  0  1  0  0
125       1  1  0  1  1
126       1  1  1  1  1
127       1  1  1  1  1
128       1  1  1  1  1
129       1  1  1  1  1
130       1  1  0  0  1
131       0  1  1  0  0
132       1  1  1  1  1
133       1  1  1  1  1
134       1  1  1  1  1
135       1  1  1  1  1
136       1  1  0  0  1
137       1  0  0  0  1
138       1  1  1  1  1
139       1  1  1  1  1
140       1  1  1  1  1
141       1  1  1  1  1
142       1  0  0  0  1
143       1  1  1  1  1
144       1  0  1  1  0
145       1  1  1  1  1
146       1  1  1  1  1
147       1  1  1  1  1
148       1  1  1  1  1
149       1  1  1  1  1
150       1  1  1  1  1
151       1  1  1  1  1
152       1  1  1  1  1
153       1  1  1  1  1
154       1  1  1  1  1
155       1  1  1  1  1
156       0  1  0  1  0
157       1  1  1  1  1
158       1  1  1  1  1
159       1  1  1  1  1
160       0  1  0  0  1
161       1  1  1  1  1
162       1  1  1  1  1
163       1  1  1  1  1
164       1  1  1  1  1
165       1  1  1  1  1
166       1  1  1  1  1
167       1  1  1  1  1
168       1  1  1  1  1
169       1  1  1  1  1
170       1  1  1  1  1
171       1  1  1  1  1
172       1  0  1  1  0
173       0  0  1  1  0
174       1  1  1  1  1
175       1  1  1  1  1
176       1  1  1  1  1
177       0  1  0  0  1
178       1  1  1  1  1
179       1  1  1  1  1
180       1  1  1  1  1
181       1  1  1  1  1
182       1  1  1  1  1
183       1  1  1  0  0
184       1  1  1  1  0
185       1  1  1  1  1
186       1  1  1  1  1
187       1  1  1  1  1
188       1  1  1  1  1
189       1  1  1  1  1
190       1  1  1  1  1
191       1  1  1  1  1
192       0  1  0  0  1
193       1  1  1  1  1
194       1  1  1  1  1
195       1  1  1  1  1
196       1  1  1  1  1
197       1  1  1  1  1
198       0  1  0  1  1
199       1  1  1  1  1
200       1  1  1  1  1
201       1  1  1  1  1
202       1  0  0  1  1
203       1  1  1  1  1
204       1  1  1  1  1
205       1  1  1  1  1
206       1  1  1  1  1
207       1  1  1  1  1
208       1  1  1  1  1
209       1  1  1  1  1
210       1  1  1  1  1
211       1  1  0  0  1
212       1  1  1  1  1
213       1  1  1  1  1
214       1  1  1  1  1
215       0  0  1  1  0
216       1  1  1  1  1
217       1  1  1  1  1
218       1  1  1  1  1
219       1  1  1  1  1
220       1  1  0  1  1
221       1  1  1  1  1
222       1  1  1  1  1
223       1  1  1  1  1
224       1  1  1  0  1
225       1  0  1  0  1
226       0  0  1  1  0
227       1  0  0  1  0
228       1  1  1  1  1
229       0  0  1  1  1
230       1  1  1  1  1
231       1  1  1  1  1
232       1  1  1  1  1
233       1  1  1  1  1
234       1  1  1  1  1
235       1  1  1  1  1
236       0  1  0  0  1
237       0  0  0  1  1
238       1  0  1  1  0
239       0  1  1  0  0
240       1  1  1  1  1
241       1  1  1  1  1
242       1  1  1  1  1
243       1  1  1  1  1
244       0  0  0  1  1
245       1  1  1  0  1
246       1  1  1  1  1
247       1  1  1  1  1
248       1  1  1  1  1
249       1  1  0  1  1
250       1  1  1  1  1
251       1  1  1  1  1
252       1  0  1  0  1
253       1  1  1  1  1
254       1  1  1  1  1
255       1  1  1  1  1
256       1  1  1  1  1
257       1  1  1  1  1
258       1  1  1  1  1
259       1  1  1  1  1
260       1  1  1  1  1
261       1  1  1  1  1
262       0  0  1  0  1
263       1  1  1  1  1
264       1  1  1  1  1
265       0  1  1  1  1
266       1  1  1  1  1
267       1  0  1  1  0
268       1  1  1  1  1
269       1  1  1  1  1
270       0  0  1  0  1
271       1  1  1  1  1
272       1  1  1  1  1
273       1  1  1  1  1
274       0  0  1  1  0
275       1  1  1  1  1
276       0  1  1  1  0
277       1  1  1  1  1
278       1  1  1  1  1
279       1  1  1  1  1
280       1  1  1  1  1
281       1  1  1  1  1
282       1  0  0  1  1
283       1  0  1  0  0
284       1  1  1  1  1
285       1  1  1  1  1
286       1  0  0  1  1
287       1  1  1  1  1
288       1  1  1  1  1
289       1  1  1  1  1
290       0  1  1  0  1
291       1  1  1  0  0
292       1  1  1  1  1
293       1  1  1  1  1
294       1  1  1  1  1
295       1  1  1  1  1
296       1  1  1  1  1
297       1  1  1  1  1
298       1  1  1  1  1
299       1  0  1  0  1
300       1  1  1  1  1
301       1  1  1  1  1
302       1  1  1  1  1
303       1  1  1  1  1
304       1  1  1  1  1
305       1  1  1  1  1
306       1  1  1  1  1
307       1  1  1  1  1
308       1  1  1  1  1
309       1  1  1  1  1
310       1  1  1  1  1
311       0  1  1  0  1
312       0  1  1  0  0
313       1  1  1  1  1
314       1  1  1  1  1
315       1  1  1  1  1
316       1  1  1  1  1
317       1  1  1  1  1
318       1  0  0  1  0
319       1  0  0  1  1
320       1  1  1  1  1
321       1  1  1  1  1
322       1  0  0  1  0
323       1  1  1  1  1
324       1  1  1  1  1
325       0  0  1  1  1
326       1  1  1  1  1
327       1  1  1  1  1
328       1  1  1  1  1
329       1  1  1  1  1
330       1  1  1  1  1
331       0  1  1  0  0
332       1  1  1  1  1
333       1  1  1  1  1
334       1  1  1  1  1
335       1  1  1  1  1
336       1  1  1  1  1
337       1  1  1  1  1
338       1  1  1  1  1
339       0  0  1  1  1
340       1  1  1  1  1
341       1  1  1  1  1
342       1  1  1  1  1
343       1  1  1  1  1
344       1  1  1  1  1
345       1  1  1  1  1
346       1  1  1  1  1
347       1  1  1  1  1
348       1  1  1  1  1
349       1  1  1  1  1
350       1  1  1  1  1
351       1  1  1  1  1
352       1  1  1  1  1
353       1  1  1  1  1
354       1  1  1  1  1
355       1  1  1  1  1
356       1  1  1  1  1
357       0  1  1  0  0
358       1  1  1  1  1
359       1  1  1  1  1
360       1  1  1  1  1
361       1  1  1  1  1
362       1  1  1  1  1
363       1  1  1  1  1
364       1  0  1  0  0
365       1  1  1  1  1
366       1  0  1  0  1
367       1  1  1  1  1
368       1  1  0  0  0
369       1  1  1  1  1
370       1  1  1  1  1
371       1  0  0  1  1
372       1  1  0  0  0
373       1  1  1  1  1
374       1  1  1  1  1
375       1  0  0  0  1
376       1  1  1  1  1
377       1  1  0  0  1
378       1  1  1  1  1
379       1  1  1  1  1
380       1  1  1  1  1
381       0  0  1  1  1
382       1  1  0  0  1
383       1  1  1  1  1
384       1  1  1  1  1
385       1  1  1  1  1
386       1  1  1  1  0
387       1  1  1  1  1
388       1  0  0  1  1
389       1  1  1  0  1
390       1  0  0  0  1
391       1  1  1  1  1
392       1  1  1  1  1
393       1  0  1  1  1
394       0  1  1  0  1
395       1  1  1  1  1
396       1  1  1  1  1
397       1  1  1  1  1
398       0  0  0  1  1
399       1  1  1  1  0


0             50        50
1         18.566    27.242
2         15.188    65.787
3          64.98    44.049
4         46.338    41.451
5         24.495    53.276
6         63.964    75.093
7         39.707    53.447
8         24.511    62.422
9         78.756    55.701
10         32.569    54.735
11         23.212    39.034
12         44.171    52.285
13         63.158    58.233
14         18.248    73.446
15         87.742     18.99
16         15.349    63.144
17         17.441    77.107
18         39.513    87.238
19         68.686    23.074
20         40.679    67.759


1    18.948    26.702
2    16.631    30.533
3    24.439    24.342
4     9.274    25.683
5    23.833    30.806
6    16.609    23.524
7    15.799    21.139
8    10.931     22.99
9    15.769    26.276
10    14.605    33.332
11     10.06    30.354
12    10.739    25.455
13    20.067    27.961
14    11.998    28.381
15    27.761    25.185
16    12.523    22.865
17    18.213    27.091
18    20.384    30.229
19    22.553    32.256
20    16.015    26.236
21    16.901    72.532
22    18.701    63.725
23     7.231    63.563
24    14.468    58.118
25    15.451      67.3
26    16.895    56.917
27    15.504    65.672
28    11.883    71.082
29     9.335    70.414
30     14.43    74.186
31    18.681    60.465
32     13.18    64.766
33     12.71    65.986
34    21.592    63.745
35    15.167    65.933
36    10.778    67.868
37    14.216      70.8
38    20.517    61.544
39     8.756    67.891
40     9.073    68.362
41    65.015    44.057
42    58.512    40.375
43     64.05    52.914
44    67.487    50.704
45    61.448    44.835
46    59.195     38.67
47    64.435     47.71
48    64.259    44.497
49    63.356    44.607
50    69.221    36.601
51    64.672    44.352
52    63.101    41.566
53    64.449    44.058
54     61.18    45.954
55    63.077    44.957
56    66.323    43.205
57    65.025    43.918
58    64.851    44.086
59    70.957    50.383
60    64.103    44.546
61    45.903    44.667
62    41.043    47.139
63    40.655    40.795
64    50.098    34.475
65    50.836    41.597
66    44.274    41.972
67    47.716    39.188
68    51.285    44.829
69    50.912    45.959
70    47.274    40.254
71    46.726    36.244
72    47.224    45.116
73    54.472    43.019
74    54.846    40.332
75    46.586    41.482
76    44.067    45.047
77    47.733    40.596
78    48.721    50.375
79    45.281    38.344
80     43.32    38.516
81    27.151    49.641
82    27.761    51.717
83    18.998    48.262
84    17.394    57.409
85    27.313    55.878
86     22.53    59.982
87    24.117    57.319
88    21.194     51.38
89     19.78    51.246
90    22.982    49.359
91    24.304    53.104
92    24.705    52.056
93    24.828    57.395
94     30.46    60.378
95    27.728    50.292
96    23.869    47.831
97    30.903    50.744
98    16.374    57.187
99    20.848    61.076
100     27.19    60.379
101    67.246    79.841
102    61.721    84.572
103    64.987    77.657
104     65.04    75.414
105    71.817    75.361
106     68.25    71.491
107    58.542    72.238
108    63.016    75.645
109    64.377    73.553
110      54.3    74.275
111    71.595    78.582
112    54.624    71.601
113    63.864    76.163
114    57.944    71.615
115    68.162    79.354
116    65.861    81.741
117    71.507     70.53
118     62.46    70.465
119    70.552    74.556
120    62.338    71.122
121    39.315    53.764
122    39.686    54.472
123    35.434    52.784
124     37.23    49.975
125    47.078    57.954
126    30.033    54.306
127     38.87    54.082
128    41.317    62.764
129    39.339    54.542
130    49.111    53.671
131     37.59    54.541
132    42.035    60.344
133     38.79    60.853
134    41.692    56.292
135    38.755    44.288
136    40.249    53.639
137    33.018    47.103
138    39.054    50.292
139    42.368    56.594
140     44.46    57.321
141    27.134    67.054
142    17.902    64.129
143    25.836    62.626
144     25.17    63.317
145    18.272    63.037
146    26.899    61.376
147    25.159    61.374
148    16.783    66.668
149    24.011    62.174
150    23.794    64.594
151    28.834    69.122
152    25.532    61.921
153    23.299    63.189
154    26.152    63.909
155    26.726    56.996
156    24.869    61.695
157    28.524    55.641
158    32.819    58.621
159    24.667    68.453
160    21.205    71.381
161    81.889    62.535
162    78.766    56.639
163    78.163    55.546
164     82.64    62.093
165    74.232    53.216
166    86.539    57.454
167    78.562    55.451
168    85.897    53.906
169    73.594    56.463
170    77.287    56.456
171    80.758    60.219
172    81.589    56.911
173    78.691    54.045
174    78.144    54.859
175    81.399     48.53
176    77.812     53.95
177    77.069    51.102
178    79.305    52.564
179    72.996    57.439
180    85.265    59.083
181    32.727    55.092
182    26.913    57.947
183    31.084    53.403
184    32.568    54.781
185    30.319    51.857
186    32.956    52.924
187    33.447    54.126
188    27.744    51.838
189    34.503    62.624
190    32.708    54.329
191    30.109    53.806
192    32.492    56.342
193    32.861     51.78
194    34.404    49.974
195    30.933    53.295
196     33.55    57.915
197    32.576    55.986
198    29.319    52.763
199    30.342    49.544
200    33.407    55.812
201    22.872    37.685
202     23.19    39.014
203     25.56    38.568
204    23.716    34.197
205    31.404     38.28
206    21.307    41.767
207    23.168    40.344
208    15.789    43.061
209    22.811    39.923
210    31.986    36.732
211    29.539    33.994
212    23.663    43.163
213    27.095     43.08
214    31.661    41.482
215    27.035    45.629
216    26.567    42.079
217    19.141    37.906
218     17.63    46.647
219    23.654    39.516
220    26.566    33.022
221    47.245    58.469
222    47.202    49.085
223    43.379    50.432
224    50.836    45.412
225    36.618    49.378
226    49.697    55.164
227    45.008    52.923
228    39.132    46.125
229    41.613    57.525
230    43.247    54.809
231    42.837    59.553
232    50.337    47.945
233    43.302    59.087
234    47.862    58.937
235     45.95    51.893
236    38.976    60.364
237    41.824    50.834
238    48.033    43.698
239     39.21     52.83
240    46.878    49.716
241    61.644     56.05
242    66.432    60.536
243    69.932    62.834
244    64.873    55.955
245    67.961    55.556
246    64.449    60.034
247     64.21        63
248     64.94    60.965
249    64.321    62.296
250    66.739     60.16
251    63.806    60.637
252    60.218      52.5
253    71.879    54.504
254    59.813    57.806
255    61.729    67.222
256    55.869    52.473
257    60.561    65.697
258    66.925    61.493
259    62.911     59.52
260    63.409    60.786
261    11.748    71.877
262    19.513    70.956
263    20.329    63.706
264    16.241    78.787
265    24.973    73.898
266    26.831    72.698
267     22.21    75.089
268    11.666    69.968
269    23.605    73.847
270    16.449    69.572
271    19.962    73.951
272    19.372    73.837
273    18.439    74.546
274    18.272    73.555
275    12.249    70.872
276    27.249    75.726
277    15.021    77.369
278    24.349     70.61
279    21.967    80.384
280    18.065     73.29
281    93.478    13.559
282    96.043    14.867
283    84.715    12.596
284    89.904    17.427
285    93.827    26.614
286    83.182    12.584
287    90.137    17.057
288     86.21    19.235
289    81.747    16.745
290    88.577    18.734
291        88    28.323
292    80.702    15.624
293    83.921    21.987
294    83.833    23.841
295    85.379    19.188
296    89.359    15.736
297    87.998    15.708
298    82.725    21.228
299    81.994    17.894
300    87.616    28.685
301    14.617    71.925
302    18.265    72.215
303    11.678    67.737
304     15.18    64.058
305    15.069    69.421
306    20.882    69.718
307     23.07    60.701
308    15.725    63.514
309    18.814    70.612
310    14.972    68.235
311    21.526    66.625
312     8.855    62.651
313    15.251    62.091
314    20.799    68.423
315    15.042    60.626
316    23.287    59.263
317    23.834    59.551
318    13.116    64.124
319    15.133    63.389
320    17.926    68.487
321    14.129    73.077
322    24.155    79.541
323     17.71    77.975
324     24.52     78.46
325    17.427    77.085
326    12.792    73.971
327    25.602    76.812
328    25.275    78.947
329    21.345    77.407
330    15.393    76.762
331    23.188    76.777
332    17.026    84.714
333    17.423    83.681
334    19.804    77.665
335    16.404    76.569
336      15.8    76.914
337    14.765    74.227
338     17.55     84.72
339      9.69    72.833
340    15.021    76.021
341    37.001    86.296
342    40.366    86.308
343    42.689    93.518
344     40.81    86.916
345    43.848    92.208
346    38.985    88.076
347    37.317    86.476
348    40.492    87.748
349    38.211    94.189
350    32.104    90.652
351    35.433    87.629
352    34.801    84.303
353    41.583    86.906
354    38.567    94.952
355    42.904    86.646
356    38.039    89.845
357    42.012    94.929
358    39.415    83.245
359    40.894    87.134
360    35.414    84.071
361    70.012    22.303
362    70.189     26.01
363    70.981    16.092
364    69.119     21.97
365    66.389    24.373
366    69.399     23.38
367    77.257    22.273
368    68.261    22.124
369    73.989    24.944
370    64.918     19.79
371    72.122    18.794
372    65.227    23.492
373    68.454    30.061
374    69.066    25.603
375    67.211    22.238
376    68.422    18.577
377    75.163    23.273
378    68.287    21.957
379    68.274     19.24
380    60.251    19.943
381    40.537    67.425
382    40.345    67.506
383    38.327    69.672
384    40.633     66.82
385    38.591    76.872
386    37.753    66.289
387    44.437    66.107
388    34.314    70.932
389    35.477    64.728
390    43.321    66.332
391    40.438    67.768
392    39.315    65.142
393    31.879    64.873
394    41.297    72.055
395    41.246     65.29
396    42.556    66.268
397    50.272     67.31
398    38.853    62.257
399    40.071     69.23
400    40.366    60.785
