21 Stops, 400 Students, 5 Max_Walking, 25 Capacity, 5 Days 

0       1  1  1  1  1
1       1  0  0  1  0
2       1  1  1  1  1
3       1  0  1  1  0
4       1  1  1  1  1
5       1  1  1  1  1
6       1  1  1  1  1
7       1  1  1  0  1
8       1  0  1  1  0
9       1  0  0  1  0
10       1  0  0  1  0
11       1  1  1  1  1
12       1  1  1  1  1
13       1  1  1  0  0
14       1  1  1  1  0
15       1  1  1  1  1
16       1  1  1  1  1
17       0  1  0  1  1
18       1  1  1  1  1
19       1  0  1  1  0
20       1  1  1  1  1
21       1  0  1  1  1
22       0  1  1  0  1
23       1  1  1  1  1
24       1  1  1  1  1
25       1  1  0  0  1
26       1  1  1  1  1
27       0  0  1  0  1
28       1  0  1  0  1
29       0  0  1  0  1
30       1  1  0  1  0
31       1  1  0  1  1
32       1  1  1  1  1
33       0  1  1  1  1
34       0  0  1  1  1
35       0  1  1  0  1
36       1  1  1  1  1
37       1  1  1  1  1
38       1  0  1  1  1
39       1  1  1  1  1
40       0  0  1  0  1
41       1  1  1  1  1
42       1  1  1  1  1
43       1  1  1  1  1
44       1  1  1  1  1
45       1  1  1  1  1
46       1  1  1  1  1
47       1  1  1  1  1
48       1  1  1  1  1
49       1  1  1  1  1
50       1  1  1  1  1
51       1  1  1  1  1
52       1  1  1  1  1
53       1  1  1  1  1
54       1  1  1  1  1
55       1  1  1  1  1
56       1  1  1  1  1
57       1  1  1  1  1
58       1  1  1  1  1
59       1  1  1  1  1
60       1  1  1  1  1
61       1  1  1  1  1
62       1  1  1  1  1
63       1  1  1  1  1
64       1  1  1  1  1
65       0  1  0  1  0
66       1  1  0  1  1
67       1  1  1  1  1
68       1  1  1  1  1
69       1  1  1  1  1
70       1  1  1  1  1
71       1  1  1  1  1
72       1  1  1  1  1
73       1  1  0  1  1
74       0  1  1  1  0
75       1  1  1  1  1
76       1  1  1  1  1
77       1  1  1  1  1
78       0  1  1  1  0
79       1  1  1  1  1
80       0  1  1  0  0
81       1  1  1  1  1
82       1  1  1  1  1
83       1  1  1  1  1
84       0  1  1  0  1
85       0  1  0  1  0
86       1  1  1  1  1
87       1  1  1  1  1
88       1  1  1  1  1
89       1  1  1  1  1
90       1  0  1  0  0
91       1  1  1  1  1
92       1  1  1  1  1
93       1  1  1  1  1
94       1  1  1  1  1
95       1  1  1  1  1
96       1  1  1  1  1
97       0  1  1  0  1
98       1  1  1  1  1
99       1  1  1  0  0
100       1  1  1  1  1
101       1  1  1  1  1
102       1  1  1  1  1
103       1  1  1  1  1
104       1  0  0  0  1
105       1  1  1  1  1
106       1  1  1  1  1
107       1  1  1  1  1
108       1  1  1  1  1
109       1  1  1  1  1
110       1  1  1  1  1
111       1  1  1  1  1
112       1  1  1  1  1
113       1  1  1  1  1
114       1  1  0  0  1
115       0  0  1  0  1
116       1  1  1  1  1
117       1  1  1  1  1
118       1  1  1  1  1
119       1  1  1  1  1
120       1  1  0  1  0
121       1  1  1  1  1
122       0  1  0  1  1
123       1  1  1  1  1
124       1  1  1  1  1
125       1  1  1  1  1
126       1  1  1  1  1
127       1  1  1  1  1
128       1  1  0  1  0
129       1  1  1  1  1
130       1  1  1  1  1
131       1  0  1  1  0
132       1  1  1  1  1
133       1  1  1  1  1
134       1  1  1  1  1
135       1  1  1  1  1
136       1  1  1  1  1
137       1  1  1  0  1
138       1  1  1  1  1
139       1  1  1  1  1
140       0  1  1  1  1
141       1  1  1  1  1
142       1  1  1  1  1
143       1  1  1  1  1
144       1  1  1  1  1
145       1  1  1  1  1
146       0  1  1  1  0
147       1  1  1  1  1
148       1  1  1  1  1
149       1  1  1  1  1
150       0  1  1  0  1
151       1  1  1  1  1
152       1  1  1  1  1
153       1  1  1  1  1
154       0  0  1  1  0
155       1  1  1  1  1
156       1  1  1  1  1
157       1  1  1  1  1
158       1  1  1  1  1
159       1  1  1  1  1
160       1  1  1  1  1
161       1  1  1  1  1
162       1  1  1  1  1
163       0  0  1  1  0
164       1  1  1  1  1
165       1  1  1  1  1
166       0  1  0  1  1
167       1  1  1  1  1
168       1  1  1  1  1
169       1  1  1  1  1
170       0  1  0  1  0
171       1  1  1  1  0
172       1  1  0  1  0
173       1  1  1  1  1
174       0  1  1  0  0
175       1  1  1  1  1
176       1  1  1  1  1
177       1  1  1  1  1
178       1  1  1  1  1
179       1  1  1  1  1
180       1  0  1  1  1
181       1  1  1  1  1
182       1  1  1  1  1
183       1  1  1  1  1
184       1  1  1  1  1
185       1  1  1  1  1
186       1  1  0  1  1
187       1  1  1  1  1
188       1  1  0  1  1
189       1  1  1  1  1
190       1  1  1  1  1
191       1  1  1  1  1
192       1  1  1  1  1
193       1  1  1  1  0
194       1  1  1  1  1
195       1  1  1  1  1
196       1  1  1  1  1
197       1  1  1  1  1
198       1  1  1  1  1
199       1  1  1  1  1
200       1  1  1  1  1
201       1  1  1  1  1
202       1  1  1  1  1
203       1  1  1  1  1
204       1  1  0  0  1
205       1  1  1  1  1
206       1  1  1  1  1
207       1  1  1  1  1
208       1  1  1  1  1
209       1  1  1  1  1
210       1  1  1  1  1
211       0  0  1  1  1
212       1  1  1  1  1
213       1  1  1  1  1
214       1  1  1  0  1
215       1  1  1  1  1
216       1  1  1  1  1
217       1  1  1  1  1
218       1  1  1  1  1
219       0  1  1  0  1
220       1  1  1  1  1
221       1  1  1  1  1
222       1  1  0  1  1
223       1  1  1  1  1
224       1  1  1  1  1
225       1  1  1  1  1
226       0  1  1  0  1
227       1  1  1  1  1
228       1  1  1  1  1
229       1  1  1  1  1
230       1  1  1  1  1
231       1  1  1  1  1
232       1  1  1  1  1
233       1  1  1  1  1
234       1  1  1  1  1
235       1  1  1  1  1
236       1  1  1  1  1
237       1  1  0  0  1
238       1  1  1  1  1
239       1  1  1  1  1
240       1  1  1  1  1
241       1  1  1  1  1
242       1  1  1  1  1
243       1  1  1  1  1
244       1  1  1  1  1
245       1  1  1  1  1
246       1  1  1  1  1
247       1  1  1  1  1
248       1  1  1  1  1
249       1  1  1  1  1
250       1  1  1  1  1
251       1  1  1  1  1
252       1  1  1  1  1
253       1  1  1  1  1
254       1  1  1  1  1
255       1  1  1  1  1
256       1  1  1  1  1
257       1  1  1  1  1
258       1  0  1  1  1
259       1  1  1  1  1
260       1  1  1  1  1
261       1  1  1  1  1
262       1  1  1  1  1
263       1  1  1  1  1
264       1  1  1  1  1
265       1  1  1  1  1
266       1  0  1  1  0
267       1  1  1  1  1
268       1  1  1  1  1
269       1  1  1  1  1
270       1  1  1  1  1
271       1  1  1  1  1
272       1  1  1  1  1
273       1  1  1  1  1
274       0  0  1  0  1
275       1  1  1  1  1
276       1  1  1  1  1
277       1  1  1  1  1
278       0  0  1  0  1
279       1  0  0  1  1
280       0  1  1  0  0
281       1  1  1  1  1
282       0  1  0  0  1
283       1  1  1  1  1
284       1  1  1  1  1
285       1  1  1  1  1
286       0  0  1  1  1
287       1  1  1  1  1
288       1  1  1  1  1
289       1  1  1  1  1
290       1  0  0  1  0
291       1  1  1  1  1
292       1  1  1  1  1
293       0  0  1  0  1
294       1  1  1  1  1
295       1  1  1  1  1
296       0  1  1  1  1
297       1  1  1  1  1
298       1  1  1  1  1
299       1  1  1  1  1
300       1  1  1  1  1
301       0  1  1  1  0
302       1  1  1  1  0
303       1  1  0  1  0
304       0  1  1  0  0
305       1  1  1  1  1
306       0  0  1  1  0
307       1  1  1  1  1
308       1  1  1  1  1
309       1  1  1  1  1
310       1  1  1  1  0
311       1  1  1  1  1
312       1  1  1  1  1
313       1  1  1  1  1
314       1  1  1  1  1
315       1  1  1  1  1
316       1  1  1  1  0
317       1  1  1  1  1
318       1  1  0  1  0
319       1  1  1  1  1
320       0  1  0  1  0
321       1  1  1  1  1
322       1  1  1  1  1
323       1  1  1  1  1
324       1  1  1  1  1
325       1  1  1  1  1
326       1  1  1  1  1
327       1  1  1  1  1
328       1  1  1  1  1
329       0  1  1  1  0
330       1  1  1  1  1
331       1  1  0  0  1
332       0  1  1  1  1
333       1  1  1  1  1
334       1  1  1  1  1
335       1  1  1  1  1
336       1  1  1  1  1
337       1  1  1  1  1
338       0  0  1  0  1
339       1  1  1  1  1
340       1  1  1  1  1
341       1  1  1  1  1
342       1  1  1  0  0
343       1  1  1  1  1
344       1  1  1  1  1
345       1  1  1  1  1
346       1  1  1  1  1
347       1  1  1  1  1
348       1  1  1  1  1
349       1  1  0  1  0
350       1  1  1  1  1
351       1  1  1  1  1
352       1  1  1  1  1
353       1  1  1  1  1
354       1  1  1  1  1
355       1  1  1  1  1
356       1  1  1  1  1
357       1  1  1  1  1
358       1  0  1  1  0
359       1  1  1  1  1
360       1  1  1  1  1
361       1  1  1  1  1
362       1  1  1  1  1
363       1  1  1  1  1
364       1  1  1  1  1
365       1  1  1  1  1
366       1  1  1  1  1
367       1  1  1  1  1
368       1  0  0  1  0
369       1  1  1  1  1
370       1  1  1  1  1
371       1  1  1  1  1
372       0  0  0  1  1
373       1  1  1  1  1
374       1  1  1  1  1
375       1  1  1  1  1
376       0  0  1  0  1
377       1  1  1  1  1
378       1  1  1  1  1
379       1  1  1  1  1
380       1  1  1  1  1
381       0  0  1  1  0
382       1  1  1  1  1
383       1  1  1  1  1
384       1  1  1  1  1
385       1  1  1  1  1
386       1  1  1  1  1
387       1  1  1  1  1
388       1  1  1  1  1
389       1  1  1  1  1
390       1  1  1  1  1
391       1  1  1  1  1
392       1  1  1  1  1
393       1  1  1  1  1
394       1  1  1  1  1
395       1  1  1  1  1
396       0  0  0  1  1
397       1  1  1  1  1
398       1  0  1  1  0
399       0  1  0  1  0


0             50        50
1          74.44    25.459
2         12.718    54.967
3         17.542    35.881
4         62.901    79.096
5         60.423    80.076
6         74.256     54.12
7         18.143    30.962
8         73.431    50.397
9         79.717    73.804
10         49.588    12.565
11         12.746    61.479
12         38.306    31.607
13         51.065     6.938
14         17.057     9.894
15             40    78.733
16         59.702    14.896
17         90.102     9.557
18         72.284    51.866
19         61.021     68.26
20         65.532    66.329


1    70.027    24.685
2    74.352    25.145
3    69.774     26.26
4    71.354    27.883
5    76.625    27.716
6    73.009    21.861
7    71.272    24.553
8    76.563    22.819
9    76.449    22.286
10     73.33     24.23
11    77.014    27.359
12    76.855    29.014
13    73.128    26.316
14    78.976    24.663
15    76.353     25.11
16     73.81    25.059
17    75.781    30.006
18    73.419    26.787
19    77.521    22.464
20    74.816    26.898
21    12.747    54.297
22    13.219    56.761
23    17.048    54.986
24    12.215    53.285
25    10.443     54.92
26    13.772    54.381
27    16.229    56.408
28     12.87    54.281
29    12.782    54.636
30    17.055    56.645
31    14.317    53.663
32    10.733    58.628
33    11.602    58.427
34     9.715    57.982
35    15.568    58.744
36    11.594    51.586
37    12.747    54.991
38    11.508    56.339
39    15.374    53.733
40    14.364    57.047
41    17.496    37.108
42    15.782    33.138
43    17.197    34.853
44    16.498    35.071
45    15.799    36.131
46    13.857    32.797
47    17.747    35.902
48    14.888    37.859
49    17.989    38.194
50    17.625    40.149
51      14.9    33.841
52    19.044    37.093
53    18.043    35.688
54    22.157    36.852
55    21.287    32.943
56    18.597    37.002
57     16.85    35.042
58    17.871    37.718
59    13.726    36.591
60    13.654    32.764
61    61.702     78.58
62    61.179    80.878
63    62.669    79.409
64    62.559    79.604
65    64.069    79.064
66    62.895    75.667
67    59.375    76.074
68    62.994    79.087
69    64.317    80.294
70    62.925    79.045
71    66.209    80.034
72    61.736    79.303
73    63.292    79.538
74     61.87    78.695
75    61.534    78.927
76    62.876    79.126
77    64.859    81.436
78    62.901    79.096
79    64.048    80.317
80    65.304    82.078
81     59.73    80.881
82    61.756    79.477
83    59.262    80.268
84    57.732    81.206
85    57.538    79.641
86     63.69    82.219
87    57.754    82.799
88    59.573    79.091
89    61.212    80.152
90    60.109    81.971
91    61.126    80.014
92     60.08    79.264
93    59.504      75.6
94    58.174    84.134
95    59.431     80.78
96    60.843    80.157
97     63.07    82.395
98    64.132    79.669
99    56.921    82.193
100    61.235    80.403
101    74.412    52.891
102    70.666    56.295
103    74.378    54.274
104    74.494    55.836
105    76.863    53.681
106     75.43     55.24
107    75.938    58.159
108    74.238    55.124
109    74.281    54.102
110    75.499    52.891
111    76.091    54.358
112    74.708    52.227
113    75.511    54.852
114    74.396     52.61
115    76.928    53.058
116    74.114    56.199
117    74.057    52.236
118    75.893    49.802
119    75.683    53.284
120    75.371    51.792
121     18.36    27.345
122    22.622    31.001
123    18.207    30.772
124    21.118    33.547
125    16.916    32.298
126    16.947    31.446
127    14.705    32.756
128    19.641    29.186
129    21.102    33.814
130     16.22    32.865
131     17.77    29.143
132     16.78    29.944
133    15.515    30.512
134    16.797    27.814
135    18.586     34.92
136    14.969    31.576
137    15.823    29.474
138    17.839    30.833
139    18.541    29.902
140    19.667     30.53
141    72.851    50.393
142    71.118    54.741
143    70.811    49.395
144     72.77    50.252
145    70.101     51.06
146    76.139    52.825
147    75.428    51.054
148    70.344    50.679
149    71.006    46.266
150    73.263    50.356
151    75.531    48.808
152     70.84    47.866
153    75.446    50.673
154     77.94    50.113
155    74.155    52.217
156    72.251    47.151
157    73.779    49.075
158    74.798    49.133
159    71.053    51.967
160    71.048    51.744
161    78.241    70.736
162    77.421    75.211
163    83.302    71.953
164    82.798    76.264
165    80.931    76.826
166     80.68     73.87
167    82.018    71.862
168    79.235    73.028
169    79.833    73.655
170    80.003    73.915
171    82.077    75.419
172    80.502    69.644
173    79.761    73.762
174    82.021    69.535
175    78.881     73.76
176    77.592    74.034
177    82.068    74.844
178    80.953    78.503
179    80.147    72.117
180    79.777    71.673
181    47.265    10.582
182    51.849     15.35
183    50.644    11.874
184    49.124    15.659
185    49.515    16.336
186    47.558    11.504
187    49.401     12.77
188    48.314     12.38
189    49.905    12.806
190    50.287    13.242
191    46.422     8.956
192    45.675      10.7
193     53.01    10.683
194    49.663    12.626
195    51.415    15.489
196    46.558    12.636
197    49.546    14.891
198    51.533    11.217
199    50.796    14.104
200    53.773    12.428
201    15.505    62.777
202    13.402    57.959
203    14.917    63.424
204    14.251    57.302
205    12.663    61.453
206    12.823     61.17
207     8.787    63.435
208    12.932    61.194
209    12.182    62.012
210    12.306    59.152
211     8.942    63.004
212    12.814    57.697
213     12.94    64.171
214    12.047    60.633
215    11.033    62.499
216      12.4    64.314
217    16.475    64.505
218    13.688    62.479
219    14.491    63.969
220    11.868    62.216
221    37.296    31.085
222    33.611    31.653
223    38.463      26.8
224    41.663    29.269
225    36.588    29.794
226    40.816    35.546
227    39.241    34.287
228    39.673    31.793
229    39.095     33.11
230    38.105    30.508
231    37.261    34.001
232    38.822    31.592
233    35.266    29.926
234    42.426    32.307
235    33.362     31.99
236    42.406    31.464
237    37.624    31.292
238    39.057     33.51
239    34.743    30.871
240    33.463    32.264
241      52.5     5.969
242    52.432     7.069
243        54     6.869
244    50.235     2.535
245    51.187     6.529
246    48.478     7.829
247    53.342     8.882
248     50.23     6.131
249    52.897      4.58
250    51.599     7.248
251    54.516    10.429
252    51.028     8.686
253    51.381     6.843
254    52.451     6.436
255      50.5     7.132
256    55.601     6.051
257    52.294     8.541
258    50.457     6.549
259    51.713    11.013
260    50.509     2.277
261    18.333    11.342
262     15.43     10.35
263    16.053     8.049
264    16.833      9.45
265    14.508     8.004
266    21.342    10.117
267    19.726      8.61
268    17.158     5.767
269    20.942     9.236
270    20.219    11.379
271    16.558     8.939
272    18.165    10.109
273    16.237     7.165
274    17.216    10.028
275    14.958    10.947
276     19.72     6.285
277    19.159    13.219
278    17.245     9.366
279     17.05     9.911
280    13.556     7.924
281    41.704    78.334
282    37.188    74.993
283    38.281    75.174
284    40.497    74.746
285     43.79    79.126
286    40.367    76.339
287    40.629    81.563
288    44.665    78.225
289    39.789    80.431
290    40.687    76.131
291    38.583    81.843
292    39.648    76.949
293     41.61    81.553
294    39.191    78.461
295    38.772    76.269
296    36.867    80.779
297    35.674    77.112
298    38.926    77.467
299    38.038    75.518
300    43.542     81.12
301    59.894    15.228
302    61.369    10.982
303    59.879    14.473
304    59.571     15.22
305    63.485    11.655
306    57.612    15.843
307    58.396    13.572
308    58.312    13.227
309    59.193    14.251
310    58.103    19.353
311    60.703    13.211
312    57.979    15.585
313    58.163    15.546
314    59.866    13.873
315    62.665    12.733
316    58.961    14.377
317    59.085    13.752
318    57.378    16.296
319    62.455    15.805
320    62.523    16.907
321    92.504    10.012
322    90.912     7.842
323    91.116    12.471
324    92.617    13.773
325    86.353    10.284
326    90.501    13.251
327    90.408     9.363
328    92.997    10.113
329    92.602    13.157
330    87.331    11.946
331     90.04    10.922
332    86.919    11.528
333    94.441     9.306
334    92.228    10.664
335    89.772      9.87
336    90.023     6.586
337    92.174    12.016
338    89.924     9.139
339    90.534     8.609
340    92.814     12.03
341    72.517    51.869
342    74.293    53.117
343    71.821    50.326
344    75.557    53.977
345    74.576    52.689
346    71.325    50.639
347    70.517     50.72
348    70.458    56.321
349    73.394    50.805
350    69.964    48.845
351    73.187    54.692
352     72.09    52.028
353    71.937    52.607
354    73.808    53.421
355     72.96    52.242
356    71.865    53.715
357    76.189    50.015
358    69.857    55.725
359    72.103    55.316
360    72.046    51.987
361    64.773    66.428
362     63.52    69.149
363    63.793     67.82
364    60.783    72.984
365    58.419    66.673
366    62.702    69.305
367    62.409    69.423
368     65.69    67.278
369    59.953    71.741
370    62.859    71.382
371    56.552    67.572
372    63.007    70.825
373    61.418    66.903
374    57.332    66.146
375    60.838    68.406
376    63.172    66.038
377     60.76    66.547
378    60.707    68.436
379    59.777    67.465
380    56.303    67.802
381    61.196    66.588
382    65.249    65.878
383    64.361    66.439
384    68.211    70.442
385    66.896    68.891
386    65.331    64.697
387    64.842    65.465
388    65.497    66.554
389    61.549    66.105
390    64.251    65.514
391      64.9    66.211
392    65.247     66.19
393     63.97    65.584
394    66.607    69.163
395    65.551    66.374
396     64.37    61.801
397    67.128    65.623
398    63.582    63.272
399    62.409    67.708
400    67.391    62.932
