21 Stops, 200 Students, 40 Max_Walking, 25 Capacity, 5 Days 

0       1  1  0  1  0
1       1  1  1  1  1
2       1  1  1  0  0
3       1  1  1  1  1
4       1  1  1  1  1
5       1  1  1  1  1
6       1  1  1  1  1
7       1  1  1  1  1
8       1  1  1  1  1
9       1  1  1  1  1
10       1  1  1  1  1
11       1  1  1  0  0
12       1  1  1  1  1
13       1  1  1  1  1
14       1  1  1  1  1
15       1  1  1  1  1
16       1  1  1  1  1
17       1  1  1  1  1
18       1  1  1  1  1
19       1  1  1  1  1
20       1  1  1  1  1
21       1  1  1  1  1
22       1  1  1  1  1
23       1  1  0  1  1
24       1  1  1  0  1
25       1  1  1  1  1
26       1  1  1  1  1
27       1  1  1  1  1
28       1  1  1  1  1
29       1  1  1  1  1
30       0  1  0  0  1
31       1  1  1  1  1
32       1  1  1  1  1
33       1  1  1  1  1
34       0  1  1  1  1
35       1  1  1  1  1
36       1  1  1  1  1
37       1  1  1  1  1
38       1  1  1  1  1
39       1  1  1  1  1
40       0  1  0  1  1
41       1  1  1  1  1
42       1  1  0  0  0
43       0  0  1  1  1
44       1  1  1  1  1
45       1  1  1  1  1
46       1  1  1  1  1
47       1  1  1  1  1
48       1  1  1  1  1
49       1  1  1  1  1
50       1  1  0  1  0
51       1  1  1  1  1
52       1  0  1  0  0
53       1  1  1  1  1
54       1  1  1  1  1
55       0  0  0  1  1
56       1  1  1  1  1
57       1  0  0  0  1
58       1  1  1  1  1
59       1  0  0  0  1
60       1  1  1  1  1
61       1  1  0  0  0
62       1  1  1  1  0
63       1  1  0  0  1
64       1  1  1  1  1
65       1  1  1  1  1
66       1  1  1  1  1
67       1  1  1  1  1
68       1  1  0  0  1
69       1  1  1  1  1
70       1  1  1  1  1
71       1  1  0  0  0
72       1  1  0  1  0
73       1  1  1  1  1
74       0  0  1  0  1
75       1  1  1  1  1
76       0  1  0  1  1
77       1  1  1  1  1
78       1  1  1  1  1
79       1  1  1  1  1
80       1  0  1  1  0
81       1  1  1  1  1
82       1  1  1  1  1
83       1  1  1  1  1
84       1  1  1  1  1
85       1  1  1  1  1
86       0  1  1  0  1
87       1  1  1  1  1
88       1  1  1  1  1
89       0  0  1  1  0
90       1  1  1  1  1
91       0  0  0  1  1
92       1  1  1  1  1
93       1  0  0  1  1
94       1  1  1  1  1
95       1  1  1  1  1
96       1  1  1  1  1
97       1  1  1  1  1
98       0  0  1  1  1
99       1  1  1  1  1
100       0  1  1  1  0
101       1  1  1  1  1
102       1  1  1  1  1
103       1  1  1  1  1
104       1  1  1  1  1
105       1  0  0  0  1
106       1  1  1  1  1
107       1  1  1  1  1
108       1  1  1  1  1
109       1  1  1  1  1
110       1  1  1  1  1
111       1  1  1  1  1
112       0  0  1  1  0
113       1  1  1  1  1
114       1  1  1  1  1
115       1  1  1  1  1
116       1  1  1  1  1
117       1  1  1  1  1
118       1  1  1  1  1
119       1  1  1  1  1
120       1  1  1  1  1
121       1  1  1  1  1
122       1  1  1  1  1
123       1  1  1  1  1
124       1  1  1  1  1
125       1  1  1  1  1
126       1  1  1  1  1
127       1  1  1  1  1
128       1  1  1  1  1
129       1  1  1  0  0
130       1  1  1  1  1
131       1  1  1  1  1
132       1  1  1  1  1
133       1  1  1  1  1
134       0  0  1  1  1
135       1  1  1  1  1
136       1  1  1  1  1
137       1  1  1  1  1
138       1  0  0  1  0
139       0  0  0  1  1
140       0  1  0  1  0
141       0  1  1  1  1
142       1  0  1  1  1
143       1  1  1  1  1
144       1  1  1  1  1
145       1  1  1  1  1
146       1  1  1  1  1
147       1  1  1  1  1
148       1  1  1  1  1
149       1  1  1  1  1
150       1  1  1  1  1
151       1  1  1  1  1
152       1  1  1  1  1
153       0  1  0  1  1
154       1  1  1  1  1
155       1  1  1  1  1
156       1  1  1  1  1
157       0  1  0  0  1
158       1  1  0  1  1
159       1  1  1  1  1
160       0  1  1  1  0
161       1  1  1  1  1
162       1  1  0  0  0
163       1  1  1  1  1
164       1  1  1  1  1
165       1  1  1  1  1
166       1  1  1  1  1
167       1  1  1  1  1
168       1  1  1  1  1
169       1  1  1  1  1
170       1  1  1  1  1
171       0  1  1  0  0
172       1  1  1  1  0
173       1  1  1  1  1
174       1  1  1  1  1
175       1  1  1  1  1
176       1  1  1  1  1
177       1  1  1  1  1
178       1  1  1  1  1
179       1  1  1  1  1
180       1  1  1  1  1
181       1  1  1  1  1
182       1  1  1  1  1
183       1  1  1  1  1
184       1  1  1  1  1
185       1  1  1  1  1
186       1  1  1  1  1
187       1  1  1  1  1
188       0  1  1  0  1
189       1  1  1  1  1
190       1  1  1  1  1
191       1  1  1  1  1
192       1  1  1  1  1
193       0  1  1  0  0
194       1  1  1  1  1
195       1  1  1  1  1
196       1  1  1  1  1
197       1  1  1  1  1
198       1  0  1  0  0
199       1  1  0  1  1


0             50        50
1          52.19    49.688
2          40.98    52.662
3         45.266    40.837
4         42.509    47.534
5         51.869    46.448
6         40.641    59.595
7         50.563    51.347
8          51.39    44.232
9         51.407    49.314
10         43.981    44.228
11         46.375    54.895
12         59.851    45.379
13         55.908    48.984
14         56.535    56.784
15         51.624    46.364
16         51.733     46.45
17         51.815    59.828
18         41.689     52.96
19         51.784    54.868
20          52.68    47.813


1    58.385     83.54
2    83.972    46.904
3    43.213    16.427
4    77.013    26.425
5    30.748    36.975
6     53.33    50.504
7    64.576    51.954
8     39.17    63.296
9     66.59    52.664
10    55.046    50.404
11    35.128    60.686
12    33.332    14.376
13    55.498    63.583
14    33.213    55.355
15    31.478    90.263
16    28.719    66.701
17    31.925    73.233
18     4.693     56.45
19     40.91    50.888
20    35.367    35.027
21    40.814    41.857
22    46.641    45.011
23     71.48    12.369
24    45.771     40.72
25    70.571    16.716
26    41.293    53.573
27    13.169    48.796
28    51.439    47.826
29    28.028    60.021
30    28.757    52.861
31     9.312    68.206
32     41.64    49.379
33    49.028    31.745
34    64.742     40.78
35    31.741    44.652
36    52.142    56.827
37     42.25    47.793
38    38.177    32.709
39    70.647    31.911
40    27.732    58.401
41    67.857    16.062
42     51.64    53.296
43    26.493    38.466
44    53.014    45.195
45     44.19    46.687
46     48.59    81.588
47    37.467    23.677
48    34.352    27.928
49    34.015    33.706
50    56.502    28.568
51    67.165    59.966
52    30.178    43.707
53    44.679    90.238
54    42.528    62.931
55    49.964    95.482
56    39.372    42.875
57    51.985    59.158
58    55.771     60.07
59    15.946    88.711
60    10.445    62.226
61    59.163    61.571
62    65.329    70.041
63    16.468    56.854
64    71.639    76.126
65    47.355    51.906
66    50.688    51.497
67    68.985    26.537
68    36.265    59.109
69    58.275    33.447
70    50.303     34.76
71    64.261    24.344
72     25.17    42.526
73    68.575    35.687
74    80.848    28.108
75    64.066    74.381
76    43.533    37.776
77    48.537    27.593
78    23.327    54.215
79     69.58    64.838
80    33.506    36.402
81    49.353    70.726
82    51.469    73.704
83    64.585    73.364
84    48.023    48.321
85    56.183    70.483
86    75.073    47.075
87    31.475    36.244
88    49.285    52.314
89    63.403     26.09
90    50.433    78.624
91    31.059    65.003
92    50.455    74.458
93    44.866    44.038
94    33.424     7.601
95    56.272    47.977
96    49.878    62.587
97    44.922    43.883
98     8.605    38.513
99    44.135    43.955
100    31.002    57.026
101    32.716    74.813
102    40.164     61.18
103    44.685    35.159
104    28.913    55.381
105    33.816    70.799
106    22.252    29.855
107    83.159    65.256
108    45.011    55.329
109    55.727    62.698
110    47.127    56.821
111    83.268    15.538
112    58.184    46.436
113    70.089    47.488
114    86.925    27.042
115    57.437    25.414
116    48.142    61.656
117    36.779    18.552
118    57.781    45.034
119    57.939    47.631
120    39.644    48.545
121    59.165    63.127
122    35.724    81.365
123    56.569    24.765
124    53.567    28.317
125    32.485     40.15
126    63.167    43.544
127    61.491    75.251
128    23.298    46.005
129    93.892     60.39
130    54.013    57.931
131    62.357     76.64
132     63.87    73.949
133    81.325    60.989
134    80.241    39.363
135     61.86    87.389
136    35.077    36.172
137    64.252    68.137
138    68.921    51.641
139    80.891    42.554
140    56.636    56.654
141     48.89    55.403
142    52.225    42.392
143     69.76    49.457
144     38.66    81.159
145    12.965    36.974
146    32.334     68.82
147    73.005    34.499
148      50.3    43.173
149    85.084    51.943
150    69.478    46.922
151    43.623    54.044
152    53.522    33.651
153    88.941    56.866
154    64.182    56.838
155     27.98     27.92
156    75.433    37.067
157     60.09    71.198
158    37.108    52.185
159    51.141    52.914
160    79.713    73.485
161    67.855    47.942
162     28.62    72.989
163    57.731    61.432
164    65.904    91.367
165    57.661     22.37
166    49.448    53.224
167    49.972     42.36
168    23.746    79.833
169    41.142    49.754
170    75.032    66.622
171    39.764    55.881
172      46.4    49.118
173    36.281    55.429
174    46.437    72.954
175    64.146    68.188
176    74.054    46.776
177    70.116     55.75
178    41.839    29.872
179    56.524    30.972
180    20.987    82.488
181    32.312     62.91
182    49.992    57.833
183    15.072    39.248
184    66.578    51.748
185    47.305    65.326
186    69.919    68.005
187    22.204    73.943
188    55.366    41.296
189     24.25    37.423
190    38.258    36.782
191     25.55    70.245
192    56.521    49.341
193    49.691    54.845
194    55.102    45.985
195    56.136    51.699
196    55.734    41.318
197    60.991    47.669
198    49.575    78.368
199    59.503    50.335
200    54.768    41.494
