21 Stops, 200 Students, 10 Max_Walking, 50 Capacity, 5 Days 

0       0  1  1  1  1
1       1  1  1  0  1
2       1  1  1  1  1
3       1  1  1  1  1
4       0  1  1  0  0
5       1  1  1  1  1
6       1  0  0  0  1
7       1  1  1  1  1
8       1  1  1  1  1
9       0  1  1  1  1
10       1  1  1  1  1
11       1  0  0  1  1
12       1  1  1  1  1
13       1  1  0  0  0
14       1  1  1  1  1
15       1  1  0  0  0
16       0  0  0  1  1
17       1  1  1  0  1
18       1  1  1  1  1
19       1  1  1  1  1
20       1  1  1  1  1
21       1  1  1  1  1
22       1  1  1  1  1
23       1  1  1  1  1
24       1  1  1  1  1
25       1  1  1  1  1
26       1  1  1  1  1
27       1  1  1  1  1
28       0  0  1  1  0
29       1  1  1  1  0
30       1  1  0  0  0
31       0  0  0  1  1
32       1  1  1  1  1
33       1  1  0  1  1
34       1  1  1  1  1
35       0  0  1  1  1
36       0  0  1  1  1
37       1  1  1  0  0
38       1  1  1  1  1
39       1  1  1  1  1
40       0  1  0  1  1
41       1  1  1  1  1
42       1  1  1  0  1
43       1  1  1  1  1
44       0  1  1  0  1
45       0  1  0  0  1
46       0  1  1  0  0
47       1  1  1  1  1
48       1  1  1  1  0
49       1  0  0  0  1
50       1  1  1  1  1
51       1  1  0  1  1
52       0  1  1  1  1
53       1  1  1  1  1
54       0  1  1  0  1
55       1  1  1  1  1
56       0  1  1  1  0
57       1  0  1  1  0
58       1  1  1  1  1
59       1  1  1  1  1
60       1  1  1  1  1
61       1  1  1  1  1
62       0  1  0  1  1
63       1  1  1  1  1
64       1  1  1  0  1
65       1  1  1  0  1
66       1  1  1  1  1
67       1  1  1  1  1
68       0  0  1  0  1
69       1  1  0  0  0
70       1  1  1  1  1
71       1  1  0  0  1
72       1  1  1  1  1
73       0  0  1  1  1
74       1  1  1  1  1
75       0  0  1  1  0
76       1  1  1  1  1
77       1  0  0  1  1
78       1  1  1  1  1
79       1  1  1  1  1
80       0  1  0  1  0
81       1  1  1  1  1
82       1  1  1  1  1
83       1  1  1  1  1
84       1  1  1  1  1
85       1  1  1  1  1
86       1  1  1  1  1
87       1  1  1  1  1
88       1  1  1  1  1
89       1  1  1  1  1
90       1  1  1  1  1
91       0  0  1  1  1
92       0  1  1  1  1
93       0  0  0  1  1
94       1  1  0  1  0
95       1  1  1  1  0
96       0  0  0  1  1
97       0  1  1  0  0
98       1  0  1  1  1
99       1  1  0  1  1
100       1  1  1  1  1
101       0  1  1  0  1
102       0  1  0  1  1
103       0  1  0  1  1
104       1  0  1  0  0
105       0  0  1  1  0
106       1  1  0  1  0
107       0  1  1  1  1
108       0  1  1  0  1
109       1  0  1  0  0
110       0  0  1  1  1
111       0  0  1  0  1
112       1  1  0  1  1
113       1  1  1  1  1
114       0  1  1  0  1
115       0  0  1  1  0
116       1  0  1  1  0
117       1  1  1  1  0
118       1  0  1  1  1
119       1  1  0  1  0
120       1  1  1  0  1
121       0  0  1  1  0
122       1  0  0  0  1
123       0  1  1  0  1
124       0  1  1  0  0
125       1  0  1  1  0
126       1  1  0  1  1
127       1  0  1  1  0
128       1  0  0  1  0
129       1  1  1  1  0
130       1  1  1  1  0
131       0  0  0  1  1
132       0  1  1  1  0
133       1  1  1  1  1
134       1  1  0  0  1
135       0  0  1  1  1
136       0  1  1  0  1
137       0  1  1  1  1
138       1  0  1  1  1
139       1  1  0  0  1
140       0  1  1  1  0
141       0  0  1  0  1
142       0  1  0  1  0
143       1  1  0  1  0
144       0  0  0  1  1
145       1  0  1  0  1
146       0  1  0  0  1
147       0  1  0  1  0
148       1  0  1  0  1
149       1  0  0  1  1
150       0  0  1  1  1
151       0  1  1  1  0
152       1  1  1  0  0
153       1  1  0  0  0
154       0  1  1  1  1
155       0  1  1  1  1
156       1  0  0  1  0
157       0  0  1  1  1
158       1  1  0  0  1
159       1  1  0  1  0
160       1  0  1  0  0
161       0  1  1  1  1
162       0  1  1  1  1
163       0  1  0  1  1
164       1  1  1  0  0
165       0  1  0  0  1
166       0  1  1  1  0
167       1  1  0  1  0
168       0  1  0  0  1
169       0  0  0  1  1
170       0  1  1  1  1
171       1  0  1  1  1
172       0  1  0  1  1
173       1  1  1  1  1
174       0  1  1  1  0
175       0  1  0  1  1
176       1  1  1  1  0
177       1  0  0  0  1
178       0  0  1  0  1
179       1  0  0  0  1
180       1  1  0  1  1
181       1  1  0  0  0
182       0  1  1  1  0
183       0  0  1  0  1
184       0  1  1  0  1
185       1  0  1  0  0
186       1  1  0  1  0
187       0  1  1  0  0
188       1  1  0  1  0
189       1  1  0  0  1
190       1  0  1  0  0
191       0  0  0  1  1
192       0  1  0  1  0
193       0  1  1  0  1
194       1  1  1  1  1
195       1  0  1  0  0
196       1  1  1  1  1
197       1  0  0  1  1
198       1  1  1  1  1
199       1  1  1  1  0


0             50        50
1         73.042    60.052
2         29.748     12.22
3         51.891    89.628
4         46.638    74.196
5         66.318    28.068
6         39.441      74.8
7         19.769    37.565
8         63.685    11.566
9         60.291    64.334
10         74.569    19.962
11         77.352    74.938
12         56.554    32.838
13         11.751    78.567
14         43.844    51.714
15         17.068    37.047
16         88.397     55.18
17         65.298    31.095
18         21.921    39.497
19         61.103    17.064
20         36.002     44.72


1    71.698    57.137
2    71.459    57.132
3    79.691    55.805
4    73.088    68.579
5    73.517     59.34
6     73.53    59.591
7    76.861    56.081
8    72.478    56.095
9    69.504      57.9
10    68.418    65.498
11    30.046    10.743
12    24.317    19.118
13    24.209    17.453
14    29.801    10.936
15    28.273    12.722
16    37.499     9.006
17    27.047    16.131
18    29.572     8.108
19    34.344     12.87
20    25.827    15.467
21    56.512    92.071
22     50.83    90.142
23    45.878    88.216
24    45.862    88.978
25    51.104    88.855
26    48.757      92.1
27    56.777    92.729
28    58.148    93.947
29    61.673    89.555
30    47.638    92.678
31    46.174    75.121
32    45.948    73.709
33     46.53    73.331
34    46.379    72.103
35     51.04    74.665
36    47.351    76.119
37    51.411    68.779
38    44.536    73.309
39    47.736    72.845
40    43.885    73.472
41    66.374    28.002
42     65.69    22.847
43    66.552    30.631
44    65.857    27.801
45     74.54    27.998
46    65.963    27.268
47    70.484    33.983
48    67.403    25.374
49    63.709    25.814
50    62.821     28.97
51    39.908    76.151
52    39.818    78.472
53    42.645     69.54
54    47.339    74.028
55    40.164    76.522
56    39.872    72.554
57    38.368    74.139
58    32.751    72.258
59    38.428     70.71
60    45.113     79.83
61    20.646    39.777
62    20.761    43.997
63    16.655    33.738
64    15.461    36.786
65    18.068    29.658
66    17.883    39.439
67    25.404    30.896
68     19.33    39.665
69    19.007     29.58
70    21.871     36.32
71    63.997    11.582
72    64.018     9.477
73    59.143     6.736
74     64.72    10.056
75    66.723    19.862
76     58.25     12.01
77    62.096    12.217
78    56.014     7.547
79      61.5      11.7
80    64.781    16.432
81    64.088     67.69
82    59.764    62.763
83    54.394    67.483
84    57.173    63.143
85    60.297    66.681
86    57.352    67.666
87    56.985    57.923
88    58.014    62.084
89    61.515    65.328
90    61.103    64.232
91    83.783    23.507
92    67.567    22.634
93    70.007    20.583
94    75.517    18.577
95    75.525    16.098
96    73.144     29.12
97    72.893    22.591
98    65.646    16.166
99    71.676    14.882
100    72.703    29.388
101     75.77    75.038
102    75.323    75.125
103    74.965    76.059
104    74.531    80.468
105    68.465    74.128
106    77.785    78.793
107    80.854     82.94
108    70.316    77.226
109    82.414     77.47
110    76.622    67.938
111    62.772    40.202
112    49.242     28.83
113    54.484    37.681
114    60.869    31.782
115    56.512    32.906
116    58.302    37.027
117    64.978    27.684
118    59.917    38.634
119    59.435    34.026
120    51.402    40.289
121    13.207    76.135
122     9.163    76.506
123    13.437    83.183
124    12.168    78.253
125     8.926    80.594
126    10.325    75.867
127     5.613    80.316
128    11.219    81.183
129     3.156    73.738
130    12.583    77.768
131    38.769    51.839
132     39.77    48.001
133    41.647    48.147
134    45.275    50.017
135    49.314    56.886
136    42.801    47.832
137    43.099    53.461
138    48.003     57.09
139    41.317     51.69
140    46.933    53.228
141    18.116    30.002
142    18.077    37.909
143     9.196    38.634
144    16.449    37.396
145    19.917     39.79
146    23.668    32.563
147     9.864    31.337
148    14.389     34.64
149    11.758    34.204
150    15.431    38.579
151    94.748    56.248
152    81.898    56.717
153    84.917    58.728
154    97.225    50.497
155    87.697    56.266
156    86.724    45.475
157    89.961     56.63
158    87.022    54.002
159    89.611    55.796
160    87.195    61.269
161    62.054    27.918
162    65.496    31.536
163    58.778    26.876
164    64.769    35.228
165    58.781    35.495
166    73.296     34.47
167    66.753    24.688
168    64.228    39.402
169    72.416    25.285
170    64.688    30.245
171    23.724    39.625
172    18.454    42.742
173    19.798    46.865
174    18.734    39.387
175    20.616    41.471
176    18.089     41.84
177    25.952    40.258
178    23.871    48.758
179    22.753    44.636
180    21.987    38.328
181    63.699    20.362
182    65.502    14.458
183    65.019    21.875
184    59.709    16.911
185     63.39    23.339
186    56.811     22.91
187    58.963    20.624
188    59.939    17.367
189    65.281    15.411
190    59.876    18.091
191    37.848    42.876
192     32.17    38.555
193    34.818    45.823
194    37.844    39.557
195    36.947    43.804
196    36.043    44.895
197     36.46    45.591
198     38.65    38.936
199    44.094    40.816
200    32.865     40.35
