21 Stops, 400 Students, 5 Max_Walking, 50 Capacity, 5 Days 

0       1  1  1  1  1
1       1  1  0  0  1
2       1  1  1  1  1
3       1  0  1  1  0
4       0  1  0  0  1
5       0  1  0  0  1
6       1  1  1  1  1
7       0  1  1  0  1
8       1  1  1  1  1
9       1  1  0  1  1
10       1  0  1  0  0
11       1  0  1  1  1
12       1  1  1  1  1
13       1  1  1  1  1
14       1  1  1  1  1
15       1  1  1  1  1
16       1  0  0  0  1
17       1  0  1  0  1
18       1  1  1  1  1
19       1  1  1  1  1
20       1  1  1  1  1
21       1  1  1  1  1
22       0  0  1  1  0
23       1  1  1  0  0
24       1  1  1  1  1
25       1  1  1  1  1
26       1  1  1  1  1
27       0  1  0  1  1
28       1  1  1  1  1
29       1  1  1  1  1
30       1  1  1  1  1
31       1  1  1  1  1
32       1  1  1  1  1
33       1  1  1  1  1
34       1  1  1  1  1
35       1  1  1  1  0
36       1  1  1  1  1
37       1  0  0  1  1
38       1  1  1  1  1
39       1  1  1  1  1
40       1  0  1  0  0
41       0  1  1  0  1
42       0  0  1  1  0
43       1  0  1  0  1
44       1  1  1  1  1
45       1  0  0  0  1
46       1  1  1  1  1
47       1  0  1  1  0
48       1  0  1  0  1
49       0  1  1  0  0
50       0  1  0  1  0
51       1  1  0  1  1
52       1  1  1  1  1
53       1  1  1  1  1
54       1  1  1  1  1
55       1  1  1  1  1
56       1  1  1  1  1
57       1  1  1  1  1
58       0  0  0  1  1
59       0  1  0  0  1
60       1  1  1  1  1
61       1  0  1  1  1
62       1  1  1  1  1
63       0  1  0  1  0
64       1  1  0  1  1
65       1  1  1  1  1
66       0  1  1  0  1
67       0  1  1  0  1
68       1  1  1  1  1
69       1  1  1  1  1
70       1  1  1  1  1
71       1  1  1  1  1
72       1  1  1  1  1
73       1  1  1  1  1
74       1  1  0  0  0
75       0  1  1  0  1
76       1  1  1  1  1
77       1  1  1  1  1
78       1  0  0  1  0
79       1  0  0  0  1
80       1  1  1  1  1
81       1  1  1  1  1
82       1  1  1  1  1
83       1  1  1  1  1
84       1  1  0  1  1
85       1  1  1  1  1
86       1  1  0  1  0
87       1  1  1  1  1
88       1  1  0  1  1
89       1  1  1  1  1
90       0  1  1  1  0
91       1  1  1  1  1
92       1  1  1  1  1
93       1  1  1  1  1
94       1  1  1  1  1
95       1  1  1  1  1
96       1  1  1  1  1
97       1  1  1  1  1
98       1  1  1  0  1
99       0  1  0  1  0
100       1  1  0  1  0
101       0  0  1  1  0
102       1  1  1  1  1
103       1  1  1  1  1
104       0  0  1  1  0
105       1  1  1  1  1
106       1  1  1  1  1
107       1  1  1  1  1
108       0  0  1  1  1
109       1  1  1  1  1
110       1  1  1  1  1
111       1  1  1  1  1
112       1  1  1  1  1
113       1  0  0  0  1
114       1  0  0  1  1
115       1  1  0  0  0
116       1  1  1  1  1
117       0  1  1  1  1
118       0  1  0  1  1
119       0  0  1  1  1
120       1  0  1  0  1
121       1  1  0  1  1
122       1  1  1  1  1
123       1  1  1  1  1
124       0  1  1  1  1
125       1  1  1  1  1
126       1  1  1  1  1
127       1  1  1  1  1
128       1  1  1  1  1
129       1  1  1  1  1
130       1  1  1  1  1
131       0  0  1  0  1
132       0  0  0  1  1
133       1  1  1  0  0
134       0  1  0  0  1
135       1  1  1  1  1
136       1  1  1  1  1
137       1  0  1  1  1
138       1  1  1  1  1
139       1  1  1  1  1
140       1  1  1  0  1
141       1  1  1  1  1
142       1  0  0  1  0
143       1  1  1  1  1
144       1  1  1  0  0
145       1  1  1  1  1
146       1  1  1  1  1
147       0  1  0  1  1
148       0  1  1  0  1
149       1  1  1  1  1
150       1  1  1  1  1
151       0  1  1  0  1
152       0  0  1  1  1
153       1  1  0  0  0
154       1  1  1  1  1
155       1  1  1  1  1
156       1  1  1  1  1
157       1  0  0  1  0
158       1  0  1  1  1
159       1  1  1  1  1
160       1  1  1  1  1
161       0  0  1  0  1
162       1  0  1  0  0
163       0  0  1  1  0
164       1  0  0  0  1
165       1  1  1  1  1
166       1  1  1  1  1
167       1  1  1  1  1
168       1  1  1  1  1
169       1  1  1  1  1
170       0  1  1  0  0
171       1  1  1  1  1
172       1  1  1  1  1
173       1  1  0  1  1
174       1  0  1  0  1
175       1  1  0  0  0
176       1  1  1  1  1
177       1  1  1  1  1
178       1  1  0  0  0
179       1  1  1  1  1
180       1  1  1  1  1
181       1  1  1  1  1
182       1  0  0  0  1
183       1  1  1  1  1
184       0  1  0  1  1
185       1  0  0  1  1
186       1  0  1  0  0
187       0  0  1  1  1
188       1  1  0  0  1
189       0  1  0  1  1
190       0  1  1  1  1
191       1  1  1  0  0
192       1  1  1  0  0
193       0  1  1  1  0
194       0  1  0  1  1
195       1  1  1  1  1
196       1  0  1  0  1
197       1  1  0  1  1
198       1  0  0  1  0
199       0  0  0  1  1
200       0  1  0  0  1
201       1  1  1  1  1
202       1  1  1  0  0
203       0  1  1  1  0
204       1  1  0  1  0
205       1  0  0  0  1
206       0  0  0  1  1
207       0  0  1  1  0
208       1  0  0  0  1
209       1  1  1  0  0
210       1  0  0  1  1
211       0  1  1  0  0
212       0  1  1  0  0
213       0  0  1  0  1
214       1  0  0  0  1
215       1  0  1  0  0
216       0  1  1  1  1
217       0  0  0  1  1
218       0  1  1  0  0
219       0  1  0  1  0
220       1  0  1  0  1
221       1  1  0  1  0
222       1  1  0  0  0
223       1  0  0  0  1
224       0  0  1  0  1
225       1  0  0  1  0
226       0  0  1  0  1
227       0  0  0  1  1
228       1  1  0  1  0
229       0  0  1  0  1
230       1  1  0  0  1
231       1  0  0  1  1
232       0  1  1  0  1
233       0  1  0  1  1
234       0  0  1  1  1
235       0  0  1  0  1
236       1  0  1  0  1
237       1  0  0  1  0
238       1  1  0  1  0
239       0  1  0  0  1
240       1  1  0  0  0
241       1  0  0  0  1
242       0  1  1  1  1
243       0  0  1  1  0
244       1  0  1  1  0
245       1  0  1  1  0
246       1  0  1  1  0
247       0  0  1  1  1
248       1  0  0  1  1
249       0  1  1  1  0
250       1  0  1  1  1
251       1  1  1  0  1
252       1  1  0  0  0
253       1  1  0  1  0
254       1  1  1  0  0
255       1  0  0  0  1
256       0  1  1  0  1
257       1  0  1  1  1
258       1  0  1  1  1
259       0  1  1  1  0
260       1  1  0  0  0
261       0  0  1  0  1
262       1  1  0  0  1
263       1  0  0  0  1
264       0  1  0  0  1
265       0  0  1  1  0
266       1  0  0  1  0
267       1  0  0  0  1
268       1  1  0  1  1
269       1  1  1  1  0
270       0  0  1  1  1
271       1  0  1  0  0
272       1  1  0  1  0
273       1  1  0  1  0
274       0  1  1  1  1
275       0  1  1  0  0
276       1  1  0  1  1
277       1  0  1  1  0
278       1  1  0  1  1
279       1  1  1  1  0
280       1  0  0  0  1
281       0  0  0  1  1
282       1  0  1  0  0
283       0  1  1  0  0
284       0  0  1  1  1
285       0  0  1  1  1
286       0  0  1  1  1
287       0  0  1  1  1
288       1  1  0  1  0
289       0  0  0  1  1
290       0  1  1  1  0
291       0  0  0  1  1
292       0  0  1  0  1
293       1  1  0  0  0
294       0  0  0  1  1
295       1  0  1  1  1
296       1  1  1  0  0
297       1  0  0  1  0
298       1  1  0  1  1
299       1  1  0  0  0
300       1  0  1  0  1
301       1  1  1  1  0
302       1  1  0  1  0
303       1  0  1  0  1
304       0  1  0  0  1
305       1  1  1  0  1
306       1  0  1  0  0
307       1  1  1  0  0
308       0  1  0  1  1
309       1  0  1  1  0
310       0  0  1  1  1
311       1  0  0  1  1
312       0  1  1  1  0
313       0  0  1  1  1
314       0  0  1  0  1
315       1  1  1  1  0
316       0  1  0  1  1
317       1  1  1  1  0
318       1  0  0  1  0
319       1  1  1  0  0
320       1  1  1  0  0
321       0  1  0  0  1
322       1  1  1  0  0
323       0  0  0  1  1
324       1  1  0  1  0
325       0  1  1  1  0
326       1  0  0  0  1
327       1  1  0  1  1
328       0  1  1  1  0
329       0  1  0  0  1
330       1  1  1  1  1
331       0  0  1  0  1
332       0  0  1  0  1
333       1  0  0  1  0
334       0  0  1  1  0
335       0  1  0  1  0
336       1  1  0  1  0
337       0  0  1  1  0
338       1  0  1  0  0
339       0  1  1  1  0
340       0  1  1  1  0
341       1  1  1  0  1
342       0  1  1  1  1
343       1  1  0  0  0
344       1  1  1  0  0
345       1  0  1  1  1
346       1  1  1  0  1
347       0  1  1  0  0
348       1  1  1  1  1
349       1  0  0  1  0
350       0  1  1  1  0
351       1  1  0  1  0
352       0  1  0  1  1
353       0  1  0  1  0
354       0  0  1  0  1
355       0  0  0  1  1
356       1  1  0  0  0
357       1  1  0  1  1
358       1  0  1  0  0
359       1  1  0  1  0
360       1  0  1  1  0
361       0  1  1  1  0
362       1  1  0  0  0
363       1  1  0  0  1
364       0  1  1  0  0
365       0  0  1  1  0
366       0  1  0  1  1
367       1  1  0  1  1
368       0  1  0  0  1
369       0  0  1  1  1
370       0  0  1  1  1
371       0  1  0  0  1
372       1  0  1  1  0
373       1  0  1  1  0
374       0  0  1  1  1
375       0  0  1  0  1
376       0  1  0  0  1
377       1  0  1  0  1
378       0  1  1  1  0
379       1  0  1  0  1
380       1  1  1  1  0
381       1  1  0  1  1
382       1  1  0  0  0
383       0  1  1  1  0
384       0  1  0  1  0
385       1  0  1  0  0
386       1  0  1  1  0
387       0  0  1  0  1
388       0  1  0  0  1
389       1  0  1  1  1
390       1  0  0  0  1
391       0  0  1  0  1
392       0  1  1  0  0
393       0  0  0  1  1
394       1  0  0  1  1
395       0  1  0  1  0
396       0  0  0  1  1
397       0  1  0  1  0
398       1  1  0  0  1
399       1  1  1  0  1


0             50        50
1         19.975    33.985
2         42.399    26.812
3         33.431    52.822
4         10.443    18.985
5         80.537    43.554
6         13.506    24.272
7          22.33    55.674
8         90.312    64.037
9         28.015    34.457
10         47.673     91.56
11          40.19    64.655
12         51.502    91.583
13         40.379    80.195
14         52.914    36.835
15         87.754    27.987
16         11.612    16.434
17         62.636     20.53
18         40.435     49.75
19         54.465    43.558
20          67.24    86.593


1    21.934     34.99
2    22.935    35.525
3    17.555    35.351
4    20.236    33.299
5    17.647    35.239
6    24.758    34.032
7    20.296    34.755
8    22.152     33.21
9    20.513    35.065
10    16.073    31.198
11    21.623    32.738
12    18.449    36.102
13    23.889    37.076
14    21.837    37.219
15      24.2    34.299
16    18.666     29.44
17    17.334     30.55
18     19.95    34.942
19    20.461    36.453
20    16.491    33.396
21    42.322    27.881
22    42.633    26.719
23     45.24    27.255
24    43.236    26.033
25    39.152    24.063
26    45.105    24.233
27    45.463    27.748
28    44.314    26.183
29    40.448    29.353
30    37.629    25.708
31    41.447    27.229
32    40.192    28.919
33     40.54    30.696
34    45.333     28.06
35    43.509    27.618
36    43.471    26.869
37    46.982    25.133
38    46.353    24.368
39     45.65    28.935
40    39.993     23.65
41    31.706    48.715
42     35.85    54.767
43    33.277    51.727
44    34.632    49.885
45    33.241    55.042
46    35.369    50.421
47    31.014    53.625
48    33.931    51.062
49    34.066    56.618
50    32.496    54.566
51    32.846    50.333
52    31.486    51.589
53    34.849    49.264
54    29.559    55.756
55    33.864    51.794
56    33.981    56.855
57    34.145    51.837
58     33.52    50.448
59    32.453    52.878
60    32.353    52.963
61    10.392    19.465
62    10.926    15.694
63     9.673    15.991
64     13.68    20.705
65    12.714    15.826
66    11.758    21.437
67     6.806    17.541
68    13.728    15.731
69    10.496    18.679
70     9.153    17.906
71    10.537    19.157
72     7.793    15.531
73     9.597    18.187
74    12.068    17.785
75    10.643    18.925
76     9.405    23.078
77     9.489    20.458
78       8.7    16.527
79     9.651        19
80     10.33    14.441
81    80.639    47.692
82    79.731    40.555
83    82.139    41.724
84    78.877    44.161
85    80.333    45.696
86    80.199    43.145
87    82.784    45.168
88    80.524    43.931
89    83.088    45.756
90    80.344    43.681
91    76.454    43.193
92    80.049    43.994
93    80.986    39.685
94     77.69    46.882
95    81.816    43.406
96    83.153    43.531
97    82.494    42.479
98    80.264    42.353
99    80.469    41.645
100    80.621    39.084
101    13.567     21.99
102    12.034    22.513
103    13.638    20.265
104    11.782    24.236
105     15.51    28.631
106     8.968     22.22
107    12.363    26.193
108    12.865    25.184
109     11.77    20.293
110    12.673     25.41
111    14.266    22.467
112    12.627    26.695
113    12.607    19.944
114    11.863     23.13
115    16.277    25.399
116    12.552    20.246
117    14.007    21.468
118    10.562    24.552
119    13.463     23.39
120    14.003    23.929
121    24.264    58.623
122    21.438    54.094
123    23.284    55.365
124    21.384    56.276
125    20.128    59.121
126    21.906    60.396
127    22.847    52.721
128    22.417    59.447
129    23.089    58.728
130    22.515    58.113
131    22.232    55.638
132    18.405    53.205
133    18.088    57.356
134    20.429    57.678
135    25.218     57.82
136    24.017     54.22
137    22.264    58.704
138    19.606    55.054
139    19.818    53.737
140    21.526    56.446
141    88.126    65.255
142    90.718    64.008
143    90.335     64.06
144    94.041    64.807
145    89.158    65.086
146    92.951    63.251
147    89.901    63.577
148     89.18    68.283
149    89.397    64.652
150    89.787    67.753
151     86.11    64.346
152    91.321    63.642
153    87.387    65.715
154    93.591    61.804
155    92.345    66.103
156    91.566    67.926
157    90.686     64.79
158    90.287    66.642
159    90.577    64.721
160    87.766    63.795
161    27.754    31.875
162    26.657     31.92
163     27.88    33.834
164    27.457    34.837
165     28.79    34.338
166    24.008    37.363
167    28.712    34.595
168    25.574    35.564
169    31.932     37.49
170    25.182    30.715
171     28.75    32.879
172    27.027    34.271
173    24.416    36.585
174    31.363    31.032
175    29.795    34.617
176    28.006    34.468
177    28.402    34.083
178    28.823    32.769
179    25.335    31.848
180     28.84    35.062
181    45.878    94.038
182     51.61    92.546
183    45.379    95.885
184    51.822    93.782
185    46.898     94.82
186    47.784    91.516
187    43.677    93.232
188    48.099    93.056
189    44.708    91.476
190    50.253    94.897
191    49.004     91.83
192    49.239    90.741
193    45.362    92.399
194    45.833    88.362
195    47.095    89.545
196    49.431     92.01
197    45.587    93.065
198    49.186    90.964
199    47.219     94.82
200    48.252    90.466
201    40.775    64.722
202    38.478    65.558
203    40.477    63.986
204    36.386     63.53
205    39.523    63.799
206    39.368    65.805
207    40.505    60.991
208     37.21    62.228
209    44.859    65.372
210    40.567    63.498
211    41.171    65.034
212    39.928    66.111
213    41.773     63.79
214    39.329    60.451
215    40.563    63.673
216    36.914    64.987
217    40.478    64.586
218    41.027    64.815
219    40.433    63.038
220    40.804     64.77
221    51.552    90.617
222    51.368    92.678
223    49.341    87.262
224    55.193    93.948
225    50.268    90.122
226    50.368    96.048
227    54.092    93.975
228    50.009    93.115
229    51.229    92.498
230    49.745    95.373
231      54.1     95.64
232    55.627    92.457
233    51.731    89.287
234     53.13    93.133
235    51.074    94.557
236    50.157     87.16
237     51.46    91.453
238    53.199    93.592
239    53.027    93.397
240    49.384    94.602
241    42.336    81.873
242    39.346    80.169
243    39.723    79.684
244    42.456    76.887
245    39.135    78.381
246    39.599    82.066
247    42.888    77.483
248    43.505    81.602
249    41.516    79.673
250    42.619    81.095
251    44.562    78.778
252     39.31    84.441
253    44.423    78.481
254    37.996    78.811
255    44.678    81.427
256    40.882    81.376
257     35.68    80.614
258    41.671    80.425
259    44.552    79.831
260    39.756    79.103
261    51.855    38.165
262    54.693    38.783
263    53.479    36.728
264    55.556    33.083
265    50.779    32.608
266     52.79    40.302
267    56.619     36.52
268    53.325     37.03
269    55.236    40.367
270    50.296    34.447
271    51.058    36.711
272    52.328    40.649
273    56.245    38.529
274    53.287    37.044
275    55.191    38.018
276    55.832    40.451
277    51.752    40.919
278    54.684    36.836
279    51.913    37.548
280    52.294    33.542
281    86.439    27.538
282    92.042    29.021
283    89.167    24.497
284    84.906    27.974
285    87.442    28.069
286    83.984    25.551
287    90.986    30.227
288    83.862    31.113
289    87.671    27.529
290    90.755    29.328
291    90.841    29.063
292    87.934    27.527
293    87.292    28.665
294    92.089    28.765
295    87.795    29.289
296    86.114    31.378
297    89.665    25.846
298    83.437    29.827
299    88.794    24.983
300    89.218     28.42
301    11.791    16.765
302     11.56    16.488
303     7.873    17.501
304     9.225    15.283
305    15.874    18.549
306    15.279    14.643
307    11.861    16.258
308    10.869     16.51
309    13.001    16.227
310     9.358    15.153
311      12.2    11.636
312     8.734    14.145
313    10.621    14.933
314    14.265    17.048
315    11.846    16.404
316     9.293    16.745
317    12.375    16.481
318     9.689    20.722
319     9.347    13.309
320     7.745    18.203
321      63.6    18.598
322     59.12    18.046
323     60.58    23.831
324    63.577    19.125
325     61.97    20.881
326    61.682    18.403
327    62.212    22.461
328    58.147    18.979
329    63.992    16.428
330    60.239    23.708
331    63.468    21.103
332    65.224    21.872
333    62.398    21.382
334    62.745    20.943
335    62.673    20.706
336    59.862    23.572
337    63.298     20.54
338    62.598    21.578
339    64.822    21.653
340    63.257    20.255
341    38.125    45.789
342    38.171     50.17
343    42.362     47.67
344    40.008    49.159
345    40.714    49.009
346    43.346    50.741
347    38.353     45.62
348    40.561    54.155
349    39.178    49.932
350    43.091    50.673
351    37.863    50.576
352    36.753     49.05
353    40.218    50.852
354    38.457    50.832
355    40.941    48.207
356    36.764    53.105
357    41.972     52.41
358    41.455    46.807
359    39.534    51.797
360    37.263    52.025
361    55.623    40.161
362    50.912    41.057
363    58.917    41.902
364    55.253    42.694
365    50.697    43.195
366    56.703    44.996
367    54.794    44.525
368    54.493    43.479
369    53.774    46.476
370    51.942    44.503
371    55.571    39.614
372    50.892    44.222
373     52.85    46.232
374    58.321    44.816
375    55.362    43.937
376    56.698    46.946
377    57.661    40.581
378     54.07    44.897
379     58.24    41.389
380    54.456    43.551
381    65.275    83.641
382    69.345     90.18
383    66.702    87.262
384    68.351    88.606
385    67.258    86.075
386    64.885    83.385
387    70.204    85.304
388      68.1    85.954
389    71.519    84.392
390    65.134    88.803
391    67.478    82.051
392    64.922    82.892
393    67.483    89.815
394     67.13    87.171
395    67.728    89.321
396     71.33    88.692
397    69.001     83.83
398    66.513    88.888
399    67.787    84.298
400    64.299    90.071
