21 Stops, 200 Students, 5 Max_Walking, 25 Capacity, 5 Days 

0       1  1  1  1  1
1       1  1  1  1  1
2       1  1  1  1  1
3       1  1  1  1  1
4       1  1  1  1  1
5       1  0  0  1  0
6       1  1  1  1  1
7       1  1  1  1  1
8       1  1  1  1  1
9       0  1  0  0  1
10       1  1  0  0  1
11       0  1  0  1  0
12       1  1  1  1  1
13       1  1  1  1  1
14       1  1  1  1  1
15       0  1  1  1  0
16       1  1  1  1  1
17       1  0  0  1  1
18       1  0  0  1  0
19       0  0  1  1  0
20       0  0  1  1  1
21       1  0  0  0  1
22       1  1  1  1  1
23       1  1  1  1  0
24       0  0  0  1  1
25       1  1  1  1  1
26       1  1  1  1  1
27       1  0  0  1  0
28       0  0  1  0  1
29       1  1  1  1  1
30       1  1  1  1  1
31       1  1  1  1  1
32       1  1  1  1  1
33       1  0  1  1  0
34       1  1  1  1  1
35       1  1  1  1  1
36       1  1  1  1  1
37       1  1  1  0  0
38       0  1  1  0  0
39       1  1  1  1  1
40       1  1  1  1  1
41       1  1  1  1  1
42       1  1  1  1  1
43       1  1  1  1  1
44       1  1  0  0  1
45       1  1  1  1  1
46       1  0  1  0  1
47       1  1  1  1  1
48       1  1  1  0  0
49       1  1  1  1  1
50       1  1  1  1  1
51       1  0  1  0  1
52       1  1  1  1  1
53       1  1  1  1  1
54       0  0  1  0  1
55       0  1  0  0  1
56       1  1  1  1  1
57       1  1  1  1  1
58       1  1  1  0  0
59       1  0  1  1  1
60       0  0  1  0  1
61       1  1  1  1  1
62       1  1  0  1  1
63       1  1  1  1  1
64       1  1  1  1  1
65       1  1  1  0  0
66       1  1  0  1  0
67       1  1  1  1  1
68       1  0  0  1  0
69       1  0  1  0  1
70       1  1  1  1  1
71       1  1  1  1  1
72       1  1  1  1  1
73       1  1  1  1  1
74       1  1  1  1  1
75       1  1  1  1  1
76       1  1  1  1  1
77       1  0  0  1  1
78       1  1  0  0  1
79       1  1  1  1  1
80       1  1  1  1  1
81       1  1  0  1  1
82       1  1  1  1  1
83       1  1  1  1  1
84       0  1  1  0  0
85       0  0  1  1  0
86       1  1  1  1  1
87       1  0  1  1  0
88       1  0  0  1  0
89       1  1  1  1  1
90       1  1  1  1  1
91       0  0  1  0  1
92       1  0  0  1  1
93       1  1  1  1  1
94       1  1  1  1  1
95       1  1  0  0  1
96       1  1  1  1  1
97       1  1  1  1  1
98       1  1  1  1  1
99       1  0  1  1  1
100       1  0  1  0  0
101       1  1  1  0  1
102       1  1  1  1  1
103       1  1  1  1  0
104       1  0  0  0  1
105       1  1  1  1  1
106       1  1  1  1  0
107       0  1  1  1  0
108       1  1  1  1  1
109       1  1  1  1  1
110       1  0  0  1  0
111       1  1  1  1  1
112       1  0  0  1  0
113       1  0  0  0  1
114       1  1  1  1  1
115       0  1  1  0  1
116       0  0  1  0  1
117       1  1  0  0  0
118       1  1  0  1  0
119       1  1  1  1  1
120       1  1  1  1  1
121       1  1  1  1  0
122       1  1  1  1  1
123       1  1  1  1  1
124       1  1  1  0  1
125       0  0  0  1  1
126       0  1  1  0  0
127       1  1  1  1  1
128       1  1  1  1  1
129       1  1  1  1  1
130       1  0  1  0  0
131       0  0  0  1  1
132       0  1  0  1  1
133       1  1  1  1  1
134       1  1  1  1  1
135       1  1  1  1  1
136       0  0  1  1  1
137       0  1  1  1  1
138       1  1  1  1  1
139       1  1  1  1  1
140       1  1  0  1  0
141       1  1  1  1  1
142       1  1  1  1  1
143       1  1  1  1  1
144       1  1  1  1  1
145       1  1  1  1  1
146       1  1  1  1  1
147       1  1  1  1  1
148       0  0  1  1  0
149       1  1  1  1  1
150       1  0  1  0  1
151       1  1  1  0  1
152       1  1  1  1  1
153       0  1  0  1  0
154       1  1  1  1  1
155       1  1  0  1  1
156       1  1  1  1  1
157       1  1  1  1  1
158       1  1  1  1  1
159       1  1  1  1  1
160       1  1  1  1  1
161       1  0  1  1  0
162       1  1  1  1  1
163       0  1  0  1  1
164       1  0  0  0  1
165       0  1  1  0  0
166       1  0  0  1  1
167       0  1  1  1  0
168       1  1  1  1  1
169       1  0  0  0  1
170       0  1  0  1  1
171       1  1  0  1  1
172       1  1  1  0  1
173       1  1  0  1  1
174       1  0  1  1  0
175       1  1  1  1  1
176       1  0  1  1  1
177       1  1  1  1  1
178       1  1  1  1  1
179       1  0  0  1  1
180       1  0  0  0  1
181       1  1  1  1  1
182       0  1  0  0  1
183       1  0  1  1  0
184       1  1  1  1  1
185       1  1  0  1  1
186       1  1  1  1  1
187       1  0  0  0  1
188       0  1  1  1  0
189       0  1  1  1  1
190       1  1  1  1  1
191       1  1  1  1  1
192       1  1  1  1  1
193       0  1  1  0  1
194       1  1  1  0  1
195       0  1  1  1  1
196       1  0  0  1  1
197       1  1  1  1  1
198       1  1  1  1  1
199       0  1  1  1  0


0             50        50
1         53.924    17.858
2         81.452    93.389
3         49.937      45.8
4           9.32    78.328
5         78.519    86.244
6         32.184    94.691
7         17.384     66.93
8         94.856    37.027
9          5.087    40.063
10         79.257     5.421
11         79.515    88.891
12         60.666    32.527
13         85.531    49.663
14         63.431    58.099
15          7.966    28.057
16          78.84    18.818
17         10.905    30.279
18         49.413     86.93
19         40.135    13.618
20         42.132    40.024


1    50.016    16.623
2    56.123      17.8
3     56.71    16.855
4    54.306    18.257
5    54.946    17.439
6    55.739     20.61
7    52.211     20.32
8    55.684    22.241
9    54.329    18.008
10    53.189     16.33
11    78.015    90.083
12    81.619    93.213
13    82.142     92.41
14    83.252    90.088
15     81.41    93.445
16    81.373    96.331
17    78.051    94.374
18    81.601    96.657
19     80.07    92.656
20    80.409     94.04
21    52.201    44.384
22    49.691    45.343
23    50.623    49.599
24     50.77    46.086
25    45.793    48.352
26    53.447    44.289
27    52.588    45.466
28    49.825    49.422
29    52.149    46.333
30    52.162    48.748
31      4.94    77.565
32     9.448    82.667
33    10.519    78.313
34     7.605    82.373
35      9.32    78.325
36    11.438    74.608
37    11.155    79.295
38     7.438    81.512
39     6.275    81.733
40     8.598    82.646
41    76.915     84.59
42     78.37    86.405
43    78.904    86.034
44    76.743    90.612
45     78.28    82.669
46    76.242    86.751
47    74.149    87.397
48     81.17    86.324
49    76.762    82.178
50    79.485    86.675
51    28.606    95.085
52    29.524    98.604
53    32.521    96.407
54    33.884    94.082
55    30.006    93.403
56    27.233    94.962
57     34.66    91.281
58    32.835     93.38
59    34.973    91.133
60    29.592    98.074
61    17.184     66.96
62    19.872    68.838
63     17.41    64.221
64    14.399    66.291
65    16.911    66.822
66    17.615    65.488
67    17.852    65.075
68    19.345    66.277
69    16.781    68.831
70     17.56    67.146
71    94.904    37.104
72    96.036    40.306
73    90.517    36.223
74    94.873    36.703
75    93.719    37.017
76    91.356    35.223
77    94.854    38.537
78    94.841    37.477
79    91.582    36.635
80    94.955    37.147
81     3.045    44.029
82     4.736     43.24
83     0.361    39.301
84     6.055    37.536
85     6.115    39.603
86     5.657    40.346
87     7.557    39.472
88     8.354    40.375
89     5.054    40.061
90     1.146    43.107
91    80.274     7.661
92    77.175     6.077
93    79.561     6.484
94    77.175      6.52
95    79.041     6.029
96    83.511     3.884
97    78.136      5.09
98    74.867     4.229
99    78.512     6.384
100    79.811     7.611
101    78.542    86.548
102    79.049    87.686
103    75.236    88.407
104    79.654    90.672
105    80.119    92.754
106    80.042    88.896
107      83.6    89.533
108    81.047    90.664
109    80.956    87.097
110    80.764    87.712
111    62.753    28.701
112    59.215    33.168
113    60.612    33.972
114    58.788    33.054
115    57.751    29.986
116    62.746    34.383
117    60.858    32.797
118    60.457     32.83
119    63.097     33.68
120    62.813    35.629
121    86.646    52.676
122    83.906    48.207
123    87.457    49.496
124    85.568    49.709
125    86.992    53.861
126    87.576    48.756
127    86.162     46.32
128    81.119        52
129    85.916    50.994
130      85.9      50.2
131    63.045    58.386
132    66.254    55.941
133    60.409    61.686
134    62.303    57.951
135    62.954    55.241
136    66.228    55.548
137    63.598    59.852
138    64.724    56.169
139    66.472    61.725
140    65.612     57.62
141    10.379    25.598
142    12.652    28.805
143     5.656    25.502
144      7.58    28.716
145     7.997     27.39
146     8.074    27.982
147     8.911    28.136
148     7.255    27.826
149     7.834    28.356
150     8.706    29.002
151    78.513    18.885
152    80.048    16.727
153     76.37    15.353
154    79.271    17.868
155    82.331    15.918
156    76.497    18.186
157    82.315    15.303
158    80.659    21.567
159     76.66    17.149
160    81.986    17.182
161    13.576    29.965
162     8.211    26.663
163    12.649    32.589
164      9.94    30.626
165     12.31    32.821
166    10.395     30.11
167    10.378     29.66
168    10.956    30.434
169    11.881     33.24
170    13.062    28.682
171    46.737    83.588
172    53.634    87.891
173     45.35    86.155
174    51.006    87.351
175    50.021    87.805
176    50.167    88.439
177    49.935    88.874
178    53.301    84.988
179     50.47    86.598
180    51.075    87.171
181    40.328    14.771
182    42.178    11.191
183    40.636    15.701
184    40.139    13.606
185    40.249    15.403
186    41.664    17.994
187    40.852    12.991
188    39.232    11.761
189    41.211    10.485
190    39.318     9.924
191     41.89    41.898
192    37.947    42.513
193    41.962    40.391
194    41.674    39.848
195    45.283     39.09
196    44.605    41.592
197    42.415    41.455
198     39.68    37.021
199    43.094    40.355
200    42.352    39.495
