41 Stops, 200 Students, 5 Max_Walking, 50 Capacity, 5 Days 

0       1  0  0  0  1
1       1  1  1  1  1
2       1  1  1  1  1
3       1  1  1  1  1
4       1  1  1  1  1
5       0  0  1  1  0
6       1  1  1  1  1
7       1  1  1  1  1
8       0  1  0  0  1
9       1  1  1  1  1
10       1  1  1  1  1
11       1  1  1  1  1
12       1  1  1  1  1
13       1  1  1  1  1
14       1  1  0  1  0
15       1  1  1  1  1
16       1  1  1  1  1
17       0  1  0  0  1
18       1  1  1  1  1
19       1  0  0  1  1
20       1  1  1  1  1
21       1  1  1  1  1
22       1  1  1  1  1
23       1  1  1  1  1
24       1  1  1  1  1
25       1  1  1  1  1
26       1  1  1  1  1
27       1  0  1  1  0
28       1  1  1  1  1
29       1  0  1  1  0
30       1  1  1  1  1
31       1  1  1  1  1
32       1  1  1  1  1
33       1  1  1  1  1
34       0  1  1  1  1
35       1  1  1  1  1
36       1  1  1  1  1
37       1  1  1  1  1
38       1  1  1  1  1
39       1  1  1  1  1
40       1  1  1  1  1
41       0  1  1  1  0
42       1  1  1  1  1
43       1  1  1  1  1
44       1  1  1  1  1
45       1  0  1  1  1
46       0  1  0  1  0
47       1  0  0  1  1
48       0  1  0  1  0
49       1  1  1  1  1
50       1  1  1  1  1
51       1  0  1  1  1
52       1  1  1  1  1
53       1  0  1  1  0
54       1  1  1  1  1
55       1  1  1  1  1
56       1  1  1  1  0
57       0  0  1  1  1
58       1  1  1  1  0
59       1  1  1  1  1
60       0  1  0  1  1
61       1  0  1  0  1
62       0  1  0  0  1
63       1  1  1  1  1
64       0  0  1  0  1
65       1  0  0  0  1
66       1  0  0  1  1
67       1  1  1  1  1
68       1  1  1  0  0
69       0  1  1  1  0
70       1  0  1  1  1
71       1  1  1  1  1
72       1  1  1  1  1
73       1  1  1  1  1
74       0  0  0  1  1
75       1  1  1  1  1
76       0  0  1  0  1
77       1  1  1  1  1
78       0  0  1  1  0
79       1  1  1  1  1
80       1  1  1  1  1
81       1  1  1  1  1
82       1  1  1  1  1
83       1  1  1  1  1
84       1  1  1  1  1
85       1  1  1  1  1
86       1  1  1  1  1
87       1  1  0  1  1
88       1  1  1  1  1
89       1  1  1  1  1
90       1  1  1  1  1
91       1  1  0  0  1
92       0  1  1  0  1
93       1  1  1  1  1
94       1  0  1  1  0
95       1  0  0  1  1
96       0  1  1  1  0
97       0  1  0  1  1
98       1  1  0  1  1
99       1  1  1  1  1
100       0  1  1  1  0
101       1  1  1  1  1
102       0  1  1  0  0
103       1  1  0  0  0
104       0  0  1  1  1
105       1  1  1  1  1
106       1  0  1  1  0
107       0  1  1  1  1
108       1  1  1  0  0
109       1  1  1  1  1
110       1  1  1  1  1
111       1  1  1  1  1
112       1  0  0  1  1
113       1  0  0  0  1
114       1  0  1  0  0
115       0  1  0  1  1
116       1  0  1  0  0
117       1  1  0  0  1
118       1  1  1  1  1
119       1  1  1  1  1
120       1  1  1  1  1
121       1  0  0  1  0
122       1  0  0  0  1
123       1  1  0  0  0
124       1  0  1  0  0
125       1  1  1  1  1
126       0  0  1  0  1
127       0  1  0  1  0
128       1  0  1  1  0
129       1  1  0  1  1
130       1  1  1  1  1
131       1  1  1  1  1
132       1  1  1  1  1
133       1  1  1  0  1
134       1  1  1  1  1
135       1  1  1  1  1
136       1  0  0  1  0
137       1  1  1  1  1
138       0  1  1  0  1
139       0  1  1  0  1
140       1  1  1  1  1
141       0  0  0  1  1
142       1  1  1  1  1
143       1  1  1  1  1
144       0  1  0  1  0
145       0  1  0  1  1
146       1  1  1  1  1
147       0  1  0  0  1
148       1  1  1  1  1
149       0  0  1  0  1
150       1  0  0  1  1
151       0  1  1  0  1
152       1  1  1  1  1
153       1  1  1  1  1
154       0  1  1  0  1
155       1  0  1  0  0
156       1  1  1  1  1
157       0  0  1  1  0
158       1  1  1  1  1
159       1  1  0  1  1
160       0  0  1  1  1
161       1  1  1  1  1
162       0  0  1  1  1
163       1  1  1  1  1
164       0  1  1  1  0
165       1  0  0  1  1
166       1  0  1  0  1
167       1  0  1  0  1
168       1  1  1  1  1
169       1  0  0  0  1
170       1  1  1  1  1
171       0  1  0  1  0
172       1  1  1  1  1
173       0  1  0  1  0
174       1  1  1  1  1
175       1  1  1  1  1
176       1  1  1  1  1
177       1  1  1  1  1
178       1  1  1  1  1
179       1  1  1  1  1
180       1  1  1  1  1
181       1  0  0  0  1
182       1  1  1  1  1
183       0  0  1  1  0
184       1  1  1  1  1
185       1  0  1  1  0
186       1  1  1  1  1
187       0  1  0  1  0
188       1  1  1  1  1
189       1  1  1  1  1
190       1  1  1  1  1
191       1  1  1  1  1
192       1  1  1  1  1
193       1  0  1  0  1
194       1  1  1  1  1
195       1  1  1  1  1
196       1  1  0  0  0
197       1  0  0  1  1
198       1  1  1  1  0
199       1  1  1  1  1


0             50        50
1         57.203    87.981
2         47.005     9.752
3         56.136    53.191
4         67.087    87.827
5         34.429    39.223
6         77.791    10.412
7         65.445     64.44
8          21.24    28.292
9         32.666     47.28
10         61.373     65.87
11         62.927    18.818
12         45.011    19.962
13          5.241     9.672
14         49.514    72.441
15         78.213    73.125
16         85.567    62.016
17         63.291    94.761
18         28.427    49.001
19         92.415    20.956
20         50.621    64.057
21         48.282    32.726
22         40.731    45.488
23         57.637    86.949
24         47.663    76.894
25         19.677    10.919
26         22.205    48.359
27         50.056    58.553
28         67.574    68.987
29         31.086    67.097
30         90.502    20.664
31         19.727    70.563
32         65.212    91.906
33          22.01    20.523
34          5.866    43.209
35         84.437    35.797
36         93.979    57.626
37         72.983    75.245
38         86.212     47.99
39         38.341    68.801
40         52.235    71.875


1    57.117    87.902
2    52.373    87.804
3    56.505    86.769
4    56.146    86.448
5    53.037    89.822
6    42.549     11.58
7    46.427     6.738
8    47.262     9.807
9    47.113    10.095
10    45.268    12.354
11    60.221    52.457
12    58.568     54.87
13    54.708    54.487
14    58.513    51.982
15    55.742    53.058
16    67.422     86.39
17    67.804    87.126
18    67.467    88.345
19    67.138    87.299
20    64.758    87.635
21     35.85    39.032
22    35.465    37.309
23    35.826    36.412
24    31.776     35.32
25    33.472    38.615
26    80.129    10.578
27    77.602    10.416
28    79.313    10.427
29     75.13     9.828
30    78.605    14.889
31    64.633    63.969
32    65.653    59.845
33    68.885    64.736
34    68.178    67.329
35    65.277    68.334
36    18.563    27.627
37    20.815    30.409
38    21.305     28.86
39    21.926    26.992
40    19.405    24.409
41    28.456     46.42
42    28.888    48.138
43    30.871    43.052
44    33.665     50.34
45    29.873    50.914
46    62.463    61.452
47     59.44     66.09
48    62.218     63.78
49    60.678    65.156
50    59.716    63.359
51    63.743    22.947
52    61.418    14.646
53    61.908     21.12
54    59.685    19.486
55    64.171    21.792
56      48.7    18.518
57    49.066    22.275
58    45.358    17.016
59    45.169    18.241
60    44.984     20.26
61     5.926     9.676
62      5.36     9.735
63     3.101    13.505
64      3.42      5.87
65     3.137     5.528
66    49.424    73.422
67    51.163     74.86
68    53.821    73.921
69    49.079    71.269
70    45.652     69.76
71    75.484    70.194
72    74.608    71.206
73    78.579    73.074
74     78.35      72.2
75    77.988    74.895
76    85.502    62.135
77    85.272    63.575
78     87.66    62.272
79     88.85    64.804
80    88.337      62.9
81    63.203    94.525
82    63.338    94.788
83    59.506    91.974
84     65.13    94.437
85    66.708    92.704
86    29.346    50.679
87    32.041    49.072
88    31.525    49.641
89    29.077    48.905
90    31.663    45.972
91    93.382    20.588
92    90.981    20.873
93    96.458    20.526
94    90.378    16.589
95    90.735    21.556
96    46.774    64.017
97    50.735     64.14
98    54.135    64.412
99    52.816    65.003
100    51.362    66.874
101    50.622    31.226
102    48.548    32.847
103    50.466    32.724
104     47.51    31.032
105    46.444    33.903
106    42.342    44.774
107    40.418      45.7
108    38.948    47.993
109    40.824    45.455
110    37.198    48.445
111    59.289    87.934
112    60.675    87.199
113    53.532    88.022
114    57.654    87.014
115    55.132    90.001
116    52.281    78.029
117    46.675    76.756
118    50.754    78.411
119    47.703    76.947
120    43.751        78
121    22.913    13.936
122    23.544    13.026
123    16.327    10.006
124    17.576     6.722
125     20.13    11.182
126    21.553    47.848
127    22.817    51.899
128    20.442    46.493
129    22.116    48.535
130    20.756    52.529
131    49.961    60.785
132    49.329    58.603
133    52.736    55.807
134     46.21    56.905
135    54.302    55.954
136    66.385    71.553
137    67.077    68.359
138    65.705    66.136
139    71.648    67.967
140    64.905    73.086
141    30.471    68.143
142    30.799    64.743
143    34.017    63.405
144    31.501    67.065
145    29.055    64.669
146    90.004    20.477
147    90.669    20.502
148    88.418    18.023
149    94.091    19.339
150    89.485    23.257
151    18.216    70.846
152    19.751    70.568
153    19.796    70.251
154    24.081    72.478
155    19.999    71.557
156    65.936    96.448
157    65.489    91.769
158    65.414    89.654
159    67.624    91.108
160     65.52    94.807
161    22.906    19.573
162    22.087    19.051
163    20.588    22.129
164    24.631    20.077
165    21.479    21.453
166     9.503    43.892
167     8.043    42.287
168     3.661    47.504
169     4.501    45.345
170     3.793    42.718
171    84.237    35.986
172    84.439    32.786
173    82.221    39.179
174     85.57    35.239
175    84.526    33.944
176    92.079    55.914
177    93.812    54.193
178    92.044    53.937
179    94.043     56.94
180     94.27    59.191
181    74.442    73.653
182    70.909     73.43
183    72.628    72.868
184    73.035    75.217
185    76.614     75.88
186    88.636    47.982
187    85.632    50.975
188    86.698    47.926
189    85.646    47.269
190    84.147     48.65
191    35.623    66.861
192    41.016    69.275
193    39.325    70.097
194    34.383    70.234
195    42.474    71.321
196    48.546    72.173
197    51.998    72.433
198    51.972    67.773
199    53.258    71.647
200    49.947    72.773
