21 Stops, 200 Students, 20 Max_Walking, 25 Capacity, 5 Days 

0       0  1  0  1  1
1       1  0  1  0  1
2       1  0  1  0  0
3       0  1  1  0  1
4       0  1  0  1  0
5       1  1  0  1  0
6       1  1  0  0  0
7       1  1  1  0  1
8       0  0  1  1  1
9       1  0  1  0  1
10       1  1  0  0  1
11       1  1  0  0  1
12       1  0  0  1  0
13       1  1  1  1  1
14       1  0  0  0  1
15       1  0  1  1  1
16       0  1  1  1  0
17       1  0  1  1  1
18       1  0  0  1  0
19       0  1  0  0  1
20       1  0  1  0  0
21       1  1  1  1  0
22       1  0  0  1  1
23       0  0  1  1  0
24       0  0  0  1  1
25       0  0  1  1  1
26       1  1  1  0  0
27       0  1  0  1  0
28       1  1  1  0  0
29       1  1  0  0  0
30       1  0  0  0  1
31       0  0  1  1  1
32       0  0  0  1  1
33       0  1  1  1  1
34       1  0  0  0  1
35       1  1  1  1  1
36       1  1  0  1  1
37       0  1  1  1  1
38       1  1  1  1  0
39       1  1  1  0  0
40       0  1  1  0  1
41       1  0  1  0  1
42       1  1  0  1  0
43       0  1  1  0  1
44       0  1  1  1  0
45       1  1  1  0  1
46       0  0  1  1  1
47       1  1  1  0  0
48       1  0  1  1  1
49       0  1  1  0  0
50       1  0  1  1  0
51       1  1  1  0  0
52       1  1  0  0  1
53       1  1  1  1  0
54       1  0  1  0  0
55       1  1  0  1  0
56       0  1  1  1  1
57       0  1  1  0  1
58       1  1  1  0  1
59       0  1  0  1  1
60       0  0  0  1  1
61       1  1  0  1  0
62       0  1  1  1  1
63       1  1  0  1  0
64       1  0  1  1  1
65       0  1  0  1  0
66       1  0  0  0  1
67       0  1  1  0  1
68       0  0  1  1  1
69       0  1  1  1  1
70       0  0  1  1  0
71       1  0  0  1  1
72       1  0  1  0  0
73       1  1  0  1  0
74       0  1  1  1  0
75       1  0  0  0  1
76       0  1  1  1  1
77       0  0  0  1  1
78       1  0  0  1  1
79       0  0  1  0  1
80       1  0  1  1  1
81       1  1  0  0  0
82       0  0  0  1  1
83       1  0  1  1  0
84       1  0  0  1  0
85       1  1  0  1  1
86       1  1  0  1  0
87       0  0  1  1  1
88       0  1  1  0  1
89       1  0  1  1  1
90       1  0  1  0  0
91       1  1  1  0  0
92       0  1  1  1  0
93       1  1  0  1  0
94       1  1  1  0  1
95       0  0  1  1  1
96       0  1  1  1  0
97       0  1  1  1  1
98       1  1  1  0  0
99       1  0  0  0  1
100       0  1  1  0  0
101       1  1  1  0  0
102       1  1  0  0  0
103       1  0  1  0  0
104       0  1  1  0  0
105       0  0  1  1  1
106       0  0  1  1  0
107       1  1  1  1  0
108       1  1  0  1  1
109       1  1  1  1  1
110       0  0  0  1  1
111       1  1  0  0  1
112       1  1  1  0  0
113       1  0  1  1  0
114       1  0  1  0  1
115       0  0  1  1  0
116       1  1  1  0  0
117       0  0  1  1  0
118       0  0  1  0  1
119       1  1  0  0  1
120       0  1  1  0  1
121       0  1  0  0  1
122       1  1  0  0  1
123       0  1  1  1  1
124       1  1  0  0  1
125       0  1  1  0  0
126       0  0  1  0  1
127       1  1  0  0  0
128       1  0  1  0  1
129       0  0  0  1  1
130       1  1  0  1  1
131       1  1  0  0  1
132       0  0  1  1  1
133       1  1  1  1  1
134       0  1  1  0  0
135       1  1  0  1  1
136       0  1  0  1  1
137       1  1  1  1  0
138       1  0  0  1  0
139       1  0  1  0  0
140       0  1  0  0  1
141       0  0  0  1  1
142       1  1  1  1  1
143       0  1  0  0  1
144       0  0  1  1  0
145       0  1  0  1  0
146       0  1  1  1  1
147       0  0  1  1  0
148       1  1  1  0  0
149       0  0  1  1  0
150       1  1  1  1  1
151       1  0  1  1  1
152       0  1  1  1  1
153       0  1  0  1  0
154       1  0  0  1  1
155       1  1  1  0  0
156       1  0  1  1  0
157       1  1  1  0  0
158       0  0  0  1  1
159       1  0  0  1  1
160       1  0  1  1  1
161       0  1  1  1  1
162       1  0  0  1  1
163       0  0  1  0  1
164       1  1  0  1  0
165       1  1  1  1  0
166       1  0  1  1  1
167       0  0  1  1  1
168       1  0  0  1  1
169       0  1  0  1  0
170       1  1  0  0  0
171       1  1  1  1  0
172       1  1  1  0  0
173       1  1  1  1  0
174       0  1  0  1  1
175       1  1  1  1  0
176       0  1  0  0  1
177       0  1  1  0  0
178       0  0  1  1  0
179       1  0  0  1  0
180       0  1  0  1  0
181       1  0  0  1  1
182       1  0  0  1  1
183       0  0  1  1  0
184       1  1  1  0  0
185       0  1  1  0  1
186       1  1  1  0  0
187       0  1  1  0  0
188       1  0  0  0  1
189       1  0  0  1  1
190       1  0  1  1  1
191       1  1  1  0  1
192       1  0  0  1  1
193       1  0  1  1  1
194       1  0  1  0  0
195       1  1  0  0  1
196       0  0  0  1  1
197       0  0  1  0  1
198       0  0  1  1  1
199       0  0  1  0  1


0             50        50
1         22.992    35.739
2         20.694    47.833
3         28.639    37.366
4         45.623    70.817
5         62.137    58.939
6         63.724     54.64
7         26.382    57.776
8         22.662    44.979
9         53.176    54.536
10         67.864    32.811
11         24.178    29.668
12         69.754     24.92
13         20.492    76.779
14         36.473    37.905
15         40.989    45.957
16         58.293    62.069
17         61.946    56.558
18         21.687    22.779
19          40.86     74.12
20         44.187    23.744


1    25.442    27.071
2    14.454    28.533
3     29.18    34.577
4    36.182    22.824
5    23.503    54.751
6    10.934    48.941
7    22.618    51.757
8    25.553    30.442
9    20.832    55.441
10    24.949    53.129
11    16.948    65.004
12     28.63    48.568
13    11.075     45.39
14    36.388    38.383
15    24.889     42.02
16    21.248    38.027
17    20.831     47.05
18    25.005     49.01
19    15.421    49.462
20    15.942    64.909
21     38.62    40.036
22    38.094    29.058
23    17.783     50.54
24    23.703    40.608
25    20.906    40.475
26    33.779    29.283
27     8.854    38.063
28    26.829    29.123
29    19.619    52.049
30    27.643    31.442
31    39.167    73.945
32    50.225    54.713
33    42.233    67.281
34    49.767    64.047
35    51.719    67.255
36    54.492    56.272
37    50.854    74.552
38    33.402    60.013
39    36.513    61.709
40     56.15    77.974
41    69.782    61.213
42    77.537    56.889
43    69.033    46.028
44    57.188    60.951
45    61.551    65.408
46    76.744    51.405
47    71.146    59.659
48    50.081     44.31
49    62.134    58.939
50    60.003    65.364
51    68.495    50.653
52    63.819    71.151
53    63.282    69.541
54    58.572    65.763
55    64.175    59.762
56    60.943    56.659
57    50.199    55.751
58     60.33    62.938
59    62.413    61.159
60    65.311    56.849
61    20.923    47.263
62    23.299     48.33
63    25.538    57.946
64    10.554    65.171
65    25.499    57.288
66    24.991    57.318
67     23.41    57.989
68    28.121    68.451
69    27.816    60.511
70    25.068    65.641
71    23.972    43.343
72    17.396    61.978
73    11.314    39.234
74    23.897    48.006
75     9.653    41.376
76    21.168    55.403
77    17.499    38.282
78     3.536    41.587
79     8.618    48.569
80     12.16    58.173
81    36.773    60.281
82    49.442    50.406
83    51.662    46.227
84    51.463    52.339
85      64.7    63.223
86    62.592    52.779
87    52.701    56.612
88    61.116    72.711
89     49.98     60.93
90    47.787    61.161
91    75.019    46.622
92    50.893    33.908
93    62.091    30.775
94    65.281    24.707
95    52.162     40.25
96    82.432    29.994
97    56.343    44.826
98    76.087    23.225
99    65.581    21.494
100    66.774    35.747
101    24.589    21.413
102    23.551    30.268
103    21.747    34.006
104        29    35.525
105     38.36    22.242
106    36.557    41.157
107    38.197    24.158
108    25.573    12.221
109    28.818    49.062
110     6.415    36.724
111     72.58    31.326
112    68.671    20.267
113    58.918    13.809
114    65.574    20.929
115    55.832    27.665
116    69.124     29.42
117    76.316    24.211
118     68.88    23.406
119    82.027    34.262
120    66.786    27.869
121    18.144    74.271
122    15.889    95.318
123    20.865    76.726
124     35.72    71.117
125    13.028    94.401
126    10.312     91.59
127    34.121    75.447
128    19.746    76.335
129    26.683    64.831
130    30.274    72.192
131    36.842    37.774
132     36.98    38.652
133    37.281    32.817
134    37.464    36.804
135    41.252    37.199
136    34.493     38.41
137    36.106      37.3
138    36.961    32.002
139    37.915    45.234
140    27.256    23.901
141    36.733    35.633
142    26.868    40.361
143    48.609    56.984
144    50.566    50.072
145    49.059     39.33
146    41.587    37.648
147    33.774    44.233
148    35.825    49.533
149    50.054    57.931
150    40.417    45.276
151    63.338     61.89
152    49.578    52.526
153    42.102    65.066
154    46.439    65.124
155    55.627    62.302
156    45.334    53.769
157    50.407    62.619
158    62.258    61.916
159    73.711    71.342
160    63.829    64.054
161    65.862    44.029
162    73.677    71.232
163    44.621    61.353
164    52.675    54.719
165    48.581     60.74
166     54.49    71.165
167    59.868    72.972
168     61.95    56.658
169    48.836     55.69
170    52.066    43.792
171    24.313    21.476
172     16.56    17.095
173    29.448     6.154
174    18.021    23.419
175    19.723    19.424
176    20.672    38.387
177     7.164    26.805
178    27.743     35.84
179    23.214    10.108
180    34.891    25.003
181    36.922    56.478
182    41.304    78.451
183    34.756     67.79
184     44.83    78.349
185    42.169    80.526
186    37.826    74.493
187    41.707    65.072
188    52.041    73.153
189     43.59     70.15
190     38.52    93.147
191    37.073    32.058
192    50.629    24.411
193    48.377    24.664
194    31.151    18.364
195    45.949    18.486
196    51.521    20.659
197    39.426    31.852
198    43.942    23.214
199    44.824    24.025
200    41.657    13.551
