21 Stops, 100 Students, 40 Max_Walking, 50 Capacity, 5 Days 

0       1  0  1  0  0
1       1  0  1  0  0
2       1  1  0  1  0
3       1  0  1  0  0
4       0  1  1  0  0
5       1  1  1  1  0
6       1  1  0  1  1
7       1  0  1  1  1
8       0  0  1  0  1
9       1  0  0  0  1
10       0  0  1  0  1
11       0  1  0  1  0
12       0  1  0  1  1
13       1  1  0  0  1
14       1  1  1  0  0
15       0  0  0  1  1
16       0  0  0  1  1
17       1  1  1  0  0
18       1  0  1  0  1
19       1  0  0  1  1
20       1  0  0  0  1
21       1  1  1  0  1
22       0  0  1  0  1
23       0  1  0  1  1
24       1  1  1  0  0
25       1  1  0  1  0
26       1  0  0  1  0
27       1  1  1  0  0
28       0  0  1  1  0
29       0  0  0  1  1
30       1  1  0  1  1
31       0  1  0  1  1
32       0  1  0  0  1
33       1  1  0  0  0
34       1  1  0  0  1
35       1  0  1  0  1
36       0  0  1  1  1
37       0  0  0  1  1
38       0  0  0  1  1
39       1  0  1  0  0
40       0  0  1  1  1
41       1  1  1  0  1
42       1  1  0  1  0
43       1  1  1  1  1
44       1  0  0  1  0
45       1  1  1  0  0
46       0  1  0  1  1
47       1  1  1  0  1
48       0  1  1  1  1
49       1  1  1  1  0
50       1  0  0  0  1
51       1  1  0  1  1
52       0  1  0  1  0
53       1  0  1  1  1
54       0  1  0  1  1
55       0  1  1  1  1
56       1  1  1  1  0
57       1  0  1  0  0
58       1  1  1  1  0
59       0  1  1  0  0
60       0  1  0  0  1
61       1  0  0  1  1
62       0  0  1  0  1
63       1  1  0  1  0
64       0  0  0  1  1
65       0  1  1  0  1
66       1  0  0  1  1
67       0  1  1  0  1
68       0  1  0  0  1
69       0  1  0  1  1
70       1  1  1  1  0
71       0  0  1  1  0
72       0  1  0  1  0
73       1  1  0  0  1
74       1  1  0  0  1
75       1  0  1  0  1
76       1  1  1  1  0
77       1  1  1  1  0
78       1  0  0  1  0
79       1  0  1  0  1
80       1  0  1  1  0
81       0  1  1  0  1
82       1  0  1  1  0
83       0  0  1  1  1
84       1  0  1  1  1
85       0  0  1  1  1
86       1  1  1  1  0
87       1  1  1  0  1
88       0  1  0  1  1
89       1  1  1  0  0
90       0  0  1  1  1
91       0  1  1  0  1
92       1  0  1  0  0
93       1  0  1  1  1
94       0  1  1  1  1
95       0  1  0  1  0
96       1  1  1  1  1
97       0  1  0  0  1
98       1  1  0  0  0
99       0  0  1  1  0


0             50        50
1         49.362    56.031
2         59.657    49.001
3          57.27    52.137
4         48.251    51.418
5         49.761    49.117
6         43.176    48.616
7         54.299    45.897
8         56.148    53.262
9         45.348    57.699
10         54.935     49.49
11         52.972     51.73
12          57.65    58.985
13         57.816    52.483
14         49.946     48.83
15         48.202    44.983
16         52.238    46.318
17          53.07    41.911
18         59.458    55.947
19         44.813    55.528
20         55.344    56.751


1    43.846    50.414
2     48.51    54.516
3    49.689    51.401
4    60.048    84.019
5     54.69    71.914
6    60.362    50.433
7    53.559    53.835
8    85.552    33.739
9    55.138    36.904
10    35.501    54.593
11     49.01    37.194
12    60.229    41.938
13    75.162    45.484
14    68.621    32.724
15    57.393    52.054
16    48.879    18.044
17    30.499    71.813
18    72.732    46.022
19    14.485    61.545
20    26.137      23.5
21    62.209    81.486
22    48.915    48.832
23    72.609    50.993
24    59.907    45.043
25    45.807    16.596
26    36.743    41.147
27    68.401    66.073
28    45.806    42.172
29    35.717    14.588
30     28.32    67.752
31    34.854    56.048
32    61.475    31.623
33     58.48    43.807
34    51.267    53.591
35    59.664    36.454
36    45.046    62.939
37    34.062    35.305
38    65.569    87.008
39    81.379    30.331
40    36.536    71.108
41    40.645    75.009
42    57.357    22.755
43    45.685    26.873
44    74.365    57.491
45    21.383    58.607
46    92.258     62.97
47    65.434    46.066
48    54.098    50.425
49    27.234    56.494
50    55.222    52.617
51    36.055    86.456
52     49.75    26.238
53    51.656    55.709
54     51.04    56.611
55    47.651    39.108
56     66.79    44.928
57    86.832    34.575
58    73.123    30.123
59    52.257    96.163
60    68.391    24.035
61    52.595    50.865
62    52.419    43.699
63    59.306    52.973
64    38.267    77.087
65     88.74    52.405
66    30.861    34.135
67    45.986    84.235
68     64.22    19.438
69    41.996    81.483
70    39.882    55.284
71    56.558    39.469
72    69.594    23.516
73    67.803    72.969
74    31.819    69.678
75    48.001    44.609
76    53.418    47.293
77    49.626     59.47
78      48.2    45.511
79    17.425    44.931
80     62.81    51.465
81    52.038    42.828
82    50.906     61.04
83    56.085    37.123
84    62.745    53.775
85    44.625    47.839
86    54.741    29.302
87    38.392    88.406
88    55.894    94.779
89    44.796     51.42
90    60.552     52.38
91    39.607    59.344
92    54.122    32.433
93    31.198     23.96
94    42.674    47.485
95     23.08    58.311
96     54.06    57.281
97    54.671    57.024
98    18.556    70.083
99    53.196    60.469
100    47.118    39.549
