41 Stops, 200 Students, 10 Max_Walking, 25 Capacity, 5 Days 

0       0  0  1  1  1
1       1  1  1  1  1
2       1  0  1  1  1
3       1  1  1  1  1
4       1  0  1  0  1
5       1  1  1  1  1
6       0  0  1  1  1
7       1  1  1  0  0
8       1  1  0  1  1
9       1  0  1  0  1
10       1  1  1  1  1
11       1  1  1  1  1
12       1  1  0  0  0
13       1  1  1  1  1
14       1  0  0  1  1
15       1  1  1  1  1
16       1  1  1  1  1
17       0  0  1  0  1
18       1  1  1  1  0
19       1  0  0  0  1
20       1  1  1  0  1
21       0  0  1  0  1
22       1  1  0  0  0
23       1  1  1  1  1
24       1  1  1  1  1
25       1  1  1  1  1
26       1  1  1  1  1
27       1  1  0  0  1
28       1  1  1  1  1
29       1  1  0  1  0
30       1  1  1  0  1
31       1  1  1  1  1
32       1  1  1  1  1
33       1  1  1  1  1
34       0  1  1  1  1
35       1  1  1  1  1
36       0  1  1  0  1
37       1  0  1  0  0
38       1  0  0  0  1
39       1  1  1  0  1
40       0  1  1  0  0
41       1  0  0  1  1
42       0  0  1  1  0
43       1  1  1  1  1
44       1  1  1  1  1
45       1  1  1  1  1
46       1  1  1  1  1
47       1  1  1  1  1
48       0  0  1  1  0
49       1  1  1  1  1
50       1  1  1  1  1
51       1  1  1  0  0
52       1  1  1  1  1
53       0  1  1  0  0
54       1  1  1  1  1
55       1  1  0  0  0
56       1  1  1  1  1
57       1  1  1  1  1
58       1  1  1  1  1
59       1  1  1  1  1
60       1  1  1  1  1
61       1  1  1  1  1
62       0  0  1  1  1
63       1  1  1  1  1
64       0  0  1  1  0
65       0  1  1  0  0
66       0  0  0  1  1
67       1  1  1  1  1
68       1  1  0  0  0
69       1  0  0  1  0
70       1  1  1  1  1
71       1  1  1  1  1
72       1  1  1  1  1
73       1  1  1  1  1
74       0  0  1  1  0
75       1  1  0  1  1
76       1  1  1  1  1
77       1  1  1  0  0
78       1  1  1  1  1
79       1  1  1  0  1
80       1  1  0  0  1
81       0  1  1  0  1
82       1  0  1  1  0
83       1  1  1  1  1
84       1  1  1  1  1
85       1  1  0  1  0
86       1  1  1  1  1
87       1  1  1  1  1
88       1  1  1  1  1
89       1  1  1  1  1
90       1  1  1  1  1
91       0  1  0  1  0
92       1  1  1  1  1
93       1  1  1  1  1
94       1  1  1  1  0
95       1  1  1  1  1
96       1  0  0  1  0
97       0  1  1  0  0
98       1  0  0  1  1
99       0  1  0  0  1
100       0  1  1  1  1
101       0  1  1  0  1
102       1  0  1  0  1
103       0  1  0  0  1
104       1  1  1  1  0
105       1  1  0  0  1
106       0  1  1  0  0
107       0  0  1  1  0
108       0  0  1  1  0
109       1  0  1  0  1
110       0  1  0  1  1
111       1  0  1  1  0
112       1  1  0  0  0
113       0  0  1  1  0
114       0  0  1  0  1
115       1  1  0  0  1
116       1  1  0  0  1
117       0  1  0  1  1
118       0  1  0  0  1
119       1  0  1  1  0
120       0  0  1  0  1
121       1  1  0  1  0
122       1  0  1  1  1
123       0  1  1  1  1
124       1  1  0  1  1
125       1  0  0  1  0
126       1  1  0  0  1
127       0  1  0  1  0
128       1  0  0  1  1
129       0  1  0  1  0
130       1  1  1  1  1
131       0  1  1  1  0
132       0  1  0  0  1
133       1  1  1  0  0
134       1  1  0  1  0
135       0  1  0  1  1
136       0  1  0  1  1
137       1  0  0  0  1
138       1  1  0  0  1
139       1  1  0  0  0
140       0  1  0  0  1
141       1  1  1  0  1
142       1  0  0  1  1
143       1  1  0  0  0
144       0  1  0  1  1
145       1  1  0  0  1
146       1  1  0  1  1
147       0  0  1  1  0
148       1  0  0  1  1
149       1  0  0  0  1
150       1  0  1  0  0
151       0  0  1  1  1
152       0  1  1  1  0
153       0  1  0  1  1
154       1  0  1  0  0
155       1  1  0  0  0
156       0  1  0  1  0
157       1  0  1  0  0
158       1  1  1  0  0
159       1  1  0  1  1
160       0  0  0  1  1
161       1  0  0  0  1
162       0  1  1  0  0
163       0  0  0  1  1
164       1  1  0  0  1
165       0  1  0  1  0
166       1  1  1  1  0
167       1  1  0  1  1
168       0  0  1  0  1
169       0  1  1  1  1
170       0  1  0  0  1
171       1  0  1  1  1
172       0  1  0  0  1
173       1  0  0  1  0
174       1  0  1  0  0
175       0  0  1  0  1
176       1  1  0  0  0
177       0  1  0  1  0
178       1  0  0  1  1
179       0  1  0  1  1
180       0  1  0  1  1
181       1  1  0  0  1
182       0  1  1  0  1
183       1  1  0  0  0
184       0  0  1  0  1
185       1  0  0  0  1
186       1  0  1  0  1
187       0  1  1  0  1
188       1  1  0  1  0
189       0  1  0  1  0
190       0  0  0  1  1
191       1  1  0  1  1
192       1  1  0  1  0
193       1  0  1  1  1
194       1  0  1  1  0
195       0  0  0  1  1
196       1  1  1  1  0
197       0  1  1  0  0
198       1  1  0  0  0
199       1  1  0  0  1


0             50        50
1         32.503    48.035
2         49.802    64.404
3         62.415    71.242
4         70.938    10.627
5         42.665    84.002
6         34.935    75.045
7         15.603    46.385
8         63.044    20.815
9         65.051    42.701
10          75.17    17.748
11         39.247    86.953
12         27.189    31.273
13         86.764    16.793
14         47.825    38.262
15         76.101    88.669
16         67.104    72.514
17         37.428    63.807
18         53.213    30.567
19         14.646    10.064
20         39.317     54.61
21         58.322     36.27
22         84.527    52.113
23          32.75    38.899
24         14.677     31.68
25         51.914    73.976
26         53.505    41.908
27         34.809    35.708
28         43.781    28.749
29         58.457    23.706
30          24.32    67.615
31         86.453    25.583
32         77.593    79.759
33         10.457    38.265
34         38.304    22.501
35         85.978    28.022
36         13.758    89.356
37         55.832    15.464
38         51.434    36.504
39          61.25    22.468
40         64.406    67.431


1    27.942    47.609
2    32.694    52.126
3    29.597    41.364
4    32.358    52.777
5    29.917    52.047
6    49.883    68.536
7    48.701     71.42
8    48.789    63.941
9    53.412    69.164
10    51.555    62.467
11    59.772    74.155
12    63.779    68.871
13    61.354    72.286
14    63.723    71.419
15    63.146    66.913
16    68.165     8.278
17    76.221    10.099
18    68.963    10.246
19    69.445     7.858
20    70.649    11.117
21    39.203    79.965
22    44.061    86.755
23    42.704    84.363
24    44.869    80.354
25    38.743    83.262
26    35.146    74.908
27    31.414    81.717
28    41.401    80.965
29    35.247    74.773
30    39.902    72.752
31    22.501    41.924
32    13.867     49.46
33     7.175     45.14
34     8.737    51.507
35    18.702    40.228
36    67.512    20.292
37    67.242    17.283
38    57.685    18.039
39    65.417    19.494
40    63.072    20.847
41    67.817    39.174
42    65.172    37.737
43    64.589    36.689
44    64.936    42.952
45    68.267     45.26
46    74.748      7.95
47    81.627    22.524
48    75.175     17.63
49     75.98    14.929
50    73.038    14.669
51    41.025    96.013
52    47.184    86.423
53    38.248    87.827
54    38.284    86.924
55    35.898    85.907
56    29.775    29.089
57    27.254    31.351
58      26.2    32.633
59    22.964    32.314
60    28.185    34.991
61     85.08    11.626
62    87.303    16.489
63    87.096    21.869
64    85.314    23.655
65    86.236    15.934
66    46.965    39.556
67     48.46    39.318
68    53.058    41.873
69    50.263    36.523
70    48.114    32.524
71    69.812    83.339
72    76.295    91.196
73    74.588    94.299
74    74.033    93.622
75    83.624    84.857
76    68.848    80.364
77    70.834    73.857
78    65.518    74.286
79    65.718    78.945
80    65.487     72.99
81     38.92    66.773
82    36.678    66.546
83    33.522    68.313
84    40.402    70.931
85    41.848     66.14
86    56.056    29.056
87    51.277    35.145
88    45.462    28.667
89    54.427    33.434
90     55.34    31.693
91     9.835    13.519
92     17.34      3.37
93     7.199     4.882
94    20.582    14.745
95    15.773     6.542
96    37.882    60.748
97    38.864    57.408
98    33.874    48.054
99     37.11    48.322
100    38.757    55.449
101    57.209    26.484
102    58.363    37.643
103    56.111    42.796
104    52.139    36.579
105    63.088     35.15
106    86.467     48.35
107    84.758    51.644
108    85.908    49.298
109    75.192    55.543
110    81.739    51.514
111    39.983    41.562
112    32.905     39.07
113    32.558    38.685
114    31.675    36.542
115    29.208    41.267
116    11.015    40.187
117    16.229    35.747
118     10.27    25.744
119    14.284    30.231
120    13.174    29.856
121    47.991    80.744
122    50.193    66.673
123    43.606    72.605
124     51.96    74.841
125    44.832    78.634
126    56.442    50.124
127    46.975    41.475
128    50.192    49.328
129    58.685    48.647
130    52.702    45.536
131    31.338     28.94
132    34.893    35.521
133    34.679    36.198
134    35.234    35.683
135    35.426     38.23
136    44.242    25.246
137    41.327    29.586
138     45.63    29.325
139    49.972    27.299
140    46.571    29.133
141    65.363    25.492
142     57.83    22.578
143    56.156    21.531
144    56.208    22.796
145    57.462    22.859
146    22.098    73.366
147    21.938    69.557
148    23.484    67.564
149    28.241    69.198
150    24.036     67.18
151      80.1    22.431
152    86.263    31.333
153    91.899    25.406
154    95.135    29.708
155    83.504    22.322
156    82.729    79.765
157    73.502    80.259
158    85.386    82.259
159    80.468    76.715
160    70.503    83.395
161    10.869    37.621
162     8.457     31.38
163     9.542    43.073
164     7.929    35.318
165     8.978    48.074
166    38.763    25.965
167    39.191    20.415
168    39.369    21.887
169    38.381     31.63
170    31.581    28.401
171    81.543    25.837
172    86.422    26.222
173    84.702    28.207
174    89.058    29.596
175    87.926    19.551
176     7.951    94.119
177    14.248    98.218
178    11.984    97.335
179    14.103    89.115
180     9.472    95.665
181    48.623    18.998
182    56.329    14.838
183    60.662    14.289
184    54.931    16.452
185    55.666     6.025
186    54.048    39.876
187    53.312    36.942
188    47.579    32.362
189    43.009      36.1
190    51.477    36.347
191    65.465    18.111
192    59.595     21.71
193    56.355    26.691
194    63.534     22.72
195    59.651     22.38
196    70.877    65.031
197    62.626     67.97
198    60.952    74.029
199    69.937    71.928
200    68.371    69.133
