21 Stops, 100 Students, 40 Max_Walking, 25 Capacity, 5 Days 

0       1  0  0  1  1
1       1  1  1  1  0
2       0  1  0  1  1
3       0  0  1  1  0
4       0  0  0  1  1
5       0  1  0  0  1
6       0  1  0  0  1
7       0  0  0  1  1
8       1  1  0  1  1
9       1  1  1  1  0
10       1  1  1  0  1
11       0  1  0  1  1
12       0  1  1  1  0
13       1  0  0  1  1
14       0  0  1  1  1
15       1  1  1  0  1
16       0  0  1  1  0
17       0  0  1  1  0
18       1  1  1  1  0
19       1  1  0  0  0
20       0  0  1  0  1
21       1  0  1  0  0
22       1  1  0  1  0
23       0  1  1  1  1
24       1  1  0  1  0
25       0  1  1  1  1
26       0  1  1  1  1
27       0  1  0  1  0
28       0  1  1  1  1
29       0  0  0  1  1
30       1  1  1  0  1
31       1  1  0  1  0
32       0  1  1  0  0
33       1  0  0  0  1
34       1  1  1  0  0
35       0  1  1  1  0
36       0  0  1  1  1
37       0  0  1  1  1
38       0  1  0  0  1
39       1  0  1  0  1
40       0  1  1  0  1
41       1  0  1  0  0
42       0  0  1  1  1
43       1  0  0  1  0
44       1  0  1  0  1
45       0  1  0  1  1
46       0  1  1  0  1
47       1  0  0  0  1
48       0  1  1  1  1
49       1  1  1  1  1
50       1  0  0  0  1
51       1  1  0  1  0
52       0  1  1  1  0
53       0  1  0  0  1
54       0  0  1  1  1
55       0  0  0  1  1
56       0  1  0  0  1
57       0  1  1  1  0
58       1  1  0  1  1
59       1  1  1  1  0
60       1  1  1  1  1
61       1  0  1  1  0
62       0  1  1  0  0
63       1  0  1  1  1
64       1  0  0  1  1
65       0  0  1  1  0
66       0  1  1  0  1
67       1  0  1  0  0
68       0  1  0  1  0
69       0  1  1  1  0
70       1  0  0  1  0
71       0  0  0  1  1
72       0  1  0  1  1
73       0  0  1  1  0
74       1  0  1  1  1
75       0  0  0  1  1
76       0  1  1  1  1
77       1  0  1  1  1
78       0  1  0  0  1
79       0  1  0  1  0
80       0  0  1  1  1
81       1  0  0  1  0
82       1  1  0  1  0
83       1  0  1  0  0
84       1  0  0  1  0
85       0  0  0  1  1
86       1  1  0  0  0
87       1  0  1  1  1
88       1  1  0  0  1
89       1  1  1  0  0
90       1  1  1  0  1
91       1  0  1  0  1
92       0  0  1  1  0
93       1  0  0  1  1
94       1  1  0  0  1
95       1  1  1  0  1
96       0  1  1  1  0
97       1  0  1  0  1
98       1  1  0  1  0
99       0  1  0  0  1


0             50        50
1         50.585    56.638
2         44.223    40.477
3         45.338    42.527
4         47.997    57.061
5         59.096    51.585
6         44.071    41.889
7         54.561    58.176
8         44.417     47.52
9         52.737     57.63
10         42.938    46.188
11         47.715    45.551
12         58.765    59.814
13         48.666    48.621
14         52.076    50.896
15         51.327    59.753
16         45.302    52.663
17          57.05    40.294
18          46.02     53.96
19          50.01    49.779
20         51.288    42.276


1    61.979    50.993
2    73.694    29.694
3    20.641    54.883
4    15.199    68.249
5    46.422    24.787
6     44.24    37.479
7    64.882    70.839
8    79.541    45.697
9    40.851     6.622
10    77.608    62.439
11    75.425    66.977
12    10.187    36.017
13     59.42    47.633
14    26.669    63.709
15    47.686     30.13
16    49.651    54.299
17    47.204    51.482
18    40.763    74.254
19    51.597     62.33
20    29.511    85.571
21    52.425    49.707
22    39.045    65.347
23    84.914      37.5
24      86.4    24.624
25    54.385    34.746
26    43.183    45.908
27    44.669    42.249
28    38.296    22.225
29    31.779    34.147
30    48.931    16.236
31    18.825    69.295
32    45.446    62.462
33    40.356    41.163
34    34.168    77.297
35     68.23    90.548
36    42.483    50.289
37    40.122    47.404
38    53.431    50.583
39    37.863    38.281
40    55.898    26.401
41    60.074    44.799
42     48.27    43.228
43    54.593    68.162
44    52.675    78.475
45    82.003    83.793
46    38.592    51.757
47    65.536    61.784
48     47.75      42.4
49    47.035    48.856
50     7.624     48.77
51    74.374    45.608
52     47.64    43.746
53    43.133    31.234
54    46.244    76.007
55    60.663    39.372
56    62.016    54.315
57    28.115    77.793
58    46.031    91.958
59    82.016    87.669
60    77.838    51.688
61    48.692    49.303
62     66.62    60.315
63    69.691    46.973
64    54.142    49.768
65     51.61    66.086
66    79.181    52.152
67    40.084    47.403
68    56.963    48.497
69    20.939    42.598
70    50.547    90.299
71    60.692    29.724
72    46.346    52.104
73     54.76    78.409
74    64.227    72.401
75    62.774    83.137
76    50.563    71.728
77    39.306    66.404
78     17.11    67.058
79    32.266    18.381
80    57.142    53.365
81    92.075    59.462
82    53.255    40.972
83    59.077    13.902
84    44.366    23.095
85    43.941      6.91
86    58.198    41.562
87    43.363     53.12
88    13.612    44.079
89    62.232     46.04
90    37.518    42.016
91    64.495    63.541
92     22.48    76.687
93    48.881    51.784
94    49.486    56.398
95     67.67    18.338
96    54.865    39.886
97    78.916    48.879
98    39.263    50.037
99     68.56    11.072
100    56.043    40.143
