21 Stops, 400 Students, 40 Max_Walking, 25 Capacity, 5 Days 

0       1  1  1  1  1
1       1  0  0  1  1
2       1  1  1  1  1
3       1  1  1  1  1
4       1  1  1  1  1
5       1  1  1  0  1
6       1  1  1  1  1
7       1  1  1  1  1
8       1  1  1  1  1
9       1  1  0  1  1
10       1  1  1  1  1
11       1  1  1  1  1
12       1  1  1  1  1
13       1  1  1  1  1
14       1  1  1  1  1
15       1  1  1  1  1
16       1  1  1  1  1
17       1  1  1  0  1
18       0  0  1  0  1
19       1  1  1  1  1
20       1  1  1  1  1
21       1  1  1  1  1
22       1  0  1  0  0
23       1  1  1  1  1
24       1  1  1  1  1
25       1  1  1  1  1
26       0  0  1  1  1
27       1  0  0  1  0
28       1  1  1  1  1
29       1  1  1  1  1
30       1  1  0  1  1
31       0  1  0  1  0
32       1  1  0  1  0
33       0  0  1  1  1
34       0  1  0  1  0
35       1  0  1  1  1
36       1  1  1  1  1
37       1  1  1  1  1
38       1  1  1  1  1
39       0  1  1  0  0
40       1  1  1  1  1
41       1  0  1  1  1
42       1  0  0  0  1
43       0  1  0  1  0
44       1  1  0  1  1
45       0  1  1  1  0
46       1  1  1  1  1
47       1  0  1  0  1
48       1  1  1  1  1
49       0  1  0  0  1
50       1  0  0  1  1
51       1  1  1  1  1
52       0  1  1  1  1
53       1  1  1  1  1
54       1  1  1  0  0
55       1  1  1  1  1
56       1  1  1  1  1
57       1  1  1  1  0
58       1  1  1  1  1
59       1  0  1  1  1
60       1  1  0  0  0
61       1  1  1  1  1
62       1  1  1  1  1
63       1  0  1  0  1
64       0  1  1  1  0
65       1  0  0  1  1
66       1  1  1  0  0
67       1  1  1  1  1
68       0  1  1  1  1
69       1  1  1  1  1
70       1  1  1  1  1
71       1  1  1  1  1
72       1  1  0  1  0
73       1  1  1  1  1
74       1  1  1  1  1
75       1  1  1  1  1
76       1  1  1  1  1
77       1  1  0  1  0
78       1  1  1  1  1
79       1  1  1  1  1
80       1  1  1  1  1
81       1  1  1  1  1
82       1  0  1  1  1
83       0  1  1  1  0
84       1  1  0  1  1
85       1  1  1  1  1
86       1  0  0  1  0
87       0  0  1  1  0
88       1  1  1  1  1
89       0  0  1  0  1
90       1  1  0  1  1
91       1  1  0  1  1
92       0  1  0  0  1
93       1  1  0  0  0
94       1  1  1  1  1
95       1  1  1  1  1
96       1  1  1  1  1
97       1  1  1  1  1
98       1  1  1  1  1
99       1  1  1  1  1
100       1  1  1  1  1
101       1  1  1  1  1
102       1  1  1  1  0
103       0  0  1  1  1
104       1  1  1  1  1
105       1  1  1  1  1
106       1  1  1  1  1
107       1  1  1  1  1
108       1  1  1  1  1
109       0  1  0  1  0
110       0  1  0  0  1
111       1  1  1  1  1
112       0  1  1  0  0
113       1  1  1  1  1
114       1  0  1  1  1
115       0  1  1  1  0
116       0  1  1  0  0
117       1  1  1  1  1
118       1  0  1  0  0
119       1  1  1  1  1
120       1  1  0  0  1
121       0  1  1  0  1
122       1  1  1  1  1
123       1  1  1  1  1
124       1  1  1  1  1
125       1  1  1  1  1
126       1  0  0  1  0
127       1  0  1  1  0
128       0  1  1  0  0
129       0  0  0  1  1
130       1  1  0  0  1
131       1  1  1  1  1
132       0  0  1  1  1
133       0  0  0  1  1
134       0  0  0  1  1
135       0  1  0  1  0
136       1  1  1  1  1
137       1  0  1  1  1
138       0  1  1  0  1
139       1  1  1  1  1
140       1  1  1  1  1
141       1  1  1  1  1
142       1  1  1  1  1
143       1  1  1  1  1
144       1  1  1  1  1
145       1  1  1  0  1
146       1  1  1  1  1
147       1  0  1  1  0
148       1  1  1  1  1
149       1  0  1  1  0
150       1  1  1  1  1
151       1  1  1  1  1
152       1  1  1  1  1
153       0  0  1  0  1
154       0  0  1  1  1
155       1  1  1  1  1
156       1  1  1  1  1
157       1  1  1  1  1
158       1  1  1  0  1
159       1  0  1  0  0
160       1  1  1  1  1
161       1  1  1  1  1
162       0  0  1  1  1
163       1  1  1  1  1
164       1  1  1  1  1
165       1  1  0  1  0
166       0  1  1  1  1
167       0  1  0  1  0
168       1  1  1  1  1
169       1  1  1  1  1
170       1  0  1  0  0
171       1  1  0  1  0
172       1  1  1  1  1
173       1  1  1  1  1
174       1  1  1  1  1
175       1  1  1  1  1
176       0  1  0  1  0
177       1  1  1  1  1
178       0  0  1  0  1
179       1  1  1  1  1
180       1  1  1  1  1
181       1  1  1  1  0
182       0  1  0  1  0
183       1  1  1  1  1
184       1  1  1  1  1
185       1  1  1  1  1
186       0  0  1  0  1
187       1  1  1  1  1
188       1  1  1  1  1
189       0  0  0  1  1
190       1  1  0  0  1
191       0  1  0  1  1
192       1  0  1  1  1
193       1  1  1  1  1
194       1  1  1  1  1
195       1  0  1  0  0
196       1  1  1  0  1
197       1  1  1  0  1
198       1  1  1  1  1
199       1  1  0  1  1
200       1  0  1  0  0
201       1  1  1  0  1
202       1  0  1  1  1
203       1  1  1  1  1
204       1  1  1  1  1
205       1  1  1  1  1
206       0  1  1  1  1
207       1  1  0  0  1
208       0  1  1  0  0
209       1  0  1  1  0
210       1  1  1  1  1
211       0  1  0  1  0
212       1  1  1  1  1
213       1  0  1  1  0
214       1  0  0  1  0
215       0  1  1  0  0
216       1  1  1  1  0
217       1  1  1  1  1
218       1  1  1  1  1
219       1  1  1  1  1
220       1  1  1  1  1
221       0  0  1  0  1
222       1  1  1  1  1
223       1  1  1  1  1
224       0  0  1  1  0
225       1  1  0  0  0
226       1  1  1  1  1
227       1  1  1  1  1
228       1  1  1  1  0
229       1  1  1  1  1
230       0  1  0  0  1
231       1  1  1  0  1
232       0  1  0  1  1
233       0  0  1  1  1
234       1  0  1  0  1
235       1  1  1  1  1
236       1  0  0  0  1
237       1  1  1  0  1
238       0  1  1  1  1
239       0  1  0  1  0
240       0  0  1  0  1
241       1  0  1  1  1
242       1  1  0  0  0
243       1  1  1  1  1
244       0  1  1  1  1
245       1  0  0  0  1
246       1  1  1  1  1
247       1  0  0  1  0
248       1  1  1  1  1
249       0  0  1  1  1
250       1  1  1  1  1
251       1  1  0  0  1
252       1  1  1  1  1
253       1  1  1  1  1
254       1  1  0  0  0
255       1  1  1  1  1
256       0  1  1  0  1
257       0  1  0  1  1
258       0  1  0  1  0
259       1  1  1  1  1
260       1  1  0  1  0
261       1  1  1  1  1
262       1  1  1  1  1
263       1  1  1  1  1
264       1  1  1  1  1
265       0  1  1  1  1
266       1  1  1  1  0
267       1  1  1  1  1
268       1  1  1  1  1
269       1  1  1  1  1
270       1  1  1  1  1
271       1  1  1  1  1
272       0  1  0  0  1
273       1  0  0  1  0
274       0  1  1  0  0
275       1  1  1  1  1
276       1  1  0  1  1
277       1  1  1  1  1
278       1  1  1  1  1
279       1  0  1  1  1
280       1  0  0  1  1
281       0  0  1  0  1
282       1  0  1  1  0
283       1  1  1  1  1
284       1  0  0  1  1
285       1  1  1  1  1
286       1  1  1  1  1
287       1  1  1  1  1
288       1  1  1  1  1
289       1  1  1  1  1
290       1  0  1  1  0
291       1  1  1  1  1
292       1  1  1  1  1
293       1  1  1  1  1
294       1  1  0  0  0
295       0  1  0  1  1
296       1  1  1  1  1
297       0  0  1  1  1
298       1  1  1  1  1
299       1  1  1  1  1
300       1  1  1  1  1
301       1  1  1  1  1
302       1  1  1  1  1
303       0  1  1  0  1
304       1  1  1  1  1
305       1  0  0  1  0
306       1  1  1  1  1
307       1  1  1  1  1
308       1  1  1  1  1
309       1  1  1  1  1
310       0  0  1  0  1
311       1  1  1  0  1
312       0  0  1  1  0
313       1  1  1  1  1
314       1  1  1  1  1
315       1  1  1  1  1
316       1  1  0  1  1
317       1  1  1  1  1
318       1  1  1  1  1
319       1  1  1  1  1
320       1  0  1  0  0
321       1  1  1  1  1
322       1  1  1  0  0
323       1  1  1  1  1
324       1  1  1  1  1
325       1  1  1  1  1
326       0  0  1  0  1
327       1  1  1  1  1
328       1  1  1  1  1
329       1  1  0  0  1
330       1  1  1  1  1
331       1  0  0  0  1
332       0  1  1  1  0
333       1  0  0  0  1
334       1  1  1  1  1
335       0  1  1  0  1
336       0  0  1  0  1
337       0  0  1  1  1
338       1  1  1  1  1
339       1  0  0  1  1
340       0  1  1  0  0
341       1  1  1  1  1
342       1  1  1  0  1
343       1  1  1  1  0
344       1  1  1  1  1
345       1  1  1  1  1
346       1  1  1  1  1
347       1  1  1  1  1
348       1  1  1  1  1
349       1  1  1  1  1
350       0  0  1  0  1
351       1  0  1  0  0
352       1  1  1  1  1
353       1  1  0  1  1
354       1  1  1  1  1
355       1  0  1  0  0
356       1  0  0  1  1
357       1  1  1  1  1
358       1  1  0  1  0
359       0  1  0  0  1
360       1  1  0  1  1
361       0  0  1  1  1
362       1  1  1  1  1
363       1  1  1  1  1
364       1  1  1  1  1
365       1  1  1  1  1
366       1  1  0  0  1
367       1  1  1  1  1
368       1  1  1  1  1
369       1  1  1  1  1
370       1  1  1  1  1
371       1  1  1  1  1
372       1  1  0  1  0
373       1  0  0  0  1
374       1  1  1  1  1
375       0  0  1  1  1
376       1  0  0  1  0
377       1  0  1  0  0
378       1  1  0  0  1
379       1  1  0  1  0
380       1  1  1  1  1
381       1  1  0  0  0
382       1  1  1  1  1
383       1  1  0  0  1
384       0  0  0  1  1
385       0  1  0  1  0
386       1  1  1  1  1
387       0  0  1  0  1
388       1  1  1  1  1
389       1  1  1  1  1
390       1  1  1  1  0
391       1  1  0  0  1
392       1  1  1  1  1
393       0  0  1  0  1
394       1  1  1  1  1
395       1  1  1  1  1
396       1  1  1  1  1
397       0  1  1  0  0
398       1  1  1  1  1
399       1  1  1  1  1


0             50        50
1         57.505    50.312
2         48.846    54.179
3         50.914    57.847
4         56.415     40.19
5         53.926    42.616
6         57.884    47.856
7         49.808    59.285
8         43.263    56.006
9         53.706    59.107
10         51.418    42.431
11         48.948    47.199
12         53.467    43.091
13         48.086    41.818
14         59.197    48.816
15         52.697     41.02
16         41.487    40.781
17         40.427    45.019
18         56.879    50.259
19         52.693    50.415
20         52.994    44.346


1    66.039    67.436
2    55.113    48.081
3    60.308    49.089
4    96.046    49.304
5    40.874    84.818
6     59.89     56.66
7    49.468    39.037
8    57.482    52.457
9    41.204    63.666
10    44.432    51.652
11    54.559    38.118
12    43.519    56.151
13     29.34    69.889
14    57.484    53.508
15    40.837    55.643
16    53.088    32.271
17    32.683    61.281
18    59.444    84.351
19    41.947    55.702
20    35.854    66.681
21    69.452    60.975
22    77.381    45.696
23    41.313    50.005
24     20.97    50.806
25    30.166    55.536
26    77.592    73.063
27    38.005    61.782
28    70.368    49.752
29     19.02    65.073
30     77.85    81.514
31     60.69     89.77
32    60.399    75.338
33    48.576    53.629
34    55.107     52.42
35    48.928    69.454
36    17.397    32.949
37    45.343    49.595
38    83.718    72.432
39    43.957    56.934
40    28.238    44.495
41      49.4     63.99
42    61.455    66.633
43    62.137    41.981
44    66.393    61.359
45    63.311    54.117
46    48.505     57.91
47    52.527    71.175
48    90.312    59.729
49    59.179    30.484
50    44.122    82.433
51    52.396    45.452
52    27.327    67.702
53    19.917    66.133
54    50.924    63.656
55    53.785    49.189
56    42.866    29.933
57    55.161    61.062
58    49.824    70.528
59    26.113    58.706
60    59.679    55.582
61     46.08    33.827
62    65.058    56.059
63    47.402    39.669
64    29.769    14.836
65    59.592    39.532
66    41.528    18.767
67    43.761    42.689
68     52.77    39.191
69    52.283    40.631
70    42.227    42.874
71    47.966    65.768
72    28.438    57.404
73    78.976     65.21
74    50.068    35.016
75    64.966    44.128
76    56.695    42.678
77    36.346    19.494
78    67.452     50.05
79    74.707    26.724
80     43.56    67.266
81    67.914    23.487
82    88.796    49.812
83    53.904    42.671
84    30.561    67.725
85    58.636    47.548
86    69.268    27.824
87    43.594    12.095
88    82.857    15.219
89    80.028    58.809
90    15.516    53.426
91    40.805    75.076
92    42.352    49.442
93    56.427    37.359
94    76.802    16.952
95    79.196    71.759
96    55.673    43.253
97    82.313    40.908
98    68.959    22.724
99    42.106    12.811
100    52.736    78.137
101    56.787    49.744
102     84.65    66.076
103    62.209    48.082
104     32.84    44.178
105    55.871     19.77
106    54.328     23.58
107    57.858    48.192
108     56.01      56.2
109     73.01    74.565
110    29.251    21.584
111    58.627    38.104
112    23.135    49.669
113    69.741    50.377
114    73.713    61.492
115    56.044    27.323
116    63.885    23.745
117    52.068    37.424
118     81.29    45.673
119    37.596    63.327
120    53.996    47.975
121    86.318    46.519
122    18.447    41.381
123    54.512    55.164
124      51.1     59.18
125    37.379    79.806
126    72.128    26.616
127    38.006    51.116
128    16.069    68.195
129    58.746    37.994
130    30.219    62.517
131    55.358    52.062
132    13.022     68.76
133    33.779    52.782
134    37.196    36.191
135    48.565    48.575
136    52.695    52.538
137    41.253    78.921
138    22.667    56.742
139    29.587    53.087
140    49.013    58.465
141    39.745    67.745
142    35.929    68.639
143    72.988    61.603
144    37.343     57.12
145    44.423    54.314
146    75.741      69.9
147    25.748    76.094
148    44.036    62.591
149    77.941    59.657
150    46.923    59.475
151    49.093    24.173
152    43.172    58.395
153    79.601    65.515
154    53.173    60.647
155    59.888     88.34
156    43.098    56.811
157    81.507    46.405
158    50.184    59.489
159    57.155    66.922
160    51.936    46.294
161    53.551    59.125
162    67.778    91.485
163    62.997    56.472
164    59.454    56.853
165     53.48    40.678
166    53.656    76.783
167    50.495    75.917
168    79.595    50.101
169    51.577    85.158
170     46.47    26.275
171    42.483    47.652
172    90.702    46.544
173    77.139    63.162
174    71.162    47.116
175     72.07    40.597
176    77.686    89.915
177     66.46    53.095
178    53.154    81.303
179    58.485    68.412
180    71.615    57.019
181    29.653    15.873
182    54.331    48.087
183    32.591    63.551
184    51.642     42.31
185    65.477    65.039
186    51.051    43.976
187    51.164    36.783
188    25.324    44.931
189    30.675    30.868
190    29.692    56.065
191     80.29    15.593
192    62.324    37.601
193    87.338    36.299
194     35.35     9.229
195    72.123    27.675
196    82.081    42.868
197    61.384    64.892
198    18.087     26.64
199     78.37    65.818
200    44.615    39.713
201    38.645     11.94
202    52.117    35.179
203    40.782    28.847
204    36.414    49.542
205    44.536    41.165
206    59.126    38.203
207    49.077    78.748
208    59.676    74.384
209    41.135     36.89
210     12.58     45.87
211    47.271    42.759
212    54.626    56.035
213    46.756    32.602
214    74.713     25.69
215    10.932    37.078
216    47.488    45.217
217    40.047     9.734
218     49.08    47.386
219     33.75    47.017
220    45.118    54.432
221    69.085    52.103
222    68.177    49.745
223    50.052    15.422
224    54.908    23.045
225    53.958    44.265
226    27.663    54.951
227    37.929    75.703
228    49.504    20.264
229    58.789    56.916
230    56.171    20.969
231    49.041     47.11
232    60.681    20.957
233    24.873     21.07
234    52.647    42.021
235    67.133    49.321
236     50.93    26.058
237    71.934     50.96
238     71.08    63.142
239    77.864    66.508
240    41.748    19.391
241    19.231    19.427
242    42.344    41.008
243      26.3     31.94
244    54.822    30.735
245    48.084    41.818
246    44.832    46.555
247    41.333    76.803
248    18.031     46.73
249    49.417    40.299
250    26.034    51.325
251    56.163    69.662
252    31.718    74.273
253    73.126    32.538
254    58.943    47.336
255    22.994     12.79
256    34.337    35.416
257    41.854    24.829
258    33.366    75.541
259    57.311    28.266
260    25.138    52.201
261    48.086    63.339
262    56.152     51.71
263    62.335    60.522
264    31.164    44.689
265    48.321    44.529
266    38.261    58.128
267    60.617    57.656
268     79.56    60.614
269    45.788    41.171
270    62.208    57.703
271    44.492    60.806
272    71.788    44.853
273    19.347    49.139
274    61.787    31.041
275    31.954    24.188
276    55.736    64.229
277    39.123    31.488
278    41.712    31.862
279    77.563    54.637
280    59.342    85.117
281    64.287    44.764
282    53.958    17.543
283     53.85    40.899
284    44.372    15.229
285     45.07    70.628
286     53.43    27.784
287    29.829    73.213
288    34.232    36.309
289     69.22    36.859
290    64.182    22.491
291    62.879    46.563
292    88.764    31.867
293    57.191    42.676
294    55.772    79.227
295     52.42    42.503
296    37.546    33.031
297    73.832    26.493
298    53.865    39.229
299    82.607    47.116
300    66.668    25.818
301    31.866     2.435
302    41.544    40.965
303    27.649    13.973
304     38.54    39.774
305    13.845    33.784
306    36.787     4.814
307    35.235    41.341
308    45.732    46.388
309     62.33    39.768
310    30.642    66.494
311    40.263    40.623
312    25.249    12.216
313    76.554    25.093
314    42.548    49.978
315    42.873    34.509
316     25.62    23.664
317    63.541    14.438
318    12.213    27.737
319    33.558    51.925
320    41.794    35.995
321    32.617    72.113
322    35.556    76.686
323    39.816    37.971
324    60.387    30.989
325     37.81    57.058
326    27.466    53.126
327     4.958    33.361
328      6.82      41.9
329    64.186    24.607
330    21.847    47.811
331    41.988    52.484
332     48.26    33.712
333    65.032    28.639
334    31.967    36.077
335    41.059      58.7
336    48.898    40.044
337    34.052    38.422
338    32.898     47.06
339    14.449     31.82
340    71.935    31.387
341     52.39    57.189
342    23.221    34.553
343    24.893    51.195
344    55.183    27.254
345    23.286     62.37
346    37.868    64.344
347    48.415    22.098
348    37.565    50.389
349    66.663    43.296
350    58.182     47.61
351    42.766    45.071
352    39.168    46.293
353    28.098     22.62
354    42.937    18.204
355    49.924    45.697
356    59.866    54.711
357    76.032    52.227
358    46.556    59.532
359    76.786      54.3
360    76.088    22.133
361    69.657    31.501
362    70.872    30.868
363    68.681    46.001
364    38.891    66.863
365    43.664     68.18
366    61.186    26.175
367    57.043    49.367
368     73.73    46.795
369    57.161    57.762
370    57.818    35.868
371    40.122    74.166
372    46.069    78.136
373    19.614    54.343
374    54.428    59.636
375     50.79    17.141
376    67.179    58.509
377    53.548     39.25
378    85.244    57.551
379    28.581    68.846
380    62.225    28.047
381    59.676    51.276
382    54.814      37.6
383     86.11    44.203
384    64.845    43.155
385    55.005     49.51
386    52.622    43.845
387    37.437     70.65
388        58    38.818
389     43.22    50.466
390    45.876    62.456
391    39.588    80.697
392    49.105    52.289
393    50.181    18.241
394    47.946    56.076
395    34.139    11.175
396    46.091    23.097
397    60.686     57.65
398    48.309    46.132
399    40.345    65.407
400    46.133    61.664
