21 Stops, 200 Students, 5 Max_Walking, 50 Capacity, 5 Days 

0       1  1  1  1  1
1       1  0  1  1  1
2       0  1  1  1  0
3       1  1  1  1  1
4       0  1  0  1  1
5       1  1  1  1  1
6       1  1  1  1  1
7       1  1  1  1  1
8       1  1  1  1  1
9       1  1  1  1  1
10       1  0  0  0  1
11       1  1  1  1  1
12       1  1  0  0  1
13       1  1  1  1  1
14       1  0  0  1  0
15       0  0  1  1  0
16       1  1  1  1  1
17       1  1  1  0  0
18       0  0  0  1  1
19       0  0  1  1  1
20       1  0  1  1  1
21       1  1  1  1  1
22       1  1  1  1  1
23       1  1  1  1  1
24       0  1  0  0  1
25       0  1  1  1  1
26       1  1  1  1  1
27       1  0  0  0  1
28       1  1  1  1  1
29       1  1  1  1  1
30       1  1  1  1  1
31       1  1  1  1  1
32       1  0  0  1  0
33       1  0  1  1  1
34       1  1  1  1  1
35       1  1  1  0  1
36       0  0  1  1  1
37       0  0  1  1  0
38       1  1  1  1  1
39       0  0  0  1  1
40       1  0  0  1  1
41       1  1  1  1  1
42       1  1  1  1  1
43       1  1  1  1  1
44       0  1  0  1  0
45       0  0  1  1  0
46       1  1  1  1  1
47       1  1  1  1  1
48       1  1  1  1  1
49       1  1  0  0  0
50       1  1  1  0  1
51       1  1  1  1  1
52       0  1  1  1  0
53       1  1  1  1  1
54       1  0  0  1  1
55       1  1  1  1  1
56       1  0  0  1  0
57       0  0  1  0  1
58       0  0  0  1  1
59       1  0  1  1  1
60       1  1  1  1  1
61       1  1  1  1  1
62       1  0  1  0  1
63       0  1  0  1  1
64       0  0  1  1  1
65       0  1  0  1  1
66       0  1  1  0  1
67       1  1  1  1  1
68       1  1  1  1  0
69       0  0  1  1  0
70       1  1  1  1  1
71       1  1  1  1  1
72       0  1  1  1  0
73       1  1  1  1  1
74       1  1  0  0  0
75       0  1  0  0  1
76       1  0  1  0  0
77       1  0  0  0  1
78       1  1  0  0  1
79       1  1  1  1  1
80       1  0  1  1  1
81       1  1  1  1  1
82       1  1  1  1  1
83       0  0  1  1  0
84       0  1  1  0  0
85       1  1  1  1  1
86       0  0  0  1  1
87       0  1  1  0  1
88       1  0  1  0  1
89       1  1  1  1  1
90       1  1  1  1  1
91       1  1  1  1  1
92       1  1  0  0  1
93       1  1  1  1  1
94       1  1  1  1  1
95       1  1  1  1  1
96       1  0  1  1  0
97       1  0  0  0  1
98       1  1  1  0  1
99       1  1  0  1  0
100       1  0  1  0  1
101       1  1  1  1  1
102       1  1  0  1  0
103       1  1  1  1  1
104       1  1  1  1  1
105       1  1  1  1  1
106       1  1  1  1  0
107       0  0  1  1  0
108       1  1  1  1  1
109       1  1  1  1  0
110       1  1  1  1  1
111       0  1  1  1  1
112       1  1  1  1  1
113       1  1  1  1  1
114       1  1  1  1  1
115       1  1  1  1  1
116       1  0  0  0  1
117       0  0  0  1  1
118       0  0  0  1  1
119       1  1  1  1  1
120       1  1  1  1  1
121       0  0  1  0  1
122       0  1  1  0  0
123       1  1  1  1  1
124       1  0  1  1  1
125       1  1  1  1  0
126       1  0  0  0  1
127       0  0  0  1  1
128       1  1  1  1  1
129       1  1  1  1  1
130       1  1  1  1  1
131       1  1  1  1  1
132       0  1  1  1  1
133       0  1  0  0  1
134       1  1  1  1  1
135       0  1  1  1  1
136       1  0  0  1  1
137       1  1  1  1  1
138       1  1  1  1  1
139       1  1  1  1  1
140       1  0  1  0  0
141       1  1  1  1  1
142       1  1  1  1  1
143       1  0  1  1  1
144       1  0  0  0  1
145       0  1  0  1  0
146       1  1  1  1  1
147       0  1  1  0  1
148       1  1  0  0  0
149       1  1  1  1  1
150       0  1  1  0  0
151       0  1  0  0  1
152       1  1  1  1  1
153       1  1  1  1  1
154       1  1  1  1  1
155       1  1  1  1  1
156       1  1  1  1  1
157       1  1  1  1  1
158       0  1  0  1  1
159       1  1  1  1  1
160       1  1  1  1  1
161       1  1  1  1  1
162       1  1  1  1  1
163       0  1  1  1  0
164       1  0  1  0  1
165       1  0  1  0  1
166       1  1  1  1  1
167       0  1  0  1  0
168       1  1  1  1  1
169       1  0  1  0  1
170       1  1  1  1  1
171       1  0  1  0  1
172       1  0  0  1  0
173       1  1  1  1  1
174       1  1  0  0  1
175       1  1  1  1  1
176       1  1  1  1  1
177       1  1  1  1  1
178       0  0  1  0  1
179       1  1  1  1  1
180       1  1  1  1  1
181       1  1  1  1  1
182       1  1  1  1  1
183       1  1  1  1  1
184       1  1  0  0  1
185       1  1  1  1  1
186       0  1  0  1  1
187       1  1  1  1  1
188       1  1  1  1  1
189       1  1  1  1  1
190       0  1  0  1  0
191       0  0  0  1  1
192       0  1  1  0  1
193       1  1  1  1  1
194       1  1  1  1  1
195       1  1  1  1  1
196       1  1  1  1  1
197       1  0  0  1  1
198       1  1  1  1  1
199       1  1  1  1  1


0             50        50
1          9.945    18.568
2         45.062    43.522
3         69.986     58.89
4           71.2    33.914
5         51.104    16.507
6         48.591      9.08
7         94.965    21.483
8         60.846    36.982
9         26.696    47.052
10         33.494    39.296
11          36.98    43.225
12         64.484    73.795
13         14.794    79.289
14         36.925    31.475
15         90.017    60.452
16         48.384     8.184
17         73.733    25.693
18         53.119    70.041
19         61.422    51.465
20         33.014    17.607


1    10.377    18.672
2      6.56    16.563
3     9.266     18.72
4     9.874    19.721
5     7.945     20.16
6     13.22     18.21
7    13.531    19.475
8     9.149    18.467
9     6.735    15.183
10     8.446    23.148
11    47.032    47.879
12     42.31    42.167
13    43.011    44.467
14    45.143     44.31
15    42.542     43.72
16    41.917    45.863
17    43.921    42.693
18    45.472    45.902
19    43.356     44.86
20    42.278    46.052
21    69.871    63.708
22    72.183    59.705
23    69.104    58.051
24    70.045    58.924
25    70.563    59.578
26    67.523    58.662
27    67.408     57.18
28    68.326    59.003
29     67.55     60.41
30    72.914    59.988
31    73.134     35.37
32    72.953    32.832
33    70.551    34.405
34    73.786    37.333
35    75.258    34.219
36    74.685    34.479
37     67.89    36.711
38    67.954    35.539
39    70.379     31.32
40    74.885     34.98
41    50.013    18.637
42    51.633     17.71
43    55.024    15.448
44    51.099    16.507
45    49.359     12.73
46    51.344    20.822
47    50.929    16.354
48    52.089    12.448
49    51.309    17.045
50    49.334    19.076
51    48.849    10.283
52    50.808     6.611
53    48.916    12.039
54    52.223    11.153
55    48.572     9.097
56    49.858    10.033
57    47.557     8.471
58    44.004     7.759
59    49.165     4.113
60    50.565     7.903
61    95.731    21.821
62    93.183    20.312
63    93.361    18.419
64    93.604    21.465
65    97.216    21.225
66    92.082    20.747
67    93.385     23.29
68    96.232    21.717
69    92.471    21.825
70    94.081    21.531
71    60.218    35.905
72    58.604    37.892
73    56.535    36.838
74     56.63     38.81
75    60.639    36.114
76    61.375    36.173
77    58.908    38.212
78    60.823    36.995
79    60.367    36.147
80    58.528    38.106
81    26.166    49.881
82    27.702     49.95
83    27.463     46.49
84    26.074    48.668
85    26.697     47.07
86    25.737    45.674
87    27.143    49.432
88    30.816    44.414
89    25.418    42.473
90    26.004    50.874
91    33.653    35.421
92     34.68    43.835
93    35.209    34.727
94    37.301    41.985
95    36.693    42.347
96    35.616    39.208
97    29.263    41.386
98    35.287    40.566
99    35.386    43.242
100    34.165    41.744
101    37.026    43.197
102    38.774    42.054
103    36.574    47.361
104    38.481    47.818
105    35.842    46.004
106    37.468    44.099
107    34.052    42.231
108    33.243    46.494
109    34.778    45.186
110    39.035    39.359
111    67.074    76.212
112    63.341      76.3
113    66.709    70.711
114    65.522    78.062
115    63.102    74.227
116    65.695    74.398
117    64.428     71.57
118    63.785    76.535
119    61.087    76.438
120    63.723    76.085
121    15.848    79.069
122    14.894    79.353
123     14.88    83.002
124    15.397    83.138
125    15.112    80.157
126     15.16    78.294
127     14.01    77.861
128    15.351    79.261
129    18.096     81.39
130    14.839    79.055
131    39.978    30.248
132    40.818    31.262
133    39.488    27.653
134    38.374    32.519
135    37.572    32.403
136    35.631    31.927
137    36.078    29.206
138    37.689     29.45
139    37.593    31.313
140    37.671    31.583
141    85.893    62.538
142    88.902    64.767
143    88.602    64.176
144    87.551    64.545
145    87.587      58.6
146     89.99    60.531
147    89.955    60.418
148    91.675    60.197
149    90.076    61.008
150     89.81    61.044
151    49.545       7.7
152    48.397     8.194
153    48.146      3.62
154    47.226     3.572
155    47.356     4.077
156    47.521    11.122
157    45.863    10.403
158    47.834    12.741
159    51.422     9.103
160    50.961     4.301
161    70.438    24.056
162    73.911    28.058
163    76.211    27.987
164    73.847    25.978
165    71.465    25.033
166    73.137     24.91
167    73.479    25.993
168    77.553    23.971
169    78.058    27.766
170    72.252    25.335
171    53.406    67.835
172    52.694    71.102
173    52.354    73.553
174    52.147     72.18
175    51.506    73.178
176    49.596    68.106
177    55.275    69.042
178    56.561    67.711
179    54.679    71.598
180    49.708    71.009
181    60.129    53.311
182    65.674    53.805
183    62.712    53.314
184    64.768    50.281
185    63.109    48.817
186    62.394    53.586
187    58.733    54.441
188    63.777    49.759
189    59.628    52.582
190      62.9    54.842
191    32.652    18.175
192    32.261    21.156
193    33.378    17.323
194    31.637    13.089
195    32.576     17.16
196    33.573    18.033
197    33.123    17.349
198    30.097    14.865
199     34.92    21.392
200    32.555     16.87
