11 Stops, 100 Students, 40 Max_Walking, 25 Capacity, 5 Days 

0       1  1  1  1  1
1       1  1  1  1  0
2       1  1  1  1  1
3       0  0  1  0  1
4       1  1  1  1  1
5       1  0  1  0  1
6       1  1  1  1  1
7       0  0  1  1  1
8       1  0  0  1  0
9       0  0  1  1  1
10       1  1  1  1  1
11       1  1  1  1  1
12       1  1  1  1  1
13       1  1  1  0  1
14       1  0  0  1  1
15       1  1  0  1  0
16       1  0  0  1  0
17       1  1  1  1  1
18       1  0  0  1  0
19       1  1  1  1  1
20       1  1  1  1  1
21       0  0  1  1  0
22       0  1  1  0  0
23       1  1  1  1  1
24       0  1  0  0  1
25       1  1  1  1  0
26       0  0  0  1  1
27       1  1  1  1  1
28       1  1  1  1  1
29       1  1  1  1  1
30       1  1  1  1  1
31       1  1  1  1  1
32       1  0  0  1  0
33       1  1  0  0  0
34       1  1  1  1  1
35       1  0  1  0  1
36       1  1  1  0  1
37       1  1  1  1  1
38       1  1  1  1  1
39       1  1  1  1  1
40       0  1  1  0  0
41       1  1  1  1  1
42       1  1  0  1  0
43       1  1  1  1  1
44       1  0  0  0  1
45       0  1  1  0  1
46       1  0  0  0  1
47       1  1  1  1  1
48       1  0  1  0  1
49       1  1  1  1  1
50       1  1  1  1  1
51       0  0  0  1  1
52       1  1  1  1  1
53       1  1  1  1  1
54       1  1  1  1  1
55       1  1  1  1  1
56       1  1  0  1  1
57       1  1  1  1  1
58       0  1  0  1  0
59       1  1  1  1  1
60       1  0  1  0  0
61       0  0  1  0  1
62       1  1  1  0  0
63       1  1  1  1  1
64       1  1  1  1  1
65       1  1  1  1  1
66       0  1  0  1  1
67       1  1  1  1  1
68       1  1  1  1  1
69       1  1  1  1  1
70       1  1  1  1  1
71       1  1  1  1  1
72       1  1  1  1  1
73       1  1  1  1  1
74       1  0  0  0  1
75       1  0  1  1  1
76       1  1  0  0  1
77       0  1  1  1  1
78       1  0  1  1  1
79       1  1  0  1  1
80       0  1  1  0  0
81       1  1  1  1  1
82       1  1  1  1  1
83       1  0  1  0  1
84       1  1  1  1  1
85       1  1  1  1  1
86       1  1  1  1  1
87       0  0  1  1  1
88       1  1  1  1  1
89       1  1  1  1  1
90       1  1  1  1  1
91       1  1  1  1  1
92       1  1  1  1  1
93       1  0  1  1  0
94       0  0  1  1  0
95       1  1  1  1  1
96       0  0  0  1  1
97       1  1  1  0  1
98       1  0  1  0  0
99       1  1  1  1  0


0             50        50
1         41.104    57.244
2         48.485    53.955
3         41.472     56.91
4         47.416    47.765
5         51.943    58.873
6          44.58     45.39
7         51.715    40.025
8         59.098    44.883
9         41.512    42.311
10         44.276    50.763


1    38.507    61.358
2    42.988    61.768
3    40.945    72.085
4    66.009    48.451
5    44.386     58.98
6    31.029    80.153
7     3.771     67.95
8     43.41    56.003
9     19.37    50.996
10     35.86     55.17
11    35.798    59.747
12    30.164    52.373
13    48.295    54.865
14    64.728     44.54
15    48.011    55.051
16    44.808    51.243
17    53.715    61.649
18     40.38    67.041
19    65.614    34.936
20    68.704    47.353
21    40.773    59.209
22    65.185    29.404
23    41.083    58.847
24    59.973    22.632
25    71.754    46.909
26    36.358    93.297
27    48.333    54.507
28     24.19    61.272
29    27.326     86.31
30    59.558    22.292
31    50.828    51.222
32    44.264     51.23
33    45.772    74.444
34    80.206    36.083
35    80.947    48.899
36     52.06    49.113
37     47.74    27.152
38    48.772    52.836
39     53.09    53.636
40    58.387    46.769
41    52.476    25.412
42    41.568    40.518
43    45.961    36.512
44    87.395    45.203
45    77.217    46.704
46    57.713    61.316
47    81.941    34.884
48    43.168    61.319
49    45.612    79.472
50    51.045    53.508
51    14.061    70.387
52    58.607    20.199
53    74.622    43.351
54    44.829    45.115
55    39.644    81.235
56    42.572    40.933
57    43.326     45.61
58    44.686    45.576
59    55.426    46.052
60    68.644    36.042
61    75.394     54.54
62    29.729    21.239
63    60.215    38.823
64    63.832    26.451
65    58.114    43.439
66    56.969    39.024
67    29.304    29.417
68    68.585    42.146
69    48.834     4.102
70    43.015    47.972
71    56.656    39.975
72    81.302    44.863
73    78.748    50.278
74    87.523    27.558
75    43.316    72.225
76    76.086    58.756
77    62.279     6.503
78    62.578    55.073
79    69.225    45.986
80     45.54    43.629
81    46.969    39.827
82    62.056    50.364
83    54.091    78.384
84    46.573    68.179
85    23.553    26.989
86    64.882    31.659
87    12.117    42.161
88    41.714    42.802
89    48.962     70.25
90    22.579    32.831
91    14.855    42.516
92     52.05    43.451
93    46.734    40.455
94    37.704    51.239
95     40.48    37.139
96    48.912    48.459
97    41.066     52.66
98    63.226    31.103
99    25.336    28.873
100     19.95    77.812
