11 Stops, 200 Students, 5 Max_Walking, 50 Capacity, 5 Days 

0       1  1  1  1  1
1       1  1  1  1  1
2       1  1  1  1  1
3       0  0  1  1  1
4       1  1  1  1  1
5       1  1  1  1  1
6       1  1  1  1  1
7       1  1  1  1  1
8       1  1  1  1  1
9       1  1  1  1  1
10       1  1  1  1  1
11       1  1  1  1  1
12       1  1  1  1  1
13       1  1  1  1  1
14       0  1  0  1  1
15       1  1  1  1  1
16       1  0  0  1  0
17       1  1  1  1  1
18       1  1  1  1  1
19       1  1  1  1  1
20       1  1  1  1  1
21       1  1  1  1  1
22       1  1  1  1  1
23       1  1  1  1  1
24       1  1  1  1  1
25       1  1  1  1  1
26       1  1  1  1  1
27       1  1  1  1  1
28       1  1  1  1  1
29       1  1  1  1  1
30       1  1  0  0  0
31       1  1  1  1  1
32       1  1  1  1  1
33       0  0  1  1  1
34       1  1  1  1  1
35       1  1  1  1  1
36       1  1  1  1  1
37       1  1  1  1  1
38       1  1  1  1  1
39       1  1  1  1  1
40       0  1  0  1  0
41       0  0  1  1  0
42       1  1  1  1  1
43       1  1  1  1  1
44       1  1  1  1  1
45       0  0  1  1  0
46       1  1  1  1  1
47       1  1  1  1  1
48       1  1  1  1  1
49       1  1  1  1  1
50       1  1  1  1  1
51       1  1  1  1  1
52       1  1  1  1  1
53       1  1  1  1  1
54       1  1  1  1  1
55       1  1  1  1  1
56       1  1  1  1  1
57       1  1  1  1  0
58       1  1  1  0  1
59       1  1  1  1  1
60       1  1  1  1  1
61       1  1  1  1  1
62       1  1  0  1  1
63       1  1  1  1  1
64       0  1  1  1  0
65       1  1  1  1  1
66       1  1  1  1  1
67       1  1  1  1  1
68       1  1  1  1  1
69       1  1  1  1  1
70       1  1  1  1  1
71       1  1  0  0  1
72       1  1  1  1  1
73       1  1  1  1  1
74       1  1  1  1  1
75       1  0  0  1  1
76       1  1  1  1  1
77       1  1  1  1  1
78       1  1  1  1  1
79       1  1  1  1  1
80       1  1  1  1  1
81       1  0  0  1  1
82       1  1  1  1  1
83       1  1  1  1  1
84       1  1  1  1  1
85       1  1  1  1  1
86       1  1  1  1  1
87       1  1  1  1  1
88       1  1  1  1  1
89       1  1  1  1  1
90       1  1  1  1  1
91       1  1  1  1  1
92       1  1  1  1  1
93       1  1  1  1  1
94       1  1  1  1  1
95       1  1  1  1  1
96       1  1  0  1  0
97       1  1  1  1  1
98       1  1  1  1  1
99       1  1  1  1  1
100       1  1  1  1  1
101       1  1  1  1  1
102       1  0  1  0  1
103       1  0  1  0  0
104       1  1  1  1  1
105       1  1  1  1  1
106       1  0  1  1  1
107       1  1  1  1  1
108       1  1  1  1  1
109       1  1  1  1  1
110       1  0  0  0  1
111       1  1  1  1  1
112       1  1  1  1  1
113       1  1  1  1  1
114       1  1  1  0  0
115       1  0  1  0  1
116       0  1  1  0  1
117       1  1  1  1  1
118       1  1  1  1  1
119       1  1  1  1  1
120       0  1  0  1  0
121       1  1  1  1  1
122       1  1  1  1  1
123       1  1  1  1  1
124       1  1  1  1  1
125       0  1  0  1  0
126       1  1  1  1  1
127       1  1  1  1  1
128       1  1  1  1  1
129       1  1  1  0  1
130       1  1  1  1  1
131       0  1  1  0  1
132       1  1  1  1  1
133       0  0  1  0  1
134       1  1  1  1  1
135       1  1  1  1  1
136       1  0  0  1  0
137       0  1  1  0  1
138       0  1  1  0  1
139       1  0  1  0  0
140       1  1  1  1  1
141       1  1  1  1  1
142       0  1  1  1  1
143       1  1  1  1  1
144       1  1  1  1  1
145       1  1  1  1  1
146       1  1  1  1  1
147       1  1  1  1  1
148       1  1  1  1  1
149       1  1  1  1  1
150       0  1  1  1  1
151       1  1  0  1  1
152       1  1  0  1  0
153       1  1  1  1  1
154       1  1  0  0  0
155       0  0  1  1  0
156       0  1  0  1  0
157       1  1  1  1  1
158       1  1  1  1  1
159       1  1  1  1  1
160       1  1  1  1  1
161       1  1  1  1  1
162       1  1  1  1  1
163       1  1  1  1  1
164       1  1  1  1  1
165       1  1  1  1  1
166       1  1  1  1  1
167       1  1  1  1  1
168       1  1  1  1  1
169       1  1  1  1  1
170       1  1  1  1  1
171       1  1  1  1  1
172       1  1  1  0  1
173       1  1  1  1  1
174       1  1  1  1  1
175       1  1  1  1  1
176       1  1  1  1  1
177       1  1  1  1  1
178       1  1  1  1  1
179       1  1  1  1  1
180       1  1  1  1  1
181       1  1  1  1  1
182       1  1  1  1  1
183       1  1  0  0  1
184       1  1  1  1  1
185       1  1  1  1  1
186       1  1  1  1  1
187       1  0  1  0  0
188       1  1  1  1  1
189       1  1  1  1  1
190       1  1  1  1  1
191       1  1  1  0  0
192       1  1  1  1  1
193       0  1  1  1  0
194       1  1  0  1  0
195       0  1  0  1  1
196       1  1  1  1  1
197       0  0  1  0  1
198       1  1  1  1  1
199       1  1  1  1  1


0             50        50
1         14.552     79.53
2         14.996     44.31
3         18.511    62.005
4          7.104    60.313
5         94.271    42.496
6         65.805    79.835
7          23.45    23.386
8         11.077    69.645
9         94.373    86.587
10         51.513    37.771


1    13.718    81.996
2    11.933    80.955
3    12.256    78.664
4    13.324    77.587
5    13.018    78.356
6    17.458    81.439
7    14.357    81.996
8    16.157     80.17
9    14.857     81.79
10    14.559    79.518
11    11.964    76.902
12    15.254    78.927
13    14.131    82.131
14    11.701    76.011
15    17.351    76.677
16    16.948    77.846
17    16.333     80.47
18    16.149    83.773
19    12.282    77.158
20    12.712    83.187
21    14.919    45.636
22    14.443    43.471
23    12.553    44.054
24     15.34    47.817
25    14.742    44.377
26    16.437    40.598
27     14.73    43.768
28    17.242    48.504
29      12.9    40.647
30    16.171    42.715
31    16.311    47.256
32    12.858     43.03
33    12.626    43.376
34    16.028    42.685
35    17.169    41.526
36    16.239    44.517
37    14.798    43.527
38    14.967    43.655
39    15.038      43.6
40    14.316    43.536
41      18.7    61.862
42    20.305    59.576
43    19.484    61.582
44    17.769    61.427
45     15.42    63.922
46    18.389    62.034
47    17.093    65.607
48    21.863    63.438
49    16.299    64.584
50    22.951    60.393
51    19.586    62.003
52    21.659    58.995
53    18.693     61.73
54    20.049    62.589
55    22.059    64.497
56    19.922     64.11
57    18.864    62.042
58    19.952    61.172
59    18.542    65.596
60     19.94    66.323
61     6.203    58.109
62     6.697    60.747
63      4.31    58.326
64     7.431    60.506
65    10.257    60.163
66     8.852    59.775
67    11.343    60.128
68     4.361    62.166
69    11.483    61.698
70     7.256    59.933
71     4.093    63.169
72     7.335    60.447
73     5.412    58.813
74     7.259    57.035
75     5.208    59.826
76     4.099    61.564
77     6.673    61.424
78     9.743    62.083
79     7.403    61.546
80     3.334    60.731
81    96.265     46.57
82    94.638     41.55
83    92.469    43.485
84    95.892    45.384
85     98.59     42.65
86    94.312    44.323
87    93.566    42.024
88    97.385     44.89
89    96.027    41.193
90    91.915    42.068
91    95.453    45.067
92    90.614    39.656
93    98.165    44.612
94    92.764    44.687
95     94.67    41.316
96    94.867    43.787
97    92.156    43.446
98    91.885    40.963
99    91.838    44.687
100    96.709    41.023
101    69.199    82.101
102    65.792    79.514
103    64.386    77.351
104    65.646    76.218
105    64.503     80.16
106    68.496    76.953
107    66.471    77.976
108    64.721    82.093
109    66.418    78.532
110    65.186    77.318
111    66.054    79.454
112    62.397    80.615
113    62.795     83.12
114    66.732    80.382
115    66.087     80.31
116    66.917    78.994
117     62.12    79.077
118    62.764    77.714
119    61.017    79.579
120    65.808    79.834
121    21.876    23.652
122    22.829    21.437
123    23.612    21.225
124    22.256    18.727
125     26.47     20.96
126    23.522    23.316
127    21.236    23.798
128    21.889    26.929
129    22.109    21.967
130    22.781    24.539
131    23.038    23.062
132    26.096    19.371
133    20.587     22.37
134    18.938    22.378
135    26.927    24.169
136    24.817    23.571
137    22.622    22.285
138    24.284    19.752
139    23.434    23.362
140    21.615    20.663
141     8.406    71.418
142    10.817    68.253
143     9.201    72.356
144    10.008    67.577
145    10.528    68.259
146    11.069    69.993
147    11.155    70.122
148     13.25    69.795
149    10.624    69.941
150     9.956    70.427
151    10.921    69.708
152    11.971    67.947
153     12.51    71.209
154     8.051     68.95
155    11.757    71.571
156    12.236    69.577
157    10.717    70.445
158    13.204    70.802
159    14.357    66.902
160     10.71     69.48
161    93.359    83.785
162    90.337    88.607
163    93.376      85.5
164    94.315    82.767
165    94.861    86.703
166    94.111    86.284
167    96.701    83.122
168    92.256    84.336
169    93.741    86.727
170    94.186    90.727
171    95.221    88.246
172    96.012    87.912
173    97.483    88.121
174    95.335    84.598
175    93.341    85.908
176    98.541    86.324
177    94.397    86.118
178    92.781    83.332
179    96.092    90.597
180    95.993    87.818
181    51.685    40.115
182    48.293    38.069
183    54.666    40.191
184    49.229    39.321
185    50.676    39.606
186    49.368    33.805
187    48.654    37.479
188    51.513    37.953
189    51.622    37.794
190    50.339    41.403
191    48.547    37.453
192    52.428    38.254
193    51.276    37.664
194    53.433    36.913
195    51.776    41.741
196    51.841    37.741
197    55.067    35.596
198    51.478    32.947
199    50.482     37.57
200    51.308    39.645
