11 Stops, 200 Students, 10 Max_Walking, 50 Capacity, 5 Days 

0       1  1  0  1  0
1       0  1  0  1  0
2       1  0  1  0  1
3       0  1  0  0  1
4       1  0  1  1  0
5       1  1  0  1  1
6       1  1  0  1  1
7       0  1  0  1  0
8       0  0  1  0  1
9       0  1  1  1  0
10       1  1  0  0  0
11       1  1  0  0  1
12       1  0  0  1  1
13       1  1  1  1  0
14       0  1  1  1  0
15       1  0  1  0  0
16       1  1  0  0  1
17       1  1  1  0  0
18       0  1  1  1  1
19       1  1  0  1  0
20       1  1  0  1  0
21       0  1  1  1  1
22       1  0  1  1  1
23       0  1  1  1  1
24       1  0  0  1  1
25       0  1  1  0  1
26       1  1  0  1  1
27       1  0  0  1  0
28       0  1  1  0  1
29       1  1  0  1  0
30       1  0  1  0  1
31       0  0  0  1  1
32       1  0  0  1  0
33       0  0  1  0  1
34       0  1  0  1  0
35       1  1  1  0  0
36       1  0  0  1  1
37       1  0  0  1  1
38       0  1  0  1  0
39       1  0  1  0  0
40       1  1  0  0  1
41       1  0  1  1  1
42       0  1  1  0  1
43       1  1  1  1  1
44       0  1  0  0  1
45       0  1  1  1  1
46       0  0  0  1  1
47       1  0  0  1  0
48       0  1  0  0  1
49       1  1  0  1  1
50       0  1  1  1  1
51       0  1  0  1  1
52       1  0  1  0  0
53       1  1  0  0  1
54       1  1  1  0  1
55       0  1  1  1  0
56       0  1  0  1  0
57       1  1  0  0  1
58       0  1  0  1  0
59       1  0  0  0  1
60       1  0  0  0  1
61       1  1  0  0  0
62       0  1  1  1  0
63       1  1  0  1  1
64       1  0  0  1  1
65       1  1  0  0  0
66       0  0  0  1  1
67       1  0  1  1  0
68       1  0  1  1  1
69       1  1  0  1  0
70       1  1  0  0  1
71       0  0  1  1  1
72       1  1  1  0  0
73       0  1  0  0  1
74       0  1  0  0  1
75       1  1  0  1  1
76       1  0  1  0  1
77       1  0  1  0  1
78       1  1  1  0  1
79       0  1  1  1  0
80       1  0  1  0  1
81       1  1  0  1  0
82       0  0  1  1  0
83       0  0  1  1  1
84       1  1  1  1  0
85       1  1  0  0  0
86       0  1  0  1  0
87       0  1  1  0  0
88       1  1  1  1  1
89       1  0  0  1  1
90       1  1  0  0  1
91       0  1  1  1  1
92       1  0  0  0  1
93       1  0  0  1  1
94       1  1  1  0  0
95       0  0  1  0  1
96       0  0  1  0  1
97       1  0  0  0  1
98       1  0  1  1  0
99       0  1  0  0  1
100       1  1  1  1  0
101       0  1  1  0  1
102       0  0  1  1  1
103       0  0  1  0  1
104       1  1  1  1  0
105       1  0  1  0  0
106       1  1  0  1  0
107       1  1  1  1  0
108       0  1  0  0  1
109       1  0  0  1  1
110       1  0  0  0  1
111       1  0  1  0  1
112       0  1  1  0  0
113       1  1  0  0  0
114       0  1  0  1  1
115       1  0  0  1  0
116       0  0  1  1  0
117       1  0  1  1  1
118       0  1  0  1  0
119       1  0  1  1  0
120       0  0  1  1  1
121       1  0  0  1  0
122       1  0  0  0  1
123       0  0  0  1  1
124       1  0  0  1  0
125       0  0  0  1  1
126       1  1  1  1  1
127       0  0  1  0  1
128       1  0  1  1  0
129       1  0  0  1  1
130       1  0  0  1  0
131       0  1  1  1  1
132       1  0  1  1  1
133       1  1  0  0  1
134       1  1  0  0  1
135       1  0  0  0  1
136       0  0  1  1  1
137       1  0  1  0  0
138       1  1  0  1  0
139       1  1  1  0  0
140       0  0  1  1  1
141       0  1  0  1  0
142       1  1  0  0  1
143       0  0  1  0  1
144       0  1  0  1  0
145       0  1  1  0  1
146       0  1  0  0  1
147       1  1  0  1  1
148       1  1  0  1  0
149       1  1  0  0  1
150       1  0  0  0  1
151       1  1  1  0  0
152       0  1  1  1  1
153       0  0  0  1  1
154       0  1  1  0  1
155       1  1  1  0  1
156       1  0  0  1  1
157       0  0  0  1  1
158       1  1  0  0  1
159       1  0  1  1  1
160       1  1  1  0  1
161       1  0  1  0  0
162       0  1  0  1  1
163       0  0  1  1  1
164       0  1  1  0  0
165       1  0  0  0  1
166       1  0  0  0  1
167       0  0  1  0  1
168       1  0  1  0  1
169       1  1  0  0  0
170       1  1  0  0  0
171       1  0  1  1  0
172       1  0  0  1  1
173       1  1  0  1  0
174       1  1  1  0  1
175       1  1  0  0  0
176       0  0  1  1  0
177       0  1  1  1  1
178       0  0  1  1  1
179       1  1  1  0  0
180       1  0  1  1  1
181       0  0  1  1  0
182       1  0  0  1  1
183       0  0  1  1  0
184       1  0  1  1  1
185       1  0  1  0  1
186       0  1  1  0  0
187       1  0  1  0  0
188       1  0  0  1  0
189       0  1  1  0  0
190       1  1  1  0  1
191       0  1  1  1  0
192       1  0  0  0  1
193       0  0  1  1  0
194       0  1  1  1  0
195       1  0  0  1  1
196       1  1  1  0  1
197       1  1  1  0  1
198       0  1  1  1  0
199       1  0  1  0  1


0             50        50
1         16.869    89.937
2         86.828    20.453
3         56.707    10.338
4          85.64    77.466
5         26.602    33.233
6         14.374    59.549
7         45.611    38.334
8         53.257     24.32
9         14.636    72.556
10         16.773    76.642


1    19.976    88.442
2    18.515    89.927
3      11.5    82.651
4    17.226     89.83
5    15.868    85.092
6    16.838    98.207
7     17.16    89.747
8    14.446    89.948
9    25.361    92.238
10    26.127    90.628
11    17.857    86.784
12    15.772    89.762
13    23.362    93.003
14    21.394    87.061
15    20.581    87.186
16    24.825    85.372
17    22.917    93.493
18    13.552    85.861
19    14.893    92.386
20    12.738    92.377
21     81.47    15.286
22    81.045    19.295
23    88.475    12.704
24    88.661    19.875
25    88.422    19.545
26    78.834    24.847
27     84.38    11.333
28    80.893     13.98
29    78.896    16.049
30    86.504      20.6
31     86.81    20.456
32    86.801    20.561
33    84.819    27.801
34    92.785    19.124
35    94.148    16.049
36    84.732    29.096
37    88.327    15.203
38    89.487    24.327
39    86.131    19.747
40    85.339     20.55
41    58.031    13.815
42    55.959    16.282
43    51.128    16.096
44    57.425     9.651
45    56.922     3.782
46    57.499    12.927
47    59.885     14.01
48    56.211    10.863
49    53.459    11.879
50    48.791     4.947
51    56.743     6.532
52    52.671     9.822
53    58.443     0.503
54     61.25     4.934
55    56.918     11.12
56    53.426     12.35
57    61.558     9.542
58     63.11     3.931
59    58.283    12.177
60    60.123    15.712
61    89.604    77.948
62    80.947     73.86
63    80.541    77.936
64    87.936    78.433
65    85.491    77.208
66    85.869    80.112
67    88.302     84.82
68    90.094    73.089
69    78.348    77.594
70     84.57    82.148
71     76.55    80.784
72    85.131    77.889
73    79.984    80.585
74    79.778    72.291
75    78.056    76.814
76    86.512    85.761
77    84.132    78.883
78     94.95     79.83
79    85.929    78.137
80    90.082    82.094
81    26.755    32.523
82    28.764     34.92
83     26.28    29.957
84     32.82    29.403
85    17.193    31.238
86    34.801    29.286
87    28.856    29.686
88    34.097    28.406
89    32.174    40.836
90      27.4    36.312
91    25.381    34.954
92    30.923    28.694
93    35.612    35.056
94    21.112    32.591
95    31.536    34.462
96    30.237     32.42
97    25.143    28.009
98     20.42    35.197
99    26.464    32.251
100    26.624     33.23
101    19.529    58.642
102    16.365    60.874
103    12.378    50.468
104    18.351    58.321
105    11.475    61.562
106     14.37    59.596
107    15.452    63.562
108    18.792    60.339
109    12.607    58.013
110    17.565    60.263
111    20.671    65.295
112    12.486     53.61
113    19.277    61.071
114     8.484    56.229
115    15.445     61.11
116    18.514    52.844
117    11.075    63.882
118    15.998    58.507
119    14.184    56.132
120    14.013    69.226
121    47.896    45.529
122    41.198    42.815
123    46.071    37.982
124    45.631    36.167
125     44.53    35.819
126    47.914    32.044
127    41.233    34.437
128    45.024    38.594
129     44.03    41.917
130    40.837    40.049
131    43.835    34.983
132    45.724    32.878
133    44.094    39.518
134    46.354    39.048
135    44.095    42.265
136    44.591    32.321
137    45.868     37.88
138     48.41    34.815
139    51.678    44.874
140    46.099    34.819
141    56.484    27.725
142    58.566    28.031
143    51.639    33.431
144    61.528    21.813
145    56.234    18.796
146    56.448    23.826
147    45.989    29.266
148     61.62    29.235
149    53.926    24.196
150    53.341    24.391
151    48.064     17.37
152     47.51    30.447
153    59.491    21.674
154      50.4    18.321
155    47.853    32.016
156    53.333    25.103
157    52.998    24.016
158     53.02    27.183
159    59.142    26.667
160    48.872    26.008
161    20.871    78.382
162    16.104    67.548
163     14.37    72.827
164     7.617    67.977
165    13.303    77.094
166    13.165    74.031
167     12.71     73.88
168    10.157    74.335
169     12.63    72.289
170    18.656    79.859
171    21.493    69.566
172    12.525    73.892
173    17.291    69.702
174     7.277    70.373
175    14.641    73.141
176     8.507     66.68
177    21.053    68.214
178    13.594    74.829
179    10.525    74.189
180    16.159    69.854
181    17.433    77.759
182    16.485    76.315
183    17.336     85.41
184    17.935     76.69
185    16.941    82.338
186    23.326    76.643
187    17.988    77.589
188    18.009    72.217
189    17.025    78.517
190    17.408    71.337
191    15.942    78.021
192    13.926    77.761
193    15.817    76.713
194    14.947    74.678
195    17.672    82.563
196    15.751    79.376
197    10.977    69.037
198    17.829     76.99
199    14.072    77.847
200    16.704     84.09
