11 Stops, 100 Students, 5 Max_Walking, 50 Capacity, 5 Days 

0       0  0  0  1  1
1       0  1  1  0  1
2       0  0  0  1  1
3       0  1  0  1  1
4       1  1  1  1  1
5       1  0  1  1  1
6       1  1  0  0  0
7       1  1  0  0  1
8       0  1  0  1  1
9       1  1  0  0  0
10       1  1  1  1  1
11       1  1  1  1  1
12       1  1  1  1  1
13       1  1  1  1  1
14       1  1  0  1  1
15       1  1  1  1  1
16       1  0  1  1  1
17       1  1  1  1  1
18       1  1  1  1  1
19       1  1  1  1  1
20       1  1  1  1  0
21       1  0  1  0  0
22       1  1  1  1  1
23       1  1  1  1  1
24       1  1  1  1  1
25       1  1  1  1  1
26       1  1  1  1  1
27       1  1  1  1  1
28       1  1  1  1  1
29       0  0  1  1  0
30       1  1  1  1  1
31       1  1  1  1  1
32       1  1  1  1  1
33       1  1  1  1  0
34       1  1  1  1  1
35       1  0  1  1  1
36       1  1  1  1  1
37       1  1  1  0  0
38       1  1  1  1  1
39       1  0  1  0  0
40       1  1  1  1  1
41       1  1  1  1  1
42       1  1  1  1  1
43       1  1  0  1  0
44       1  0  1  0  0
45       1  1  0  1  1
46       0  1  0  1  1
47       1  0  0  1  1
48       0  1  1  0  0
49       0  1  0  1  0
50       0  1  0  1  0
51       1  0  0  1  0
52       0  1  0  0  1
53       0  1  0  1  0
54       0  1  1  1  1
55       0  1  1  0  1
56       1  1  1  1  1
57       1  0  0  0  1
58       0  1  1  0  1
59       1  1  1  0  1
60       1  1  1  0  1
61       0  0  1  1  1
62       0  1  1  0  1
63       1  1  0  0  0
64       0  1  1  0  0
65       1  0  0  0  1
66       0  1  1  0  0
67       0  1  1  1  0
68       0  1  1  1  0
69       1  0  1  1  0
70       0  1  1  1  0
71       0  1  0  1  1
72       0  1  1  0  1
73       1  0  0  0  1
74       0  1  0  0  1
75       0  0  1  1  0
76       0  0  1  0  1
77       1  1  0  0  1
78       1  0  1  0  0
79       0  1  1  1  0
80       0  1  0  1  0
81       0  1  1  1  0
82       1  1  0  0  1
83       0  0  1  0  1
84       1  1  0  1  0
85       1  0  0  1  0
86       1  0  0  0  1
87       1  0  0  0  1
88       1  1  1  0  1
89       1  0  1  1  0
90       0  1  1  1  1
91       1  1  0  1  1
92       1  0  1  0  1
93       1  1  1  1  0
94       0  0  1  1  0
95       1  0  0  1  1
96       1  0  1  1  1
97       1  1  1  0  1
98       1  0  0  1  1
99       0  0  1  1  0


0             50        50
1          35.86     31.57
2         37.055    43.346
3         81.384    49.886
4         90.006    83.026
5         22.305    15.341
6         64.811    38.103
7         52.798     6.199
8         14.932    30.588
9         31.025    33.202
10         23.232    13.399


1    32.071    30.845
2    34.867    32.053
3    35.578    31.507
4    37.505    27.912
5    36.165    30.155
6    33.549    35.771
7    38.276    29.878
8    36.021    32.298
9    38.835     31.57
10    35.746    32.229
11    34.972    41.555
12    36.243    40.673
13    37.193    43.315
14    37.117     43.16
15    35.379     42.97
16    39.932    42.488
17    36.749    43.622
18    34.802    45.934
19    40.167    46.825
20    36.946    44.724
21     78.58    46.948
22    84.245    49.732
23    77.952    46.659
24    79.307    48.533
25    83.368    50.584
26    80.499    47.425
27    80.177    47.754
28    80.576    50.342
29    82.194    49.417
30    81.408     50.07
31    89.062    81.833
32    90.853    82.804
33    93.856    80.623
34    86.225    83.229
35    90.157    80.793
36    89.598    84.967
37    89.233    85.735
38    94.218    82.079
39    89.783    83.394
40     92.67    83.952
41    19.484    13.871
42    22.917    16.927
43    22.725    17.624
44    21.958    10.523
45    22.645     17.05
46     23.99    16.511
47    20.462    15.495
48    20.425    13.329
49     21.03    18.104
50    22.546    15.195
51      64.6    38.263
52    64.915    37.739
53    65.106     38.95
54    63.774    34.318
55    64.944    37.943
56    67.927      39.4
57    66.361    38.923
58    67.868    38.854
59    63.993     38.94
60     66.08    36.645
61    52.092    10.755
62    53.369     8.445
63    52.633     5.352
64     53.12     6.947
65    52.579     8.426
66     54.91     6.613
67    52.373      6.17
68    48.957     7.489
69    52.369     3.896
70    54.611     4.192
71    17.207    29.987
72    15.091    32.531
73     15.24    30.539
74    15.887    27.487
75    14.901    30.701
76      14.3    27.454
77    17.977      33.3
78    14.933    30.633
79    18.267    28.351
80    16.051    26.202
81     28.23    33.474
82    30.541    32.141
83    28.143    32.598
84    31.421    37.944
85    33.968    34.891
86    33.559     32.15
87    34.331    36.086
88    33.884     35.21
89    30.272    34.992
90    34.512    31.701
91    24.881    16.823
92    22.691     13.86
93    24.727    14.029
94    20.567    10.887
95    20.531    13.142
96     24.01    13.768
97    20.886    10.904
98    23.139    18.268
99    21.028     14.17
100    22.364    16.684
