21 Stops, 100 Students, 5 Max_Walking, 25 Capacity, 5 Days 

0       1  1  1  1  1
1       0  1  1  1  0
2       1  1  1  1  1
3       1  1  1  1  1
4       1  1  1  1  1
5       1  1  1  1  1
6       1  1  1  1  1
7       1  1  1  1  1
8       1  1  1  1  1
9       1  1  1  1  1
10       1  1  1  1  1
11       1  1  1  1  1
12       1  1  1  1  1
13       1  1  1  1  1
14       1  1  1  1  1
15       1  1  1  1  1
16       1  1  1  1  1
17       1  1  1  1  1
18       1  1  0  1  1
19       1  1  1  1  1
20       1  1  1  1  1
21       1  1  1  1  1
22       1  0  1  1  0
23       1  1  1  1  1
24       1  1  1  1  1
25       1  1  1  1  1
26       1  1  1  1  1
27       1  1  1  1  1
28       1  1  1  1  1
29       1  1  1  1  1
30       1  1  1  1  1
31       1  1  1  1  1
32       1  1  1  1  1
33       1  1  1  1  1
34       1  1  1  1  1
35       1  1  1  1  1
36       1  1  1  1  1
37       1  1  1  1  1
38       1  1  1  1  0
39       1  1  1  1  1
40       1  1  1  1  1
41       0  0  1  1  1
42       1  1  0  0  0
43       0  1  1  1  0
44       1  1  1  1  1
45       1  1  1  1  1
46       1  1  1  1  1
47       0  0  0  1  1
48       1  1  1  1  1
49       1  1  1  1  1
50       0  1  0  0  1
51       1  1  1  1  1
52       0  1  0  1  0
53       1  1  1  1  1
54       1  1  1  1  1
55       1  1  1  1  1
56       1  1  1  1  1
57       1  1  1  1  1
58       0  1  1  0  0
59       1  1  1  1  1
60       1  1  1  1  1
61       1  1  1  1  1
62       1  0  1  0  0
63       1  1  1  1  1
64       1  1  0  1  0
65       1  1  1  1  1
66       1  1  1  1  1
67       0  1  1  0  1
68       1  1  0  1  0
69       1  1  1  0  0
70       1  1  1  1  1
71       0  1  1  1  1
72       1  1  0  1  1
73       1  1  1  1  1
74       1  1  0  1  1
75       1  1  1  1  1
76       1  1  1  1  1
77       1  0  1  1  0
78       1  1  1  1  1
79       1  0  1  0  0
80       0  0  1  1  0
81       1  1  1  1  1
82       1  1  1  1  1
83       1  1  1  1  1
84       1  1  1  1  1
85       1  1  1  1  1
86       1  1  1  1  1
87       1  0  0  0  1
88       1  1  1  1  1
89       1  1  1  1  1
90       1  0  1  1  1
91       1  1  1  1  1
92       1  1  1  1  1
93       1  1  1  1  1
94       1  1  1  1  1
95       0  1  0  1  0
96       1  1  1  1  1
97       1  1  1  1  1
98       1  1  1  1  1
99       1  1  1  1  1


0             50        50
1          22.69     9.555
2         64.545    12.691
3         64.252    70.102
4         57.566    89.623
5         42.903    23.018
6         17.384    63.157
7           77.7    24.829
8         47.622    87.979
9         23.157    85.943
10          60.71    43.916
11         30.527    79.319
12         24.816    80.003
13         58.312      63.2
14         92.792      9.43
15         74.899    83.696
16          92.63    92.616
17         62.947    52.327
18         52.928    87.025
19         50.293     69.43
20         35.358     64.71


1    22.965     9.438
2    20.659     9.124
3    21.927     8.692
4    22.221     8.658
5    19.454    11.496
6    65.028    13.396
7    62.853    10.718
8    66.467     9.746
9    61.305    16.056
10    67.605    14.991
11    60.965    69.546
12    64.361    68.357
13    66.091      70.9
14    66.783    68.076
15    67.412    70.253
16     58.03    89.127
17     56.73    93.103
18    58.226     90.32
19    55.204    90.738
20    58.314    88.646
21    45.786    23.979
22    43.821    23.374
23    43.865    21.019
24    42.248    24.256
25    45.343    22.514
26      16.5     67.46
27    18.376    65.349
28    19.404    61.949
29    15.665     66.66
30    16.608    60.739
31    78.671     25.58
32     77.29    24.001
33    79.777    24.511
34    74.846    25.912
35    77.879    25.055
36    52.295    89.587
37     42.96    86.779
38    47.765    88.028
39    48.085    87.561
40    48.779    86.384
41    22.811    85.516
42    22.768    88.703
43    19.128    83.629
44    23.202    83.969
45    21.313     84.43
46    57.515    47.282
47    58.987    43.919
48    61.362    44.804
49     60.65    43.784
50    60.211    47.401
51    30.664    79.236
52    30.142    79.588
53    29.399    81.149
54    28.331    78.067
55    32.749    80.397
56    25.841    80.541
57    26.278     83.39
58    26.113    80.094
59    24.411    80.477
60    23.356    80.004
61     60.05    62.466
62    61.212    62.091
63    58.628    65.498
64    57.792    62.674
65    58.094     63.23
66    94.064     8.557
67    88.472    10.308
68    89.571     9.452
69    93.431     9.953
70    91.357      9.91
71    75.697     80.46
72    74.897    83.693
73    74.961    83.423
74    73.588    83.213
75    75.341    87.979
76    90.296    93.164
77    91.489    93.587
78    94.759     91.42
79    92.314    88.446
80    89.667    96.416
81    59.344    55.695
82    62.341    54.643
83    66.578    50.752
84    64.111    50.755
85    66.571    51.698
86    54.935    87.364
87    51.482    87.082
88    52.108    88.495
89    57.485    86.508
90    53.945    86.517
91    47.716    70.775
92    49.553    68.982
93    50.507     69.71
94    48.194    68.966
95    50.971    69.758
96    34.638    64.936
97    36.598     65.86
98    34.569    64.562
99    30.604    66.133
100    35.361    64.692
