11 Stops, 50 Students, 20 Max_Walking, 50 Capacity, 5 Days 

0       1  1  1  1  1
1       1  1  1  1  1
2       1  1  1  1  1
3       1  1  1  1  1
4       0  0  0  1  1
5       1  1  1  1  1
6       1  1  1  1  1
7       1  1  1  1  1
8       1  1  1  1  1
9       1  1  1  1  1
10       1  0  0  0  1
11       1  1  1  1  1
12       1  1  1  1  1
13       1  1  1  1  1
14       1  1  1  1  1
15       0  1  0  0  1
16       1  1  1  1  1
17       1  1  1  1  1
18       1  1  1  1  1
19       1  1  1  1  1
20       1  1  1  1  1
21       0  0  1  1  0
22       0  0  1  0  1
23       1  0  0  1  0
24       1  1  1  1  1
25       1  1  1  1  1
26       1  1  1  1  1
27       1  1  1  1  1
28       1  1  1  1  1
29       1  1  1  1  1
30       1  1  1  1  1
31       0  1  0  1  0
32       0  1  1  0  0
33       1  1  1  1  1
34       1  1  1  1  1
35       1  1  1  1  1
36       0  1  1  0  1
37       1  1  1  1  1
38       1  1  1  1  1
39       1  1  1  1  1
40       1  1  1  1  1
41       1  1  1  1  1
42       1  1  1  1  1
43       1  0  0  1  1
44       1  1  1  1  1
45       1  1  1  1  1
46       1  1  1  0  0
47       0  0  1  1  1
48       1  1  1  1  1
49       1  1  1  1  1


0             50        50
1         44.697    21.013
2         40.181    42.338
3          38.53    25.699
4         25.735    72.737
5         66.828    60.816
6         64.759    48.713
7         20.246    22.595
8         23.605    59.422
9         59.624    47.497
10         43.229    53.999


1    32.882    10.225
2    40.034      4.88
3    53.968    37.237
4    36.195    27.688
5    26.381     24.08
6    37.435     35.69
7    21.897    38.893
8     50.03    43.863
9    50.757    46.761
10    38.069    42.789
11    44.947    25.735
12    38.197    23.881
13    33.522    30.158
14     41.77     6.021
15    28.191     25.16
16    21.395    73.345
17    29.999    73.643
18    41.167    76.686
19    20.578    76.528
20    30.847        57
21    48.646     52.56
22    63.465    63.494
23    50.607    69.249
24    67.404    60.991
25    63.784    54.883
26    64.883    36.623
27    73.329    30.962
28    66.103    50.402
29    60.866    33.374
30    64.737    52.194
31    10.293    24.251
32    16.944    23.827
33    17.396    20.121
34    25.528    13.175
35    22.507    24.957
36    30.789    73.316
37    29.289    62.229
38    20.073    60.547
39    13.247    65.495
40    11.142    51.039
41    63.572    47.272
42    55.257    44.794
43     65.71    52.401
44    42.984    46.606
45    56.573    44.761
46    25.779     59.54
47    50.841    40.096
48    47.161    55.813
49    53.737    63.125
50    43.642    54.508
