11 Stops, 50 Students, 10 Max_Walking, 25 Capacity, 5 Days 

0       1  1  1  1  1
1       1  1  1  1  1
2       1  0  1  0  1
3       1  1  1  1  1
4       1  1  1  1  1
5       1  1  1  1  1
6       1  1  1  1  1
7       1  1  1  1  1
8       1  1  1  1  1
9       1  1  1  1  1
10       1  1  1  1  1
11       1  1  1  1  1
12       1  1  1  1  1
13       1  1  1  1  1
14       1  1  1  1  1
15       1  1  1  1  1
16       1  1  1  1  1
17       1  1  1  1  1
18       1  1  1  1  1
19       0  0  0  1  1
20       1  1  1  1  1
21       1  1  1  1  1
22       1  1  1  1  1
23       1  1  1  1  1
24       1  1  0  0  0
25       1  1  1  1  1
26       1  1  1  1  1
27       1  1  1  1  1
28       1  1  1  1  1
29       1  1  1  1  1
30       1  1  1  1  1
31       1  1  1  1  1
32       1  1  1  1  1
33       1  0  1  1  1
34       1  1  1  1  1
35       1  1  1  1  1
36       1  1  1  1  1
37       1  1  1  1  1
38       1  1  1  1  1
39       1  1  1  1  1
40       1  1  1  1  1
41       1  1  1  1  1
42       1  1  1  1  1
43       1  1  1  1  1
44       0  1  0  1  1
45       1  1  1  1  1
46       0  0  0  1  1
47       0  0  1  1  0
48       1  1  1  0  0
49       1  1  1  1  1


0             50        50
1         16.269    29.994
2         19.029    45.152
3         64.028    73.432
4         53.192     64.07
5         50.833    55.923
6          36.96    55.916
7         87.487    10.266
8         41.828    56.151
9         65.769    67.857
10         80.834    59.602


1    15.282    30.913
2    17.374    38.125
3     7.779    32.216
4    17.586     25.34
5    16.489    31.171
6    23.736    46.259
7      18.7    45.153
8    13.058    45.692
9    23.621    40.128
10    19.559    39.226
11    64.212    72.866
12    73.527    73.643
13    65.978    71.941
14    61.185    75.176
15    62.379    72.879
16      50.6    62.447
17    54.925    73.401
18    53.986    64.671
19    62.447    62.043
20     53.21    64.128
21     47.53    58.571
22    60.328    55.615
23    50.814    55.961
24    58.789    52.292
25     59.14    55.119
26    34.622    57.246
27    39.869    52.485
28    38.022    55.947
29    28.471    51.789
30    30.892    48.451
31    84.927     14.75
32      86.7     9.362
33    89.665     8.864
34    84.977     8.384
35      92.5     4.041
36    43.879    56.797
37    35.198    54.115
38    42.599    55.042
39    38.979     56.95
40     42.58    55.187
41    71.537    65.889
42    66.844    64.015
43    68.829    67.705
44    64.249    61.835
45     69.99    75.689
46    89.151    55.532
47    81.332    60.438
48    73.893    55.994
49    79.879     57.99
50      81.9    58.917
