11 Stops, 100 Students, 20 Max_Walking, 25 Capacity, 5 Days 

0       1  1  1  1  1
1       1  1  1  1  1
2       1  1  0  1  1
3       1  0  0  1  0
4       0  1  1  1  0
5       1  1  0  0  0
6       1  1  1  0  1
7       1  1  1  1  1
8       0  1  0  0  1
9       1  1  1  1  1
10       1  1  1  1  1
11       1  1  0  1  1
12       1  1  1  0  0
13       1  1  0  1  0
14       1  1  1  1  1
15       0  0  0  1  1
16       0  1  0  1  1
17       1  1  1  1  1
18       0  1  1  0  0
19       0  0  1  1  1
20       0  1  1  0  0
21       1  1  1  1  1
22       1  0  0  1  1
23       1  1  1  1  1
24       1  1  1  1  1
25       1  1  1  1  1
26       1  1  1  1  1
27       1  1  1  1  0
28       1  1  0  1  0
29       0  0  1  0  1
30       0  0  1  0  1
31       1  1  0  0  1
32       0  1  0  1  0
33       1  0  0  1  0
34       1  1  1  1  1
35       1  0  0  1  1
36       1  1  1  1  1
37       1  1  1  1  1
38       1  0  0  0  1
39       0  1  1  0  0
40       1  1  1  1  1
41       0  0  1  0  1
42       1  1  1  1  1
43       1  1  1  1  1
44       0  0  0  1  1
45       1  1  1  1  1
46       1  1  1  1  1
47       1  1  1  1  1
48       1  1  1  1  1
49       1  1  1  1  1
50       1  1  1  1  1
51       0  1  1  1  1
52       1  1  1  1  1
53       0  1  1  0  1
54       1  1  1  1  1
55       1  0  0  1  1
56       1  1  1  1  1
57       0  0  1  1  1
58       1  1  1  1  1
59       1  0  1  1  0
60       0  0  1  1  1
61       0  1  1  1  0
62       1  1  0  0  0
63       1  0  1  0  0
64       0  0  1  1  0
65       1  1  0  1  1
66       1  1  0  1  1
67       0  0  1  0  1
68       1  0  1  1  0
69       0  1  1  0  0
70       1  1  1  1  0
71       0  1  1  0  0
72       1  1  0  1  0
73       1  0  0  0  1
74       1  1  1  1  0
75       1  0  0  1  1
76       1  0  1  1  1
77       0  1  1  0  0
78       0  1  1  1  0
79       0  0  1  1  1
80       0  1  0  1  1
81       1  1  0  1  1
82       1  1  0  0  0
83       1  0  0  0  1
84       1  1  1  1  1
85       1  1  0  0  1
86       0  0  1  0  1
87       0  0  1  1  1
88       1  0  0  1  0
89       1  1  0  0  1
90       1  0  0  0  1
91       0  1  1  1  0
92       1  1  1  0  0
93       1  0  1  0  0
94       0  1  0  0  1
95       1  1  1  1  0
96       1  0  1  0  0
97       1  0  0  0  1
98       1  0  0  1  1
99       1  0  1  0  1


0             50        50
1         49.606    26.275
2          49.82    58.373
3         49.689    42.568
4         29.144    67.938
5         67.219    64.429
6          28.43    64.612
7         24.252    64.291
8         61.313    58.101
9         42.878    75.553
10         43.431    74.887


1     46.32    26.203
2    67.421    34.011
3    44.358    28.375
4    35.992    17.682
5    31.021    20.184
6    64.736    17.701
7    46.683    42.739
8    50.427    30.632
9    49.747    26.811
10    47.253    42.943
11    49.766    58.428
12    48.715     57.27
13    63.335    63.281
14    53.729    55.081
15    56.163    59.539
16    58.767    67.931
17    37.257    61.701
18    53.772    51.297
19     46.95    52.119
20    49.334    60.202
21    57.601    44.578
22    64.942    39.103
23    36.074    33.003
24    49.573    42.682
25    49.814    42.835
26     54.47    40.426
27    55.417    53.906
28    58.632    26.443
29    49.939    42.116
30    55.639    40.815
31    27.893    67.812
32    33.406    58.977
33    25.611    66.591
34     31.88    63.585
35    16.379    77.634
36    36.145    76.242
37    29.313    79.769
38    29.923    76.747
39    27.339    78.927
40    48.411    71.475
41    60.338    74.544
42    69.201    62.021
43    58.721    62.589
44    65.831    63.741
45    68.346    64.038
46    67.249     79.27
47    72.402    48.076
48    62.602    65.623
49     70.08    68.292
50    68.155    67.593
51    19.662    80.548
52    39.131    76.982
53    32.131    62.816
54    24.571    63.815
55    24.553    59.651
56    32.652    48.481
57    36.117    57.245
58    39.631    72.765
59    31.559    73.182
60    32.461    69.302
61    34.639    48.077
62    30.286    55.615
63     25.81    56.623
64    17.232    72.416
65    39.173    59.014
66    24.199    64.836
67    38.802    62.578
68    32.579     70.93
69    12.986    72.604
70     18.39    83.137
71    69.711    44.628
72    56.823    39.212
73    58.056    60.989
74    69.022    68.009
75    67.515    64.443
76     47.71    52.519
77    59.418    54.309
78    67.408     52.38
79    57.683    65.272
80    51.925    54.886
81    56.017     64.45
82     43.92    76.627
83    32.483    74.779
84    42.237    71.891
85    49.278    59.736
86     61.34    77.117
87    44.007      93.1
88     47.98    77.653
89    27.469    71.411
90    41.658    74.245
91     43.92    83.392
92    52.619    59.871
93    44.557    62.664
94    35.782    80.116
95    53.238    66.472
96     44.21    58.536
97    36.922    67.845
98    42.947    75.373
99    43.442     55.06
100    30.451     83.72
