11 Stops, 200 Students, 40 Max_Walking, 50 Capacity, 5 Days 

0       1  1  1  1  1
1       1  1  1  1  1
2       1  1  1  1  1
3       1  0  0  1  1
4       1  1  1  1  1
5       1  0  0  0  1
6       1  1  1  1  1
7       1  1  1  1  1
8       1  1  1  1  1
9       1  1  1  1  1
10       1  1  1  1  1
11       1  1  1  1  1
12       1  1  1  1  1
13       1  1  1  1  1
14       0  1  1  0  1
15       1  1  1  1  1
16       1  1  1  1  1
17       1  1  1  1  1
18       1  1  1  1  1
19       1  1  1  1  1
20       1  0  1  0  0
21       1  1  1  1  1
22       1  1  1  1  1
23       1  1  1  1  1
24       0  0  1  1  0
25       1  1  1  1  1
26       1  1  1  1  1
27       1  1  1  1  1
28       1  1  1  1  1
29       1  1  1  1  0
30       1  1  1  1  1
31       1  1  1  1  1
32       1  1  1  1  1
33       1  1  1  1  1
34       1  1  1  1  1
35       1  1  1  1  1
36       1  1  1  1  1
37       1  1  1  1  1
38       0  0  1  0  1
39       1  1  1  1  1
40       1  1  1  1  1
41       1  1  1  1  1
42       1  1  1  1  1
43       0  1  1  0  1
44       1  1  1  1  1
45       1  1  1  1  1
46       1  1  1  1  1
47       1  1  1  1  1
48       1  1  1  1  1
49       0  1  1  1  0
50       0  1  0  0  1
51       1  1  1  1  1
52       1  1  1  1  1
53       1  1  1  1  1
54       1  1  1  1  1
55       1  1  1  1  1
56       1  1  1  1  1
57       1  1  1  1  1
58       0  1  1  1  0
59       1  1  1  1  1
60       1  1  1  1  1
61       1  1  1  1  1
62       1  1  1  1  1
63       0  1  1  1  0
64       1  1  1  1  1
65       1  1  1  1  1
66       1  1  1  1  1
67       1  1  1  1  1
68       1  1  1  1  1
69       1  1  1  1  1
70       1  1  0  0  1
71       1  1  1  1  1
72       1  1  1  1  1
73       1  0  1  0  0
74       1  1  0  1  1
75       1  1  1  1  1
76       1  1  0  0  0
77       1  1  1  1  1
78       1  1  1  1  1
79       1  1  1  1  1
80       1  1  1  1  1
81       1  1  1  1  1
82       1  1  1  1  1
83       0  0  0  1  1
84       1  1  1  1  1
85       1  1  1  1  1
86       1  1  1  1  1
87       1  1  1  1  1
88       1  1  1  1  1
89       1  1  1  1  1
90       1  1  1  0  1
91       1  1  1  1  1
92       0  1  0  0  1
93       1  1  1  1  1
94       1  1  1  1  1
95       1  1  1  1  1
96       1  1  1  1  1
97       1  1  1  1  1
98       1  1  1  1  1
99       1  1  1  0  1
100       1  1  1  1  1
101       1  1  1  1  1
102       1  1  1  1  1
103       1  1  1  1  1
104       1  1  0  0  0
105       1  1  1  1  1
106       1  1  1  1  1
107       0  1  1  1  1
108       1  1  1  1  1
109       0  0  1  1  0
110       1  1  1  1  1
111       1  1  1  1  1
112       0  0  1  1  1
113       1  1  1  1  0
114       1  1  0  0  1
115       1  1  1  1  1
116       1  0  1  1  0
117       0  0  0  1  1
118       1  1  1  1  1
119       1  0  1  1  0
120       1  1  1  1  1
121       1  1  1  1  1
122       1  1  1  1  1
123       1  1  1  1  1
124       1  1  1  1  1
125       1  1  1  1  1
126       0  1  1  0  1
127       1  1  1  1  1
128       0  1  0  1  0
129       0  0  1  0  1
130       1  1  1  1  1
131       1  1  1  1  1
132       0  0  1  0  1
133       1  1  1  1  1
134       1  1  1  1  1
135       1  1  1  1  1
136       1  1  1  1  1
137       1  1  1  1  1
138       1  1  1  1  1
139       1  1  1  1  1
140       1  1  1  1  1
141       1  1  1  1  1
142       1  1  1  1  1
143       0  1  0  0  1
144       1  1  1  1  1
145       1  1  1  1  1
146       1  1  1  0  0
147       1  1  1  1  1
148       0  1  0  1  0
149       1  1  1  1  1
150       1  1  1  1  1
151       1  1  1  1  1
152       1  1  1  1  1
153       1  0  0  1  1
154       1  1  1  1  1
155       1  1  1  1  1
156       1  1  1  1  1
157       1  1  1  1  1
158       0  1  1  1  1
159       1  1  1  1  1
160       1  1  1  1  1
161       1  1  1  1  1
162       1  1  1  1  1
163       1  0  1  0  0
164       1  0  1  1  1
165       1  1  0  1  1
166       1  1  1  1  1
167       1  1  1  1  1
168       1  1  1  1  1
169       1  1  1  1  1
170       1  1  1  1  1
171       1  1  1  1  1
172       1  1  1  1  1
173       1  0  1  0  0
174       0  0  0  1  1
175       1  0  0  0  1
176       1  1  1  1  1
177       0  1  1  0  1
178       1  1  1  1  1
179       1  1  1  1  1
180       1  1  1  1  1
181       1  1  1  1  1
182       1  1  1  1  1
183       1  1  1  1  0
184       1  1  1  1  1
185       1  1  1  1  1
186       1  1  1  1  1
187       1  1  1  1  1
188       1  1  1  1  1
189       1  1  1  1  1
190       1  1  1  1  1
191       1  1  1  1  1
192       1  1  1  1  1
193       1  1  1  1  1
194       1  1  1  1  1
195       0  1  0  1  0
196       1  1  1  1  1
197       1  0  0  1  0
198       1  1  1  1  1
199       1  1  0  1  1


0             50        50
1         56.869     51.86
2         58.692    48.088
3         41.716    56.231
4          48.46    48.435
5         57.751    43.839
6         57.357    53.292
7         50.722    54.357
8         42.404    51.533
9         56.995     44.95
10         58.394    54.529


1    63.971    77.316
2    26.854    72.141
3    59.141    62.685
4    68.219    53.657
5    45.675    49.971
6    51.712    50.802
7    56.014    91.121
8    84.668    56.736
9    53.232    54.669
10    67.015    55.861
11    42.778    40.539
12    17.765    47.974
13    63.934     62.37
14    70.845    37.822
15    73.605    22.703
16    86.835    25.836
17    55.504     87.16
18    72.661    27.656
19    77.375     30.01
20    57.703     51.43
21    64.902    14.383
22    53.671    47.959
23    24.268     39.61
24    49.868    32.871
25    59.337    46.974
26     74.13    56.817
27    41.231    37.647
28     65.09    16.596
29    57.433    71.364
30    37.728    48.755
31    59.564    36.474
32    47.639    28.684
33    42.597    75.196
34    70.052    44.763
35    44.302     41.91
36    41.345    41.342
37    62.487    83.984
38    75.361    51.517
39    39.918     69.14
40    20.144    54.033
41     3.768    53.357
42    51.422    44.014
43    51.986    53.782
44    64.992    54.974
45     9.324    77.096
46    37.261    55.678
47    59.191    28.278
48    34.269    27.276
49     9.045    72.262
50    41.387    91.473
51     43.16    57.636
52    36.925    45.477
53    32.604    42.832
54     3.478    63.309
55    50.943     67.55
56    13.885    61.121
57    47.774     95.26
58    49.513    51.279
59     8.506    46.476
60    52.872    52.755
61    24.446     37.29
62    14.016    29.281
63    44.244    38.289
64    38.114    30.849
65    46.706     48.11
66    56.712    57.444
67    44.698    46.585
68     19.01    41.416
69    44.129    46.917
70    36.971     64.21
71    55.749    30.717
72    19.592    71.714
73    61.081    62.647
74    61.259    49.252
75    53.474    18.185
76    29.013    60.415
77    49.793    15.378
78    53.157    40.398
79    43.041    57.581
80    51.673     49.02
81    34.412    52.244
82    46.392    10.899
83    41.546    68.203
84     33.34    52.722
85    78.802    43.063
86    51.821    21.427
87     56.27    10.048
88    57.975    23.905
89    32.737    73.576
90    59.173      42.8
91    47.483    32.132
92    55.841    44.855
93    23.197    34.573
94    59.506     64.23
95    63.766    49.532
96    63.895    11.246
97    75.762    50.537
98     84.32    16.791
99     84.27    62.946
100    79.989    20.382
101    59.617    58.191
102    87.874    40.655
103    71.077     29.09
104    68.541     73.65
105    48.639      56.9
106    26.558    67.724
107    86.204    73.419
108    52.586    54.609
109    71.221    85.844
110    60.989    61.396
111    40.009    37.981
112    64.723     66.88
113    47.028    73.418
114    33.976    64.481
115    56.461    51.944
116    19.315    55.112
117    34.594    31.627
118    79.265     44.78
119     94.71     57.86
120    56.379    47.134
121    47.724    16.425
122    41.844    59.806
123    78.352    76.244
124    12.118    60.097
125    50.883    32.487
126    66.509    57.839
127    52.088     50.83
128    64.793    44.668
129    33.313    65.143
130    67.701     28.97
131    48.755    47.765
132    46.199     49.21
133    26.051    52.259
134    65.787    54.485
135    30.193    63.045
136     77.37    61.038
137    42.783    55.395
138     80.12      32.9
139    23.245    44.664
140    52.343    44.133
141     39.37    46.493
142    49.178    49.794
143     7.605     39.13
144    44.482    33.139
145     42.27    51.966
146     45.73    22.841
147    60.866    29.532
148    31.978    70.094
149    49.039    38.312
150     65.58    61.387
151    32.037    65.722
152    17.583    47.663
153    46.547    57.256
154    42.777    22.848
155    42.941    48.969
156    52.084    72.963
157    54.059     53.24
158    49.433    54.332
159    51.713    38.502
160    54.439    81.573
161    32.499    63.251
162    62.163    47.208
163     36.18    16.529
164    55.108    18.457
165    33.339    34.978
166    41.455    60.416
167    56.706    45.386
168    34.344    29.277
169    32.273     37.35
170    52.483    53.497
171    53.178    51.852
172    42.948    61.294
173    49.684    27.014
174    59.587    35.594
175    33.049    20.637
176    26.078    32.336
177    67.247    68.094
178    59.582    40.795
179    56.128    53.123
180    58.755    40.502
181     58.01    55.004
182    77.093    23.332
183    78.869    50.149
184    51.437    81.455
185    60.917    53.396
186     47.97    78.888
187    88.821    50.287
188    78.086    63.102
189    77.564    43.079
190    66.607    54.554
191    47.437    40.104
192    48.854    19.316
193    48.431    53.775
194    36.916    86.928
195    75.747    77.304
196    55.962    61.123
197    56.174    26.752
198    40.075    71.395
199     57.11     55.02
200    60.516    56.047
