11 Stops, 100 Students, 20 Max_Walking, 50 Capacity, 5 Days 

0       1  1  1  1  1
1       1  1  0  0  0
2       0  1  1  0  0
3       1  0  1  1  1
4       1  1  1  0  1
5       1  0  1  0  1
6       0  0  1  1  1
7       0  0  0  1  1
8       1  1  1  0  1
9       1  0  1  0  0
10       1  0  1  1  0
11       1  0  0  1  1
12       1  1  0  0  1
13       0  1  1  0  1
14       1  0  1  0  1
15       0  1  1  0  0
16       0  1  1  0  0
17       1  0  1  1  1
18       1  1  0  1  1
19       1  1  0  0  1
20       0  0  0  1  1
21       1  0  0  1  0
22       0  0  0  1  1
23       1  0  0  1  1
24       0  1  1  1  0
25       0  1  1  0  0
26       1  1  1  1  0
27       0  1  1  1  1
28       0  1  1  0  0
29       0  1  0  1  1
30       0  0  1  1  0
31       1  1  1  0  0
32       1  1  0  1  0
33       1  1  0  0  0
34       1  1  1  1  0
35       1  1  0  1  0
36       0  0  1  1  0
37       0  0  0  1  1
38       0  1  0  1  0
39       0  0  1  1  1
40       0  1  1  1  1
41       0  0  0  1  1
42       1  1  1  0  1
43       1  0  0  0  1
44       1  1  0  0  0
45       0  1  1  1  0
46       1  0  1  1  0
47       1  1  0  1  1
48       0  1  0  1  1
49       0  1  0  1  1
50       1  0  1  0  1
51       1  0  0  1  0
52       0  0  0  1  1
53       1  1  0  0  1
54       1  0  1  1  0
55       0  0  1  0  1
56       1  1  1  1  1
57       1  0  0  1  0
58       1  1  1  0  1
59       1  0  0  1  0
60       0  1  0  1  1
61       1  0  1  0  0
62       0  0  1  1  1
63       1  1  1  1  0
64       0  1  1  0  0
65       1  1  1  1  0
66       0  0  1  1  0
67       0  0  1  1  0
68       1  0  1  1  0
69       1  1  1  0  1
70       1  0  0  1  1
71       1  1  0  0  0
72       1  1  1  0  1
73       0  1  1  1  1
74       1  1  0  0  0
75       1  1  1  1  0
76       1  1  0  1  1
77       1  1  1  0  1
78       1  0  1  0  1
79       0  1  1  0  0
80       1  1  1  0  1
81       1  0  1  0  0
82       1  0  1  0  0
83       1  0  0  0  1
84       1  1  0  1  0
85       1  0  1  1  0
86       1  1  1  1  1
87       0  0  1  1  1
88       1  0  0  1  1
89       0  1  0  1  0
90       1  1  0  1  0
91       1  0  0  1  1
92       1  1  0  0  1
93       1  1  1  1  1
94       0  1  0  1  1
95       0  1  0  1  0
96       1  1  0  1  0
97       1  0  0  1  0
98       1  1  1  1  0
99       0  0  0  1  1


0             50        50
1         34.206    56.029
2         26.741     73.64
3          49.03    54.252
4         73.855    41.579
5          41.32    79.358
6         65.942    63.577
7         23.794    77.427
8         65.177    61.605
9         47.498    65.614
10         73.458    25.691


1    36.285    55.316
2    33.914    55.967
3    29.781     52.54
4    43.759    41.636
5    34.694    56.875
6    44.341    67.783
7    19.983    65.679
8    27.151    71.891
9    29.735    54.783
10    22.472    62.425
11    24.265    67.031
12    21.806    54.481
13    26.739    73.603
14    36.625    60.131
15     26.42    73.297
16    22.807     91.52
17     7.284    72.443
18    28.438     76.89
19     38.36     89.19
20    39.087     69.18
21     51.38    56.886
22    48.886     52.66
23     53.92    42.313
24    54.315     43.37
25    45.001    55.467
26    57.877    67.557
27    48.445    54.877
28    39.048    48.066
29    48.182     73.78
30    42.953    60.395
31    68.084    41.058
32    73.932     41.61
33    58.909    42.206
34    69.137    37.718
35    73.121    40.825
36    77.087    57.697
37    78.037    52.047
38    70.101    55.196
39    58.847    35.456
40    75.023    40.366
41    58.416    86.717
42    51.627    75.576
43    44.405    80.267
44    53.299    92.938
45    48.637     80.63
46    29.437    83.155
47    32.652    64.621
48    42.093    76.425
49    25.545    85.401
50    41.272    79.376
51    58.825    45.297
52    74.433    64.448
53    71.121    61.761
54    63.466    56.421
55    63.662     63.72
56    66.249     63.64
57    62.681     79.92
58    55.114    55.654
59    57.592    49.194
60    60.391    71.728
61    28.815    71.861
62    27.806    63.402
63    17.895    77.648
64    19.638     80.77
65    34.423    91.197
66    16.544    95.593
67    36.183    72.778
68    14.722    70.366
69     21.65    58.733
70      8.01    72.772
71     64.04    62.275
72    62.794    69.287
73    82.946    67.328
74    58.552    70.781
75    60.897    55.675
76    64.117    59.772
77    76.493    47.498
78    63.579    60.357
79    57.331    68.111
80    59.444    63.914
81    32.657    70.313
82    47.974    65.596
83    55.251    70.709
84    50.176    56.625
85     48.06    58.815
86    43.487    84.092
87    41.554    72.157
88    51.713    72.601
89    39.655    65.203
90    46.767    67.018
91    93.285    23.717
92    74.954    25.414
93    67.718    22.097
94    81.741    24.566
95    62.381    17.058
96    69.753    26.313
97    80.724    35.578
98    72.791    21.458
99    86.272    33.741
100     75.55    37.223
