11 Stops, 200 Students, 20 Max_Walking, 50 Capacity, 5 Days 

0       1  1  1  1  1
1       0  1  1  0  0
2       0  1  1  1  1
3       1  1  1  1  1
4       1  1  0  1  1
5       1  0  1  0  1
6       1  1  1  1  1
7       1  1  0  0  1
8       1  1  1  1  1
9       1  1  1  1  1
10       1  1  1  1  1
11       1  1  1  1  1
12       1  1  1  1  1
13       0  0  1  0  1
14       1  1  1  0  0
15       1  1  1  1  1
16       0  1  1  0  1
17       1  1  1  1  1
18       0  0  1  1  0
19       1  1  1  1  1
20       1  0  1  1  0
21       1  1  1  1  1
22       1  1  1  1  1
23       1  0  1  1  1
24       1  1  0  1  1
25       0  1  1  0  1
26       1  1  1  1  1
27       1  1  1  1  1
28       0  1  1  1  0
29       0  1  1  0  1
30       1  1  1  1  1
31       0  1  0  0  1
32       1  1  1  1  1
33       1  1  1  1  1
34       0  1  1  1  0
35       0  1  0  1  0
36       1  1  1  0  0
37       1  1  1  1  1
38       1  1  1  1  1
39       1  1  1  1  1
40       0  1  1  0  0
41       1  1  1  1  1
42       1  0  1  0  0
43       1  1  0  0  0
44       1  1  0  1  0
45       1  1  1  1  1
46       1  0  1  0  0
47       1  1  0  0  0
48       1  1  1  1  1
49       1  1  1  1  1
50       1  1  1  1  1
51       0  0  1  1  1
52       1  0  0  1  1
53       0  1  1  0  0
54       0  1  0  0  1
55       1  1  1  1  1
56       1  1  1  1  1
57       0  1  1  0  1
58       0  0  1  0  1
59       1  1  1  1  1
60       0  1  1  1  0
61       1  1  1  1  0
62       1  0  1  1  1
63       1  1  1  1  1
64       1  1  1  1  1
65       1  1  1  1  1
66       1  1  0  0  1
67       1  1  0  0  1
68       0  1  0  1  0
69       1  1  1  1  1
70       1  1  1  1  1
71       0  1  1  1  0
72       1  1  1  1  1
73       1  1  0  1  1
74       1  1  1  0  0
75       0  1  0  0  1
76       1  1  0  0  1
77       1  0  1  0  0
78       1  1  1  1  1
79       1  1  1  1  1
80       1  1  1  1  1
81       1  1  1  1  1
82       1  0  1  1  0
83       0  1  1  0  1
84       1  1  1  1  1
85       1  1  1  1  1
86       1  1  1  1  1
87       1  1  1  1  1
88       0  0  1  1  0
89       1  1  0  1  1
90       1  1  1  0  1
91       1  0  1  1  0
92       0  0  1  1  0
93       1  1  1  1  1
94       0  0  1  0  1
95       1  1  1  1  1
96       1  1  1  1  1
97       1  0  0  1  0
98       1  1  1  1  1
99       0  1  1  1  1
100       0  1  0  1  0
101       0  1  1  1  0
102       1  1  1  1  1
103       1  1  1  1  1
104       0  0  1  1  0
105       1  0  1  0  1
106       1  0  0  1  0
107       1  1  1  1  1
108       1  1  1  1  1
109       1  1  1  1  1
110       1  0  1  1  1
111       1  1  1  1  1
112       0  1  1  0  1
113       1  1  1  0  0
114       0  1  0  1  0
115       0  1  0  1  1
116       1  1  0  0  1
117       1  1  1  0  0
118       0  1  1  1  1
119       1  1  1  0  1
120       0  1  1  1  1
121       0  1  0  1  0
122       1  1  0  1  0
123       0  1  1  1  0
124       1  0  1  0  1
125       1  0  0  1  0
126       0  0  0  1  1
127       1  0  1  1  0
128       1  0  1  0  0
129       1  1  1  1  1
130       0  0  0  1  1
131       0  0  1  0  1
132       0  1  1  1  1
133       0  0  1  0  1
134       0  1  1  1  1
135       0  1  0  0  1
136       1  1  0  1  0
137       0  0  0  1  1
138       1  0  1  1  1
139       1  0  1  1  1
140       0  1  1  0  1
141       1  1  1  1  0
142       1  1  1  0  0
143       1  1  0  0  1
144       0  0  1  1  1
145       1  0  0  1  1
146       0  1  1  1  1
147       1  1  0  0  1
148       1  1  0  0  1
149       1  0  1  1  1
150       1  1  0  1  0
151       1  1  1  1  0
152       0  1  1  1  0
153       1  0  0  1  1
154       1  0  1  1  1
155       0  0  1  1  1
156       1  0  0  0  1
157       0  1  1  0  1
158       1  1  0  1  0
159       1  1  0  1  0
160       0  1  1  1  0
161       0  1  1  1  0
162       1  0  0  1  1
163       1  1  1  0  0
164       0  0  1  1  0
165       0  1  0  1  1
166       0  1  0  1  0
167       1  1  0  1  1
168       1  1  0  1  1
169       0  0  1  0  1
170       1  0  0  1  1
171       1  1  1  1  1
172       1  0  1  1  1
173       1  1  0  0  1
174       0  1  1  1  0
175       1  0  0  1  0
176       1  1  0  0  1
177       1  0  1  0  0
178       0  1  1  1  0
179       0  1  1  1  1
180       0  1  0  0  1
181       0  1  1  0  1
182       1  0  0  0  1
183       0  0  1  0  1
184       1  0  0  1  0
185       0  1  0  0  1
186       1  1  1  1  1
187       1  1  1  1  0
188       0  0  1  1  1
189       0  1  0  1  0
190       1  1  1  1  0
191       1  0  1  0  1
192       0  0  1  1  1
193       1  0  1  0  0
194       1  0  1  0  1
195       1  1  1  1  1
196       1  0  1  0  1
197       0  0  1  1  0
198       0  1  0  1  0
199       0  1  1  0  0


0             50        50
1         70.207    29.395
2         64.399    64.791
3         49.415     27.08
4         55.721    50.336
5         77.949    67.136
6         44.764    40.173
7         55.429    21.091
8         79.168    53.151
9         54.833    24.031
10         74.151    23.539


1    77.305    36.813
2    88.026    36.507
3    78.235    45.405
4     68.85    20.295
5    87.917    23.845
6    61.985    41.501
7    82.828    42.119
8     56.62    38.041
9    64.937    33.329
10    67.227    23.048
11    61.897    28.851
12    77.909    22.877
13    57.839    32.153
14    80.606    36.768
15    72.066     47.64
16    66.193    41.473
17    80.871    39.746
18    64.999    26.881
19    51.395     31.04
20    70.544    30.077
21    72.528    65.368
22    69.365    56.671
23    64.165    64.431
24    54.633    64.616
25    72.969    69.091
26    77.486     72.55
27    55.707    61.706
28    66.286    79.547
29     63.82    59.817
30    64.979    59.787
31    69.082    67.403
32    74.225    52.405
33     65.75    48.027
34    73.782    58.091
35    66.303    63.824
36    58.959    65.547
37    54.384    79.707
38    57.147    60.729
39    67.112    57.579
40    47.535    63.804
41     42.61    28.792
42     37.16    23.669
43     56.51    33.739
44    57.995    37.025
45    65.249    17.389
46     51.05    21.587
47    48.215    26.922
48    47.156    28.501
49    38.277    21.393
50    39.606     31.02
51    41.729    44.827
52     40.16    20.343
53    50.567    41.281
54    54.549    26.345
55    43.511    34.537
56    49.267    26.797
57     60.98    26.839
58    49.171    27.525
59    57.151    18.647
60    44.567    14.081
61    53.075    56.094
62     51.21    56.023
63    45.461    53.514
64    62.667      37.1
65    55.409    45.716
66    41.956    36.386
67    42.284    46.609
68    47.889    37.307
69    47.964    65.493
70    57.924    56.512
71    59.772    52.287
72    48.782    61.405
73    57.993    48.012
74    53.748    41.526
75    55.902    31.038
76    68.577    55.857
77    51.121    43.096
78     57.62    53.139
79    71.783    42.851
80    61.698    47.324
81    71.653    69.107
82    68.981    59.146
83    63.636    69.497
84    78.599     80.96
85    82.545    59.408
86    67.584    70.989
87    81.182     68.56
88    76.885    61.528
89    73.068    68.503
90    94.584    74.519
91    71.615    69.737
92    62.216    70.818
93    75.392    68.674
94     77.91    67.348
95    90.008    62.977
96    83.575    80.982
97    71.277    64.495
98    82.815    61.877
99     72.86    60.832
100    85.634    81.121
101    35.576    49.358
102    40.341    27.461
103     25.55    35.802
104    43.284      37.2
105    60.114    28.716
106     43.07    40.477
107     60.55    46.691
108    52.229    43.048
109    35.502    48.988
110    44.511    40.023
111    43.161    41.376
112    50.007    33.942
113    56.491    34.445
114    44.175    56.853
115    35.716    48.744
116    36.846    31.389
117    43.538    34.173
118    38.683    36.009
119    45.456    51.917
120    50.826    41.915
121    66.474    29.489
122    50.155    27.232
123    50.231     25.26
124    70.852    14.722
125    59.108    19.129
126    50.985    16.237
127    46.983    20.383
128    52.851    16.131
129    55.359    27.017
130    60.208    14.497
131    48.948    14.377
132    44.156    18.027
133    56.259    10.673
134    59.003    34.399
135    54.798    20.713
136    59.791    21.187
137    63.634    18.098
138    67.128    36.368
139    56.181    23.066
140    62.607    38.247
141    79.256    52.727
142    91.791    67.442
143    85.784    63.243
144    86.656    66.101
145    61.088    54.468
146    84.274    43.862
147    69.305    58.022
148    84.067    34.433
149     73.64    56.365
150    81.477    54.737
151    79.527    60.918
152    79.197    53.851
153    65.552     42.66
154    90.661    68.674
155    70.907    67.559
156    81.085    55.631
157     75.43      58.3
158    78.711    52.521
159    79.622    49.202
160    73.422    67.536
161    57.136      8.71
162    63.946    12.967
163    60.835    26.331
164    59.107      5.63
165    42.012    26.861
166    54.788     36.63
167    56.356    27.227
168    51.405    24.828
169    66.783    27.981
170    56.171    16.491
171    63.876    37.164
172    45.445    24.999
173    48.849    36.028
174    54.439    26.381
175    59.745    26.056
176    57.406    27.214
177    69.618     28.41
178    55.188    25.001
179    40.513    37.928
180     58.66    39.234
181    73.706    25.211
182    61.079    23.809
183    63.831    21.381
184    68.684    12.232
185    72.166    24.293
186    81.729      7.71
187    83.156    23.742
188     67.24      25.2
189     73.29      24.9
190    74.219    24.584
191    90.627    26.886
192    77.607     5.634
193    73.484    23.771
194    74.371    21.423
195    82.603     21.55
196    58.296    23.994
197    67.554    33.569
198    72.208    35.951
199    82.668    20.182
200    69.201    24.958
