11 Stops, 50 Students, 40 Max_Walking, 25 Capacity, 5 Days 

0       1  0  0  0  1
1       0  1  0  1  1
2       1  0  0  1  1
3       1  1  0  1  0
4       1  1  1  1  1
5       1  1  0  1  1
6       1  1  1  1  1
7       1  1  1  1  1
8       1  1  1  1  1
9       1  0  0  1  0
10       1  1  1  1  1
11       1  0  0  1  0
12       0  0  1  1  0
13       1  0  1  1  1
14       1  1  1  1  1
15       1  1  0  0  0
16       1  1  1  1  1
17       0  0  1  1  1
18       1  1  1  1  1
19       1  1  1  1  1
20       0  0  1  1  0
21       1  1  1  1  1
22       0  1  1  1  0
23       1  1  1  1  1
24       1  0  1  0  1
25       0  0  1  1  0
26       1  1  1  1  1
27       0  1  1  1  0
28       1  1  1  1  0
29       1  1  1  1  1
30       1  1  1  1  1
31       0  0  1  0  1
32       1  1  1  0  1
33       0  0  1  0  1
34       1  0  0  1  1
35       0  1  1  0  0
36       1  0  0  1  1
37       0  1  1  1  1
38       1  0  1  1  0
39       0  0  1  1  0
40       0  1  1  0  0
41       0  1  1  0  0
42       0  1  1  0  0
43       0  1  0  1  0
44       0  0  1  1  1
45       1  1  0  0  1
46       1  1  0  1  1
47       0  0  0  1  1
48       1  1  1  1  0
49       1  1  0  1  1


0             50        50
1         48.311    49.325
2         48.393    53.839
3         52.787    58.378
4         56.105    46.006
5         55.587        52
6         56.761    52.413
7         54.394    59.621
8           48.1    40.602
9         43.692    54.666
10         52.269     46.39


1    47.576    48.906
2    43.544    36.889
3    52.063      55.2
4    26.828    49.247
5    34.356    69.003
6    53.753    50.784
7    44.367    53.011
8    23.085    59.477
9    46.829    53.084
10    23.053     56.46
11    73.932    89.353
12    50.816    58.738
13     42.01    58.091
14    78.338    63.385
15    59.446    79.104
16    89.247    58.877
17      81.3    62.116
18    77.039    14.238
19    50.853    35.545
20    60.086      59.9
21    65.064    40.027
22    24.998    71.149
23    88.531    48.671
24    65.993    35.574
25    51.431    53.275
26    22.832    45.334
27    48.501    48.459
28     59.99    49.866
29    60.581    53.449
30    49.345    89.033
31    32.529     74.11
32    48.869    58.989
33    51.285    64.477
34    68.442     57.58
35    42.052    77.979
36    77.345    51.841
37    70.766     27.91
38    53.454    56.451
39    38.255    19.933
40    36.226    32.898
41    60.327    87.645
42    50.917     71.42
43    29.038    62.175
44    32.071    90.014
45    39.615    59.003
46    64.804     41.09
47    60.948    32.543
48    81.498    51.449
49    44.902    58.192
50    64.218    46.559
