11 Stops, 100 Students, 10 Max_Walking, 50 Capacity, 5 Days 

0       1  1  1  1  1
1       1  1  1  1  1
2       1  1  1  1  1
3       1  1  1  1  1
4       1  1  1  1  1
5       1  1  1  1  1
6       1  1  1  1  1
7       1  1  1  1  1
8       1  1  1  1  1
9       1  1  1  1  1
10       0  1  1  1  1
11       1  1  1  1  1
12       1  1  1  1  1
13       1  1  1  1  1
14       1  1  1  1  1
15       1  1  1  1  1
16       0  1  0  0  1
17       1  1  1  1  1
18       1  1  1  1  1
19       1  1  1  1  1
20       1  0  1  1  0
21       1  1  1  1  1
22       1  1  1  1  1
23       1  1  1  1  1
24       1  1  1  1  1
25       1  1  1  1  1
26       1  1  1  1  1
27       1  1  1  1  1
28       1  1  1  0  1
29       1  1  1  1  1
30       1  1  1  1  1
31       1  1  1  1  1
32       1  1  1  1  1
33       1  1  1  1  1
34       1  1  1  1  1
35       0  0  1  1  1
36       1  1  1  1  1
37       1  1  1  1  1
38       1  1  1  1  1
39       1  1  1  1  1
40       1  1  1  1  1
41       1  1  1  1  1
42       1  1  1  1  1
43       1  1  1  1  1
44       1  1  1  1  1
45       1  1  1  1  1
46       1  1  1  1  1
47       1  1  1  1  1
48       0  1  1  1  1
49       1  1  1  1  0
50       1  1  1  1  1
51       1  1  1  1  1
52       0  1  1  0  0
53       0  1  0  1  1
54       1  1  1  1  1
55       1  1  1  1  1
56       1  0  1  0  0
57       0  1  1  1  1
58       1  1  0  1  0
59       1  1  1  1  1
60       1  1  1  1  1
61       0  0  0  1  1
62       1  1  1  1  1
63       1  1  1  1  1
64       1  1  1  1  1
65       1  1  1  1  1
66       0  1  0  0  1
67       0  1  0  0  1
68       1  1  1  1  1
69       1  1  1  1  1
70       1  1  1  1  1
71       1  1  1  1  1
72       1  1  1  1  1
73       1  1  1  1  1
74       1  1  1  1  1
75       1  1  1  1  1
76       1  1  1  1  1
77       1  1  1  0  0
78       1  1  1  1  1
79       1  1  1  1  1
80       1  1  1  1  1
81       1  1  1  1  1
82       1  1  0  1  1
83       0  0  1  1  1
84       1  1  1  1  1
85       1  1  1  1  1
86       1  1  1  1  1
87       0  1  1  1  1
88       1  0  0  0  1
89       1  1  1  1  1
90       1  1  1  1  1
91       0  1  1  0  1
92       1  1  1  1  1
93       1  1  1  1  1
94       0  0  1  1  0
95       1  1  1  0  1
96       1  1  1  1  1
97       1  1  1  1  0
98       1  1  1  1  1
99       1  0  0  1  0


0             50        50
1         26.682    32.662
2         42.352    17.093
3         28.952    49.332
4         83.251    21.004
5         22.774    35.935
6         12.196    31.343
7         86.646    51.726
8         14.218     19.87
9         70.413    89.057
10         74.612    77.596


1    31.462    30.197
2    19.951    34.834
3    29.724     33.24
4    24.371    36.656
5    26.153    32.825
6     17.03    34.619
7    28.948      26.8
8    25.776    30.899
9    22.187    29.043
10    25.068    31.949
11    41.154    19.824
12    40.122    18.829
13    42.258    16.754
14    45.829     16.78
15     47.94    13.574
16    43.036    14.119
17    47.337    18.292
18    43.096    10.092
19     42.51    16.822
20    42.389    16.743
21    26.149    49.449
22    26.523    41.341
23    32.245    57.684
24    26.468    52.712
25    32.792    50.737
26    29.886    50.376
27    30.079    45.962
28     28.58    48.919
29    28.397    49.331
30     25.97     48.28
31    75.743    22.597
32    80.755     14.35
33    82.691    23.315
34    81.409    23.205
35    74.382    16.789
36    85.486    12.878
37    92.431     23.76
38    82.959    20.125
39    83.279    11.063
40    78.784    21.676
41    25.535     38.57
42    22.774    36.009
43    24.631    39.626
44    28.155    34.835
45    13.757    39.118
46    30.841     33.43
47    22.195    38.916
48    16.007    36.949
49    14.755     36.33
50    26.047    34.408
51    15.189    28.402
52    12.388    35.383
53     7.088    25.683
54     3.381    33.423
55     9.923    32.849
56      6.12    26.526
57    13.172    26.455
58     13.95    33.514
59    13.337    32.382
60    11.095    36.392
61    90.066    48.091
62    77.915    53.716
63    88.355    51.733
64    84.772     56.01
65    85.161    50.981
66    91.421    56.607
67    94.845    56.247
68    83.448    48.208
69    80.011    51.014
70    86.626    58.617
71    14.424    15.592
72    13.208    18.753
73     7.488    22.332
74     17.29    18.808
75    17.079    19.401
76    18.312    19.866
77    16.523    18.062
78    13.328     25.27
79     8.782    25.125
80    14.178    19.938
81    70.566    91.737
82    67.545    94.625
83    67.492    88.055
84    69.189    87.158
85    73.959    90.839
86    66.628    89.194
87    76.185    86.631
88    75.518    93.788
89    74.136    86.868
90     75.44    89.656
91    75.867    79.752
92     76.64    82.096
93    75.443    79.103
94    75.127    78.123
95    73.565    69.019
96    65.878    80.701
97    84.527    78.722
98    72.768     80.59
99     75.46    78.996
100    67.056    78.842
