11 Stops, 50 Students, 20 Max_Walking, 25 Capacity, 5 Days 

0       0  1  0  0  1
1       1  1  1  1  0
2       1  0  1  0  0
3       1  0  0  0  1
4       0  0  1  1  0
5       1  0  0  0  1
6       1  1  0  1  0
7       0  1  1  0  1
8       1  0  0  1  0
9       0  0  1  0  1
10       1  1  1  0  1
11       1  1  0  1  0
12       1  0  0  1  0
13       1  1  1  0  0
14       1  0  0  0  1
15       1  0  0  0  1
16       1  1  0  1  0
17       1  1  0  0  1
18       1  0  0  1  1
19       1  1  0  0  1
20       1  1  0  1  0
21       0  0  1  1  0
22       0  1  0  1  0
23       1  0  0  1  0
24       0  0  1  1  0
25       1  1  0  0  1
26       0  0  1  1  1
27       0  0  1  1  0
28       0  0  1  1  0
29       0  1  0  0  1
30       0  1  1  0  0
31       1  1  0  0  1
32       0  1  1  1  1
33       1  0  0  0  1
34       0  1  0  0  1
35       1  0  0  0  1
36       1  1  1  0  1
37       1  1  0  0  0
38       1  1  1  0  1
39       1  0  0  0  1
40       1  0  0  1  1
41       1  0  0  1  1
42       1  1  1  1  1
43       1  1  1  1  0
44       1  0  1  1  1
45       1  0  0  0  1
46       0  0  1  1  1
47       0  1  1  1  0
48       1  0  0  0  1
49       1  1  1  1  0


0             50        50
1         49.057    49.386
2         69.842    59.098
3         54.451    55.478
4         44.361    59.301
5         79.614    64.363
6         39.602    50.326
7         77.052    38.752
8         47.603    41.295
9         66.305    24.368
10         69.338     59.11


1    49.885    48.245
2    45.911    64.587
3    36.207    38.377
4    49.567    49.407
5    45.465    49.063
6    58.713    44.354
7     87.62    50.253
8    63.431    41.757
9    60.041    46.927
10    67.008    72.738
11    66.072    49.504
12    55.247    56.512
13    46.664    50.296
14    66.711    43.686
15     36.34    59.518
16    37.082    63.274
17    50.952    44.586
18     58.56    68.419
19    44.834    69.236
20    56.307    49.437
21    71.016    63.634
22    77.671    83.929
23    77.256    62.276
24    80.441    66.923
25    63.849    71.297
26    30.116    44.416
27    35.957    59.278
28    34.888    61.545
29    23.065    53.488
30    38.464    53.085
31    63.773    32.574
32    78.429    29.558
33     76.91    39.058
34    84.218    50.753
35    80.637     32.64
36     51.95    34.621
37    57.156    45.314
38    33.624    54.051
39    35.626    54.515
40    42.029    41.269
41     69.82    20.996
42    74.613    39.146
43    69.232    22.709
44    73.855    22.176
45    76.799    36.771
46    56.818    52.893
47    73.047    76.308
48    81.617    74.418
49     69.47    58.946
50    73.496    71.392
