11 Stops, 100 Students, 5 Max_Walking, 25 Capacity, 5 Days 

0       1  1  1  1  0
1       0  1  1  0  0
2       1  0  1  1  1
3       0  1  0  1  1
4       0  1  1  1  0
5       1  1  1  0  1
6       1  0  1  0  1
7       1  0  0  1  0
8       0  0  1  1  1
9       1  0  0  1  1
10       1  0  1  1  0
11       1  0  1  0  0
12       1  0  0  0  1
13       0  1  0  1  0
14       0  1  0  1  0
15       1  0  1  0  1
16       0  1  0  1  0
17       1  0  1  1  1
18       0  1  0  1  0
19       0  1  1  0  1
20       0  0  1  1  0
21       1  1  0  1  0
22       0  0  1  1  0
23       1  0  1  0  0
24       1  1  1  1  0
25       1  0  1  0  1
26       1  1  1  0  0
27       1  0  0  1  0
28       0  1  1  0  0
29       0  0  0  1  1
30       0  0  1  0  1
31       0  1  0  1  1
32       0  1  0  1  0
33       1  1  0  1  1
34       1  0  1  0  0
35       1  1  1  1  1
36       1  1  1  1  1
37       0  1  0  1  0
38       0  1  1  1  0
39       0  1  1  0  1
40       0  0  1  1  0
41       0  1  1  0  0
42       0  0  0  1  1
43       1  1  1  0  1
44       1  1  0  1  1
45       0  1  0  1  0
46       0  1  0  1  0
47       1  1  1  0  1
48       0  0  1  1  1
49       1  1  1  1  1
50       1  1  0  0  0
51       1  0  0  1  0
52       1  1  1  0  1
53       1  1  0  1  0
54       1  1  1  0  0
55       1  0  1  1  1
56       1  0  1  1  1
57       0  1  0  1  0
58       0  1  1  0  1
59       1  0  1  0  1
60       1  1  0  0  1
61       1  0  0  1  0
62       1  0  0  1  0
63       0  0  1  1  1
64       0  1  1  1  0
65       0  1  1  0  1
66       1  1  0  0  1
67       0  0  1  0  1
68       0  0  0  1  1
69       1  1  0  0  1
70       1  0  1  1  1
71       1  1  0  0  0
72       0  1  0  0  1
73       0  1  1  1  1
74       0  0  0  1  1
75       1  0  1  0  1
76       1  1  0  1  1
77       0  0  0  1  1
78       1  0  1  1  1
79       0  0  1  0  1
80       1  0  1  1  1
81       1  1  0  0  0
82       1  1  1  1  0
83       1  0  0  0  1
84       0  1  1  1  1
85       0  0  1  0  1
86       0  0  0  1  1
87       1  1  1  0  1
88       1  0  1  0  0
89       0  1  0  1  0
90       0  1  1  0  0
91       1  1  0  0  1
92       0  0  1  0  1
93       1  1  0  0  1
94       1  1  0  0  1
95       1  1  1  1  0
96       0  1  0  0  1
97       1  1  1  1  1
98       0  1  1  0  1
99       0  0  1  0  1


0             50        50
1         17.705    84.237
2         87.104     9.474
3          77.82    41.314
4         90.751     11.84
5         40.099    32.853
6          10.95    72.852
7         73.193    29.443
8         54.614    66.999
9         50.439    62.425
10         66.535     56.84


1     18.13    84.179
2    16.808    83.759
3    20.276    83.373
4    18.029    88.243
5    17.202    85.096
6    15.134    84.522
7    16.696    83.166
8    18.161    81.669
9    20.359    87.549
10    15.287    81.247
11    88.918     9.049
12     89.24     9.685
13     89.44     8.419
14    90.479    12.487
15    87.396     5.709
16    82.628     9.454
17    87.274     9.644
18    86.146     7.034
19    84.479    11.525
20    88.346     9.147
21     81.08     40.26
22    73.496    39.345
23    78.419    38.246
24    77.858    40.815
25    80.711    40.666
26    76.083    43.444
27    77.304    42.749
28    76.778    39.181
29    78.674    41.704
30    75.751    42.237
31    94.948    14.231
32    95.415    11.314
33    90.756    11.196
34    88.509    13.688
35    90.888     11.48
36    91.564    13.395
37    90.827    10.928
38    91.871     9.298
39     87.43      8.12
40    94.142    10.516
41    44.226    33.506
42    39.328    30.898
43     40.69     32.83
44    38.998    31.478
45    36.425    30.372
46    39.545    33.299
47    44.201    30.615
48    40.382    33.026
49    44.122    29.935
50    35.798    30.815
51    10.496    76.477
52     9.966    70.527
53     9.633    71.513
54    11.693    74.281
55    11.135    75.286
56    12.437    72.782
57      8.76     73.96
58    10.416    74.484
59     15.06    75.584
60    10.765    76.277
61    75.487    30.359
62    74.468    29.311
63    73.431     27.51
64    69.962     27.78
65    76.848    26.112
66    72.657    30.776
67    71.463    27.206
68    72.685    28.617
69    74.993    31.277
70    74.723     24.94
71    54.057    69.908
72    57.729    66.733
73    54.937     69.98
74      54.8    66.256
75     54.51    67.825
76    53.256    65.859
77    55.667     65.74
78    55.685    66.258
79    51.986    67.458
80    54.024    64.171
81    49.974    61.568
82    50.264    61.457
83    51.172    62.462
84    49.745    62.904
85    50.587    64.668
86     47.85    59.291
87    53.084     64.31
88    50.356    61.608
89    53.049    63.058
90    54.737    63.153
91    70.136    59.942
92    67.048    56.618
93    63.788    57.846
94     65.89    59.895
95    66.922    55.636
96    64.464    60.723
97     66.45    55.797
98    65.589    55.579
99    69.931    53.695
100    66.533      56.2
