11 Stops, 100 Students, 40 Max_Walking, 50 Capacity, 5 Days 

0       0  1  1  1  0
1       1  1  1  1  1
2       1  1  1  1  1
3       0  0  1  1  1
4       0  1  0  1  0
5       1  1  1  1  1
6       1  1  1  1  1
7       0  1  1  0  0
8       1  1  1  1  1
9       1  0  1  0  1
10       0  1  0  1  1
11       1  1  0  0  0
12       1  1  1  1  1
13       1  1  1  1  1
14       1  1  1  1  1
15       0  0  1  1  0
16       1  1  1  1  0
17       0  1  1  0  1
18       1  1  1  1  1
19       1  1  1  1  1
20       1  1  1  1  1
21       1  1  1  1  1
22       0  0  1  1  1
23       1  1  1  1  1
24       1  0  0  1  0
25       1  1  1  1  1
26       1  1  1  1  1
27       1  1  1  1  1
28       0  1  0  1  0
29       0  1  1  1  1
30       1  1  1  1  0
31       1  1  1  1  1
32       1  1  1  1  0
33       1  1  1  1  1
34       0  0  1  1  1
35       1  1  0  1  1
36       0  1  0  1  1
37       1  1  0  0  0
38       1  0  1  1  1
39       1  1  1  1  0
40       0  1  0  1  0
41       0  0  1  1  0
42       1  0  1  1  1
43       0  1  1  1  0
44       1  1  1  1  1
45       0  0  1  0  1
46       0  0  1  0  1
47       1  1  1  1  1
48       1  1  1  1  1
49       0  1  0  0  1
50       1  1  1  1  1
51       0  0  0  1  1
52       1  1  1  1  1
53       1  1  1  0  1
54       0  1  0  1  0
55       1  1  1  1  1
56       1  1  1  1  1
57       1  0  0  0  1
58       0  0  1  1  0
59       0  1  1  0  1
60       1  1  1  0  1
61       1  1  1  1  0
62       1  1  0  0  0
63       0  1  1  1  1
64       1  0  1  1  1
65       0  0  1  0  1
66       0  1  1  1  1
67       0  0  1  1  0
68       1  0  0  1  1
69       0  1  1  1  1
70       0  0  1  0  1
71       0  1  1  0  0
72       1  0  0  1  1
73       1  1  0  0  1
74       0  1  1  1  0
75       1  1  0  0  1
76       0  1  1  0  0
77       1  0  0  1  0
78       0  1  1  1  1
79       1  1  1  0  1
80       0  0  1  1  0
81       0  0  1  1  0
82       1  1  0  0  1
83       1  0  0  1  0
84       0  0  1  1  0
85       0  1  0  1  0
86       0  1  1  0  0
87       0  1  0  0  1
88       0  1  0  1  0
89       1  0  1  0  1
90       1  1  0  1  1
91       1  1  1  0  0
92       1  1  0  1  1
93       0  0  0  1  1
94       1  0  0  1  1
95       0  0  1  0  1
96       0  1  1  1  0
97       1  1  0  0  1
98       1  1  1  1  1
99       0  0  1  1  1


0             50        50
1         56.813    42.588
2          48.15    55.348
3         54.014    54.755
4         41.589      45.3
5         49.822    51.915
6         57.664    52.941
7         40.764     56.92
8         42.195    48.486
9         59.923    58.675
10         51.817    47.516


1    77.931    40.028
2    34.689    52.797
3    42.096    59.501
4    20.876    47.221
5    64.069    39.002
6    65.799    44.747
7    56.729    45.084
8     41.32    77.918
9    82.807    68.632
10    63.192    52.681
11    46.259    51.626
12    28.119    82.661
13        47    55.183
14    50.311    54.721
15    31.832    29.535
16    53.638    57.611
17    72.498    54.489
18    31.936    82.721
19    22.043    34.138
20    48.343    55.109
21    52.738    49.431
22    53.613    32.755
23    51.358    54.659
24    52.421    41.599
25    55.504    89.272
26    47.922    38.559
27    41.564    91.252
28    30.355    61.618
29    52.547    29.578
30    49.753    51.566
31    74.774    37.487
32    44.871     38.94
33    38.545     45.55
34    12.052    32.445
35    45.292    50.033
36    40.027     45.32
37     7.989    36.735
38    16.098    21.969
39    39.059    66.036
40    51.776    70.663
41    59.113    81.851
42    37.484    82.886
43    58.655    52.743
44    21.608    40.663
45    43.981    54.736
46    46.803    44.126
47    46.296     33.41
48    31.105    53.177
49    49.213    63.738
50    59.473    75.467
51    64.068     48.73
52    59.987    55.108
53    59.511    34.619
54     58.35    63.704
55    44.567    40.421
56    48.422    19.174
57    19.003    56.311
58    65.856    31.936
59    36.002    60.522
60    41.318    57.108
61    42.947      67.7
62      73.3    67.018
63     48.79    69.324
64    48.913    71.771
65    51.469     75.63
66    29.821    32.108
67    43.162    60.359
68    47.633    46.264
69    67.572    82.971
70     5.417    74.722
71    52.091    63.016
72    60.198    30.027
73    61.003    71.912
74    31.835    43.228
75    42.679    54.238
76    71.565    67.232
77    32.055    19.147
78     52.49    52.312
79    45.456    48.646
80      12.9    73.513
81    58.897    69.148
82    59.383    42.909
83    77.957    52.703
84    47.373    83.093
85    76.008    47.554
86    76.181    30.076
87    58.267    73.659
88    59.834    26.376
89    48.948    20.824
90    59.923    58.673
91    46.729    48.043
92      43.2    50.197
93        52    43.056
94    39.735    58.563
95    35.332    65.494
96    77.689    40.342
97    51.017     30.11
98    54.691    44.993
99    55.642    57.608
100    21.866    39.456
