11 Stops, 100 Students, 10 Max_Walking, 25 Capacity, 5 Days 

0       1  0  0  0  1
1       1  1  1  1  0
2       1  1  0  0  0
3       1  0  1  0  0
4       0  1  1  0  1
5       1  1  0  1  1
6       1  1  0  1  0
7       0  0  0  1  1
8       0  1  0  1  1
9       0  0  1  1  0
10       0  1  0  1  1
11       1  1  1  0  0
12       0  0  1  1  0
13       1  0  1  1  1
14       1  0  1  0  0
15       0  1  1  1  1
16       0  1  1  1  0
17       0  1  0  0  1
18       0  1  1  1  0
19       0  1  1  1  1
20       0  0  1  1  1
21       1  0  0  1  0
22       1  1  0  1  0
23       0  0  1  1  0
24       0  1  0  0  1
25       1  0  0  1  0
26       0  1  1  0  0
27       1  1  1  1  1
28       0  1  1  0  1
29       1  1  0  0  1
30       0  1  1  1  1
31       0  1  0  1  1
32       1  1  1  0  1
33       0  0  1  1  0
34       1  0  0  1  0
35       1  1  1  0  1
36       0  1  1  0  1
37       0  0  1  1  1
38       1  1  0  1  1
39       0  0  1  1  1
40       0  1  0  1  1
41       0  1  0  1  0
42       0  1  0  1  0
43       1  0  0  0  1
44       1  1  0  0  0
45       1  1  0  1  1
46       0  1  0  1  1
47       1  0  0  1  0
48       0  1  0  1  1
49       0  0  0  1  1
50       0  1  0  1  1
51       1  0  1  0  0
52       1  0  0  0  1
53       1  1  0  0  0
54       1  1  0  0  0
55       1  0  0  1  0
56       0  1  0  1  0
57       0  0  1  0  1
58       0  0  0  1  1
59       0  0  1  0  1
60       1  0  1  0  1
61       1  0  0  1  0
62       1  0  1  1  0
63       1  1  1  1  1
64       1  0  0  0  1
65       1  0  1  1  1
66       1  1  0  1  1
67       1  0  1  0  1
68       0  1  1  0  0
69       0  0  0  1  1
70       1  1  0  0  1
71       1  0  1  0  1
72       1  1  0  0  0
73       0  1  0  1  1
74       0  1  1  0  1
75       0  1  1  0  0
76       0  1  1  1  1
77       0  0  1  1  1
78       0  0  1  1  0
79       0  1  1  1  1
80       1  0  1  1  1
81       0  1  0  0  1
82       1  0  0  0  1
83       1  1  0  1  1
84       1  1  1  0  1
85       1  0  1  1  0
86       0  1  0  0  1
87       0  1  0  1  0
88       0  0  1  0  1
89       0  1  0  0  1
90       0  1  0  0  1
91       1  1  0  1  0
92       1  1  0  0  0
93       0  1  0  0  1
94       0  0  0  1  1
95       1  1  1  0  1
96       1  1  1  1  0
97       1  0  0  1  0
98       0  1  1  1  0
99       1  1  0  1  1


0             50        50
1          17.47    63.462
2         18.755    37.849
3         76.805    56.574
4         74.003    53.036
5         34.044    14.316
6         78.487    78.667
7         38.838    35.881
8         28.524    46.266
9         86.998     26.77
10         51.411    50.346


1    16.917    72.452
2    13.449    68.527
3    19.052    66.148
4    16.332     62.08
5    19.423    70.046
6    18.787    68.683
7    18.275    61.573
8    21.083    68.646
9    14.196    61.134
10    16.367    57.085
11    18.875    38.988
12    11.236    40.471
13    21.192    40.561
14    25.905    41.037
15    22.174    45.741
16    19.634    38.966
17    18.168    35.742
18     17.95    30.416
19    16.215    40.869
20    19.395    37.486
21    70.622    62.785
22    74.928    54.775
23    73.732    63.907
24     78.41    55.763
25    68.425    57.023
26    77.104    57.323
27    80.327     55.98
28    75.228    57.799
29    75.504    51.404
30    82.337    54.874
31    74.893    54.475
32     69.87    55.891
33    72.748    52.126
34     77.45    52.446
35    75.915     51.52
36    82.649    49.695
37    72.931    50.191
38    68.664    59.039
39    76.495    49.718
40    77.022    60.133
41    37.266    18.512
42    31.439    13.572
43    34.506    10.209
44    32.179    15.159
45    36.664     5.348
46    37.467     7.412
47    41.835    15.073
48    33.152     9.282
49    33.509     8.479
50    37.724    13.154
51    73.268    83.732
52    78.664    78.252
53    83.499     70.89
54    71.009     75.59
55    78.802      78.7
56    81.996    79.451
57    76.172      81.1
58    75.764    83.081
59     80.25    72.386
60    82.404    77.598
61    45.839    30.272
62    33.873    36.847
63    38.858    35.852
64    39.051     35.03
65    41.144    39.828
66    32.234    42.133
67    39.809    40.873
68     44.84    38.104
69    36.534    36.708
70     38.19    34.088
71    28.752    46.307
72    35.411     47.33
73    30.678    38.913
74    25.084    45.919
75    30.533    45.208
76    25.687    39.369
77    33.464    37.622
78    30.858    51.677
79    24.446    50.618
80    33.006    44.645
81    86.764    27.878
82    87.303    24.015
83    86.119    16.986
84     87.53    28.141
85    77.907    29.489
86    92.565    28.664
87    86.549     27.95
88    89.507    25.527
89    92.357    34.622
90    78.269    28.971
91    56.956    54.628
92    47.868    51.369
93    48.775    47.494
94    51.578    44.437
95    54.908    52.652
96    51.626    48.197
97     51.98    46.963
98    47.461    52.748
99    50.739    50.943
100    47.815    47.514
