11 Stops, 50 Students, 5 Max_Walking, 50 Capacity, 5 Days 

0       0  1  1  0  0
1       0  0  1  0  1
2       1  1  1  1  1
3       1  1  1  1  1
4       1  1  1  1  1
5       0  0  1  1  0
6       1  1  1  1  1
7       1  1  1  0  0
8       1  1  1  1  1
9       1  0  1  1  0
10       1  1  1  1  1
11       0  1  0  0  1
12       1  0  1  0  1
13       0  1  1  1  1
14       0  1  1  0  1
15       0  1  1  1  0
16       1  1  1  1  1
17       1  1  1  1  1
18       1  1  1  1  1
19       0  1  1  1  1
20       1  1  1  1  1
21       1  0  0  1  1
22       0  1  1  0  0
23       1  0  1  1  1
24       1  0  1  0  0
25       1  0  0  1  0
26       1  0  0  0  1
27       1  1  1  1  1
28       1  1  1  1  1
29       1  1  0  0  0
30       0  1  0  1  1
31       1  1  1  1  1
32       1  1  1  1  1
33       1  1  1  0  1
34       0  1  1  0  0
35       1  0  1  1  1
36       0  1  0  1  1
37       1  0  1  1  0
38       0  1  0  0  1
39       1  1  1  1  1
40       1  0  0  1  0
41       1  1  1  1  0
42       1  0  1  0  1
43       0  0  1  1  1
44       0  1  0  1  1
45       1  0  0  1  1
46       0  1  1  0  1
47       1  0  0  0  1
48       0  0  0  1  1
49       1  1  0  0  1


0             50        50
1         42.094    24.253
2         10.537    44.028
3         79.517    79.246
4         40.977    24.083
5         93.147    65.442
6         83.769    88.204
7         69.011    55.491
8          8.955    68.545
9         62.536      8.76
10         94.841    43.776


1     41.93    24.273
2    44.901    23.702
3    44.386    21.031
4    42.717    23.019
5    43.556    21.008
6    10.523    43.371
7     9.282    43.698
8    12.303    45.168
9     9.494    43.845
10    12.978    45.882
11    81.143    79.328
12    78.321    77.779
13    76.311    77.806
14    79.407    77.685
15    76.911    77.294
16    40.863    24.065
17    41.524    22.247
18    43.875    25.474
19    39.717    24.718
20    40.522    22.791
21    92.098    66.507
22    93.466    68.609
23    92.998    61.528
24    90.056    65.893
25    96.612    68.013
26    82.087    92.854
27    80.128    88.364
28    80.379    84.642
29    83.069    91.053
30     80.94    90.015
31    66.857    54.892
32    71.036    55.133
33    73.315    55.767
34     72.91    54.694
35    64.596    54.609
36     9.255    69.007
37    12.992    70.407
38     8.428    68.567
39    10.717    69.856
40     7.476    70.191
41    63.156      4.97
42    65.593     7.627
43    64.375     7.767
44    61.862     6.007
45    60.064    12.714
46    98.469    41.817
47    94.155    43.356
48    94.769    43.733
49    93.754    43.349
50    96.635    46.304
