11 Stops, 200 Students, 5 Max_Walking, 25 Capacity, 5 Days 

0       1  1  1  1  1
1       0  1  1  1  1
2       0  0  1  1  0
3       1  1  1  1  1
4       0  0  0  1  1
5       1  1  1  1  1
6       1  1  1  1  1
7       1  1  1  1  1
8       1  1  1  1  1
9       1  1  0  0  0
10       1  1  1  1  1
11       1  1  1  1  1
12       1  1  1  1  1
13       1  1  1  1  1
14       1  1  1  1  1
15       1  1  1  1  1
16       1  1  1  1  1
17       1  1  1  1  1
18       1  1  1  1  1
19       0  1  0  1  0
20       1  1  1  1  1
21       1  1  1  1  1
22       1  1  1  1  1
23       1  1  1  1  1
24       1  1  1  1  1
25       1  0  0  1  1
26       1  1  1  1  1
27       1  1  1  1  1
28       1  1  1  1  1
29       1  0  1  1  1
30       1  1  1  1  1
31       1  1  1  0  1
32       1  1  0  1  0
33       1  1  1  1  1
34       1  1  1  1  1
35       1  1  0  0  0
36       0  1  0  0  1
37       0  0  1  1  0
38       1  1  1  1  1
39       1  0  1  0  1
40       1  1  1  1  1
41       1  0  1  0  0
42       1  0  1  1  1
43       1  1  0  1  0
44       1  1  0  1  1
45       1  1  1  1  1
46       1  1  1  0  0
47       0  1  0  1  1
48       0  0  1  1  0
49       1  1  1  1  1
50       1  1  1  0  0
51       1  1  1  0  1
52       1  0  0  1  1
53       1  1  0  1  1
54       1  0  1  1  0
55       1  0  1  0  0
56       1  0  1  0  0
57       0  0  1  0  1
58       0  0  1  0  1
59       1  1  1  1  1
60       1  1  1  1  1
61       1  1  0  0  1
62       1  1  1  1  1
63       1  1  0  1  0
64       1  1  1  1  1
65       0  1  0  0  1
66       1  1  1  1  1
67       1  1  1  1  1
68       1  1  1  0  1
69       0  1  1  0  0
70       1  1  1  1  1
71       0  1  0  1  0
72       1  1  1  1  1
73       0  0  0  1  1
74       1  1  1  1  1
75       1  1  1  1  1
76       1  1  1  1  1
77       1  0  0  1  1
78       1  1  1  1  1
79       1  0  1  0  0
80       1  1  1  1  1
81       1  1  0  1  0
82       1  1  1  1  1
83       0  0  1  0  1
84       1  1  1  1  1
85       1  1  1  1  1
86       0  1  1  0  0
87       1  1  1  1  1
88       0  0  1  1  0
89       0  1  0  1  1
90       1  1  1  1  1
91       0  1  1  1  1
92       1  0  1  0  0
93       1  1  1  1  1
94       1  1  1  1  1
95       0  1  1  1  0
96       1  1  1  1  1
97       1  1  1  1  1
98       0  0  1  1  1
99       0  0  1  0  1
100       1  0  1  1  1
101       1  1  1  1  1
102       1  1  1  1  1
103       1  1  1  1  1
104       0  1  0  1  1
105       0  1  1  1  0
106       1  0  1  0  1
107       1  1  1  0  0
108       1  1  0  0  1
109       1  1  1  1  1
110       1  1  0  1  0
111       1  1  0  0  1
112       1  0  1  0  0
113       0  1  1  0  0
114       1  1  0  0  1
115       1  1  0  0  1
116       1  0  1  0  0
117       1  1  1  1  1
118       0  0  1  1  0
119       0  0  1  0  1
120       1  0  0  0  1
121       1  1  1  1  1
122       1  1  1  1  1
123       1  1  1  1  1
124       1  1  1  1  1
125       1  1  1  1  1
126       1  1  1  1  1
127       1  1  1  1  1
128       1  1  0  0  0
129       1  1  1  1  1
130       1  1  1  1  1
131       1  1  1  1  1
132       0  1  1  0  1
133       0  1  0  1  0
134       1  0  0  1  0
135       1  1  1  1  1
136       0  1  1  1  0
137       1  1  1  1  1
138       1  1  1  1  1
139       1  1  1  1  1
140       1  1  1  1  1
141       0  1  0  1  0
142       1  1  1  1  1
143       1  1  0  1  1
144       1  1  1  1  1
145       1  1  1  1  0
146       1  1  1  1  1
147       0  1  0  1  1
148       1  0  0  1  1
149       1  1  1  0  0
150       1  1  1  1  1
151       1  1  1  1  0
152       1  1  1  1  1
153       0  1  1  1  0
154       1  1  1  1  1
155       0  1  1  1  0
156       1  0  1  0  0
157       1  1  1  1  1
158       0  0  1  1  1
159       1  1  1  1  1
160       1  1  1  1  1
161       1  1  0  0  1
162       0  0  1  1  0
163       1  1  0  0  1
164       1  1  1  1  0
165       1  0  0  0  1
166       1  1  1  1  1
167       1  1  0  1  1
168       1  0  0  1  0
169       0  0  1  1  0
170       1  1  1  1  1
171       0  0  1  1  1
172       0  0  1  0  1
173       1  1  0  1  0
174       1  1  1  1  1
175       1  1  1  1  1
176       1  1  1  1  1
177       1  1  1  1  1
178       0  1  0  0  1
179       1  1  0  1  0
180       1  1  1  1  1
181       1  1  1  1  1
182       1  1  1  1  1
183       1  1  1  1  1
184       1  1  1  1  1
185       0  0  1  1  0
186       1  0  1  1  1
187       1  1  1  1  1
188       1  1  1  1  1
189       1  1  1  1  1
190       1  1  1  1  1
191       1  1  1  1  1
192       1  1  0  0  0
193       1  1  1  1  1
194       1  0  1  1  0
195       1  1  1  1  1
196       1  1  1  1  1
197       1  0  0  0  1
198       1  1  1  1  1
199       1  1  1  1  1


0             50        50
1         89.821     43.38
2         82.011    36.923
3         68.053    10.579
4         14.659    16.327
5         49.274    81.679
6         78.888    22.188
7          7.548    86.142
8           66.9    81.683
9         67.097    70.685
10         57.759    56.671


1    89.175    41.016
2     93.02     44.75
3    90.429    38.756
4    88.038    46.911
5    90.673      45.9
6    90.734    41.176
7    89.836    40.454
8    92.423      40.8
9    92.812    43.285
10    88.574    43.367
11    89.174    43.976
12    89.492    42.239
13    91.615    39.141
14     90.64    44.162
15    90.006    43.423
16     92.12    45.968
17    89.616    43.218
18      88.8    41.435
19    86.278    46.829
20    89.811    43.375
21    84.759    38.131
22    84.532    34.798
23    82.272    33.268
24    80.276    36.877
25    82.344    33.105
26    83.017    39.078
27    79.469    40.845
28      81.2    41.735
29     84.51    40.331
30    82.231     35.92
31    83.742    36.853
32    78.514    36.195
33    81.066    38.062
34    81.697    36.665
35    81.976    32.059
36    81.862    36.603
37    85.246    37.483
38    82.054    37.506
39    82.027     34.65
40    79.249     35.25
41    64.308    11.598
42    64.197    10.475
43    68.172    10.592
44    68.096    11.157
45    67.242     5.825
46    68.048    10.561
47    69.318     9.326
48    67.417    11.816
49    64.498    13.285
50    66.927     5.861
51    72.544     9.054
52     69.47     7.796
53    66.662    10.299
54    67.516    10.572
55    68.151    13.595
56    69.143     7.266
57    68.868     8.348
58    68.371     6.644
59    69.799      7.05
60    68.263     10.73
61    16.194    15.358
62    15.262    16.377
63    12.203    14.566
64    15.846    20.076
65    10.549    18.117
66    17.676     14.32
67    16.554    18.103
68    14.821    16.137
69    15.938    17.756
70    13.102    19.868
71    14.641    16.341
72     10.92    17.114
73    16.619    16.242
74    12.349     15.67
75     13.97    16.185
76    12.529    17.819
77    11.904    14.075
78    17.009    18.418
79    15.494    17.463
80    14.406    14.396
81     47.12    81.918
82    50.088    79.447
83    48.933    80.451
84    48.702      82.6
85    49.218    81.693
86    51.655    85.563
87    45.509    79.785
88    49.192    81.683
89     48.63    79.877
90     47.37    81.055
91    49.393    83.436
92    49.883    83.666
93    45.818    79.952
94    49.329    82.039
95    51.864    79.911
96    47.671    79.339
97    51.443     80.92
98    45.737    81.487
99    46.131    82.408
100    49.747    79.397
101    78.496    24.548
102    76.534    20.884
103    79.249    23.801
104    76.481    24.228
105    78.543     24.68
106    77.747    23.708
107    78.782    22.076
108    75.012     24.14
109    79.173    22.647
110     79.22    19.437
111     75.04    20.811
112    79.536    18.939
113    80.217    22.561
114    82.535    21.165
115    80.288    23.285
116     78.75    21.368
117    78.703    22.472
118    78.719    24.682
119    78.793    18.077
120    74.665    22.985
121     9.288    87.381
122     3.601    86.229
123     6.549    84.545
124    10.166    84.601
125     9.562    88.048
126     6.636    86.194
127     6.681    88.268
128     6.021    88.361
129     7.133    85.992
130     7.663    90.236
131      5.47    83.527
132    10.969    85.647
133     8.725     85.82
134     8.898    84.934
135     5.056    88.173
136     8.798    84.267
137     5.437    88.493
138     3.028    84.062
139     6.994    86.239
140     7.409    89.511
141    66.657    82.341
142    65.089    81.173
143    67.159    84.775
144    65.204     78.83
145    68.722    82.548
146    67.463    79.587
147    63.876    84.845
148    70.656    82.248
149    65.269    79.906
150    70.168    81.148
151    64.908    81.163
152    67.922    84.122
153    66.882     82.06
154    66.942    81.686
155    66.212    83.797
156    63.892    80.559
157    64.412    84.098
158     65.77    83.664
159    67.192    83.521
160    65.963    80.762
161    66.473    71.055
162     67.72    68.326
163    68.156    70.335
164    66.495    74.111
165      67.5    72.752
166    65.088    66.754
167    66.928    69.662
168    70.767     72.88
169    67.359    73.274
170    66.921     70.48
171    66.493    71.085
172    64.793    67.131
173     64.47    68.394
174    63.925    68.119
175    65.277    69.612
176    65.731    67.195
177    65.544    74.992
178    64.247    66.635
179     69.78    67.173
180    67.664    75.581
181    55.721    54.005
182    55.262    59.477
183    55.785    55.599
184    56.014    59.023
185    56.349    56.391
186    58.585    56.182
187    62.191    58.342
188    60.642    57.855
189    56.734    53.472
190    55.949    55.698
191      57.2     56.81
192    62.031    56.202
193    57.564    54.202
194    58.585    55.835
195    60.471      58.4
196    58.409    58.378
197    56.686    59.463
198     59.01    58.446
199    58.053    56.328
200    58.547    59.581
