11 Stops, 200 Students, 20 Max_Walking, 25 Capacity, 5 Days 

0       1  1  1  1  1
1       0  0  0  1  1
2       1  1  1  1  1
3       1  1  1  1  1
4       1  1  1  1  1
5       1  1  1  1  1
6       1  0  1  1  1
7       1  1  1  1  1
8       1  0  1  1  1
9       1  1  1  1  1
10       1  1  1  1  1
11       0  1  0  0  1
12       1  1  1  1  1
13       1  1  1  1  1
14       0  1  1  0  0
15       1  1  1  1  1
16       1  1  1  1  1
17       0  1  1  0  1
18       1  0  1  1  1
19       1  0  0  1  1
20       1  1  1  1  1
21       1  1  1  1  1
22       1  1  1  1  1
23       1  0  0  0  1
24       0  1  0  1  1
25       1  1  1  1  1
26       1  0  1  0  1
27       1  0  1  0  1
28       1  1  0  1  1
29       0  0  1  1  1
30       1  1  1  1  1
31       1  1  1  0  0
32       1  0  1  1  1
33       0  1  1  1  0
34       1  1  1  1  1
35       1  1  1  1  0
36       1  1  1  1  1
37       1  0  0  0  1
38       1  0  0  0  1
39       0  0  1  1  1
40       1  0  1  0  0
41       1  1  1  1  1
42       1  0  0  1  0
43       1  1  1  1  1
44       1  1  1  1  1
45       1  1  1  1  1
46       0  1  0  1  0
47       0  1  1  1  0
48       1  1  1  0  1
49       1  1  1  1  1
50       1  1  1  1  1
51       1  1  1  1  1
52       1  1  1  1  1
53       1  1  1  1  1
54       1  0  1  0  0
55       1  1  1  1  1
56       1  1  1  1  1
57       1  0  0  1  1
58       1  1  1  1  1
59       1  0  0  0  1
60       1  1  1  1  1
61       0  1  1  0  0
62       1  1  1  1  1
63       0  1  0  0  1
64       1  1  1  0  0
65       1  1  1  1  1
66       1  1  1  1  1
67       1  1  1  1  1
68       0  1  1  1  1
69       1  1  1  1  1
70       1  1  1  0  0
71       1  0  1  1  0
72       1  0  1  0  0
73       0  1  1  0  1
74       1  1  1  1  1
75       1  1  1  1  1
76       0  1  1  1  0
77       0  1  0  1  0
78       1  1  0  0  0
79       1  1  1  1  1
80       1  0  1  1  0
81       1  1  1  1  1
82       1  1  1  1  1
83       0  1  1  0  1
84       1  1  1  1  1
85       1  1  1  1  1
86       1  1  1  1  1
87       0  1  1  1  1
88       1  0  0  1  1
89       1  1  1  1  0
90       1  1  1  1  1
91       1  1  1  0  0
92       1  1  1  1  1
93       0  0  1  0  1
94       0  1  0  0  1
95       1  1  1  0  1
96       1  0  0  1  1
97       1  1  0  0  1
98       1  1  1  1  1
99       1  0  1  1  0
100       1  1  1  1  1
101       1  0  1  0  0
102       1  0  0  0  1
103       1  1  1  1  1
104       0  0  1  1  1
105       0  1  1  1  0
106       1  1  1  1  1
107       1  0  1  1  0
108       1  1  1  1  1
109       0  0  1  0  1
110       1  0  1  1  0
111       0  1  1  1  1
112       0  0  1  1  0
113       1  0  1  1  0
114       0  1  0  0  1
115       1  0  1  1  0
116       1  1  0  0  0
117       1  1  0  0  1
118       1  0  0  1  1
119       0  0  1  0  1
120       1  1  0  0  1
121       0  0  1  1  0
122       1  0  0  1  1
123       1  0  0  0  1
124       0  0  1  0  1
125       0  1  1  1  1
126       0  0  0  1  1
127       0  1  0  1  1
128       0  1  1  0  0
129       1  1  0  1  1
130       1  1  0  0  0
131       0  1  1  1  0
132       0  0  1  0  1
133       0  1  1  0  0
134       0  1  1  1  1
135       1  0  1  0  1
136       1  0  0  1  1
137       1  1  1  1  1
138       0  0  0  1  1
139       1  0  1  1  0
140       0  1  1  1  1
141       1  1  1  1  1
142       0  1  0  1  1
143       0  0  1  1  0
144       0  1  0  1  0
145       0  1  0  1  0
146       1  0  1  1  0
147       1  0  0  0  1
148       0  0  0  1  1
149       0  0  1  1  1
150       0  1  1  0  0
151       0  0  1  1  0
152       1  0  0  0  1
153       1  0  1  0  1
154       1  1  0  0  0
155       1  1  0  1  1
156       1  1  0  1  0
157       0  1  0  1  1
158       1  0  1  1  1
159       0  1  1  1  0
160       1  1  1  0  0
161       1  0  1  1  0
162       1  0  1  1  1
163       1  0  1  0  1
164       0  0  1  1  0
165       1  1  0  0  1
166       1  1  1  1  0
167       0  0  0  1  1
168       1  0  1  0  0
169       1  0  1  0  0
170       0  0  1  0  1
171       1  0  1  1  1
172       0  0  1  1  1
173       0  0  1  0  1
174       0  0  1  0  1
175       1  0  0  1  1
176       0  0  0  1  1
177       0  1  1  1  1
178       1  1  1  0  1
179       0  0  1  1  1
180       0  1  0  1  0
181       1  1  0  0  0
182       1  1  1  0  0
183       0  1  1  1  0
184       1  1  1  1  1
185       1  1  1  1  0
186       0  1  0  0  1
187       1  1  1  1  1
188       1  1  0  0  0
189       0  0  0  1  1
190       1  0  1  1  1
191       1  1  0  0  0
192       0  0  1  0  1
193       0  1  0  0  1
194       1  1  1  1  0
195       0  0  1  1  1
196       1  0  1  1  0
197       1  1  1  1  1
198       1  1  0  0  0
199       1  1  1  0  1


0             50        50
1          36.57    62.155
2         65.945     44.22
3         52.022    66.746
4         50.412    58.462
5           49.2    60.333
6         72.984    35.155
7         79.041    74.901
8         72.831    31.949
9          55.25    58.294
10         32.239    24.216


1    33.094    57.372
2    35.851    68.927
3    42.691    66.355
4    39.375    59.851
5    37.691    55.297
6    33.527     59.99
7    21.673    61.206
8    31.228    48.037
9    53.403    58.873
10    34.295    51.227
11      31.1    65.132
12    37.548    71.532
13    44.066    60.847
14    33.228      66.9
15    37.806    78.678
16    22.328    58.713
17    33.924    61.653
18    53.493    66.895
19    51.492    60.864
20    28.919     67.72
21    52.709    54.025
22    78.384     36.65
23    80.304    55.978
24    65.108     51.34
25    69.461    49.509
26    74.977    43.354
27    61.689        58
28    63.452    39.255
29    51.116    54.733
30    63.781    52.783
31    65.455    44.791
32    53.246    30.372
33    64.172    40.797
34    63.656    41.113
35    51.248    56.585
36    66.133    30.071
37    67.073    46.153
38    70.095    44.384
39    66.123    61.552
40    72.215    55.883
41    43.871    62.219
42    48.712    68.287
43    52.066    66.706
44    53.982    67.407
45    51.268    66.728
46    50.547    61.535
47    68.321    60.948
48    48.791    72.639
49    41.194    70.557
50    52.055    66.718
51    45.086    52.837
52    46.986     70.34
53    53.571    58.981
54    50.706    65.336
55    56.188    64.938
56    46.047    53.886
57    53.571    73.389
58    37.156    66.774
59    54.465    60.811
60    54.448    56.973
61    58.448    57.599
62    55.707      62.1
63    49.087    70.389
64    50.435    59.708
65    36.234    62.042
66    53.535     66.97
67    49.526    59.278
68    55.257    62.048
69    48.376    51.478
70    48.851    40.011
71    51.789    63.793
72     58.03    62.885
73    41.268    62.649
74    37.258    69.094
75    53.858     52.02
76    60.065    47.893
77     49.99    57.454
78    39.878    74.891
79    58.826    65.879
80    51.099    56.185
81    49.789    61.364
82    57.494    52.719
83    51.859     65.04
84    50.429    56.412
85    41.016    43.115
86    49.311    59.486
87    48.126    48.396
88    47.548    63.125
89    42.885    54.971
90    51.655    55.425
91    62.939    64.409
92    35.693    68.569
93     48.58     59.63
94    43.911    74.344
95    44.597    62.265
96    59.347    66.458
97    43.643    73.193
98    47.432     64.66
99    57.717    59.674
100    44.135    42.793
101    83.386    27.795
102    68.902    39.423
103    66.641    23.454
104    65.899    30.658
105    60.905    31.138
106    73.169    34.033
107     77.14    38.762
108    73.835    22.209
109    67.715    24.308
110    62.004    44.664
111    72.008    43.164
112    67.942    19.004
113    71.334    40.963
114    69.384     39.44
115    80.232    31.798
116    60.688    23.296
117    69.784    44.506
118    73.056    35.236
119    81.496    47.847
120    62.088      27.3
121    79.816    87.103
122    67.851    71.719
123    76.643    68.077
124    97.428    74.759
125    87.501    58.929
126    74.355    72.137
127    74.667     61.25
128     73.62    73.289
129    72.661    87.692
130    90.208    77.394
131    85.198    79.722
132    70.947    93.007
133    66.137    74.815
134    75.251    72.623
135    80.382    61.894
136    73.916    81.519
137    64.688    80.625
138    74.614    75.698
139    80.971    58.143
140    77.628    74.268
141    71.625    25.033
142    72.739     29.43
143    65.319     46.68
144     85.74    34.285
145    86.653    38.952
146    89.582    32.924
147     73.75    36.609
148    58.108    20.359
149    69.458    25.681
150    61.567     37.75
151    59.395    42.456
152     70.06    36.151
153    72.877    29.885
154    63.597    30.013
155    66.243    37.869
156     88.05    24.084
157    86.151    37.852
158    62.102    35.858
159     79.55    24.818
160    72.151    27.973
161    59.412    50.567
162    54.724    66.398
163    52.835    64.638
164    40.292    58.321
165    55.384    54.372
166    61.382    48.745
167    64.075    53.644
168    52.453    54.678
169    69.094    53.239
170    55.046    46.524
171    52.225    59.779
172     62.31    66.885
173     54.37     56.73
174    68.648    61.972
175    58.845    52.802
176    57.031    63.209
177    69.122    67.547
178    50.638    56.528
179    54.146    55.178
180     55.29    65.255
181    25.093    22.007
182    28.813    14.996
183     30.02    19.319
184    45.887    24.417
185    24.057    28.799
186    35.849    31.174
187    21.802    34.089
188    42.212    10.793
189    42.128    13.166
190    33.099    13.158
191    21.829    37.178
192    24.934    37.215
193    28.726    27.859
194     27.78    11.633
195    33.778    20.507
196    22.752    15.723
197    20.352    23.588
198    22.935     17.44
199    34.971    31.622
200    32.888    25.612
