21 Stops, 100 Students, 5 Max_Walking, 50 Capacity, 5 Days 

0       0  0  0  1  1
1       0  1  1  1  1
2       0  1  0  0  1
3       1  1  1  1  1
4       1  0  1  1  1
5       0  1  1  1  0
6       0  0  0  1  1
7       1  0  0  1  1
8       1  1  1  1  1
9       1  1  0  0  1
10       0  1  1  1  0
11       0  1  0  1  0
12       1  1  1  1  1
13       1  1  1  1  1
14       1  0  1  0  0
15       0  1  1  1  1
16       1  1  1  1  1
17       1  0  1  0  1
18       1  1  1  1  1
19       1  1  1  1  1
20       1  0  1  0  1
21       0  0  1  1  0
22       1  1  1  1  1
23       1  1  1  1  1
24       1  1  0  0  1
25       1  1  1  1  1
26       1  1  0  1  1
27       1  1  1  1  1
28       1  0  1  0  0
29       0  1  0  1  0
30       1  1  1  1  1
31       0  1  0  1  0
32       1  0  0  1  0
33       1  1  1  1  1
34       0  1  1  1  0
35       1  1  1  1  1
36       1  1  1  1  1
37       1  1  1  0  1
38       1  1  1  1  1
39       1  1  1  1  1
40       1  1  1  1  1
41       0  1  1  0  1
42       1  1  1  1  1
43       0  1  0  1  0
44       0  0  1  1  1
45       1  1  1  1  1
46       1  1  1  1  1
47       1  1  1  1  1
48       1  1  1  1  1
49       1  1  1  1  1
50       1  1  1  1  1
51       1  1  1  1  1
52       1  1  1  0  0
53       1  1  1  1  1
54       1  1  1  1  1
55       1  1  1  1  1
56       1  1  1  1  1
57       1  0  1  0  0
58       1  1  1  1  1
59       1  1  1  1  0
60       0  1  1  0  1
61       0  1  1  0  0
62       0  1  1  0  0
63       0  0  1  1  0
64       1  1  0  0  1
65       1  1  1  1  1
66       1  1  1  1  1
67       1  1  1  1  1
68       1  1  1  1  1
69       1  1  1  1  1
70       1  1  1  0  0
71       0  1  0  0  1
72       1  1  1  1  1
73       1  0  1  1  0
74       0  0  0  1  1
75       0  1  0  1  1
76       1  1  1  1  1
77       1  0  1  0  1
78       1  0  0  1  1
79       1  1  1  0  0
80       1  1  1  1  1
81       0  1  0  1  0
82       1  1  1  1  1
83       1  1  1  1  1
84       1  1  1  1  1
85       1  1  1  1  1
86       1  1  1  1  1
87       1  1  1  1  1
88       0  1  0  0  1
89       1  1  1  1  1
90       1  1  1  1  1
91       1  1  1  1  1
92       1  1  1  1  1
93       0  0  1  1  0
94       1  1  1  1  1
95       0  1  0  0  1
96       0  1  1  0  0
97       0  0  1  0  1
98       1  0  1  1  0
99       1  1  1  1  0


0             50        50
1         24.778    89.137
2         90.736    71.401
3         71.933    63.006
4         88.052    24.593
5          72.29    90.893
6          60.16    11.402
7         20.901    94.576
8          6.885    57.518
9         14.858    30.642
10         18.329    64.378
11         11.793    37.818
12         15.581    50.321
13         23.687    60.239
14          74.36    53.139
15         38.418    10.964
16         19.415     71.44
17         38.252    53.102
18         34.332     46.98
19         38.874    10.712
20         29.409    60.179


1    23.753    89.117
2    28.957    87.798
3    24.834    89.107
4    24.011    88.397
5     24.39    87.577
6    90.029    70.499
7    90.206    70.374
8    94.337    71.667
9    90.014    71.222
10    88.495    73.665
11    68.475    63.877
12    75.017    61.384
13    73.609    64.528
14    67.549    60.781
15    71.513    63.668
16    89.503    24.164
17    87.696    25.058
18    85.492    22.311
19    89.647    23.866
20    87.902    24.695
21     71.66    95.075
22    72.737    89.197
23    72.709    90.508
24    72.297    88.077
25     68.35    93.432
26    60.613    10.375
27    60.744    10.074
28    58.478    12.813
29    60.881    14.283
30    59.338    13.345
31    23.012    98.239
32    19.745    99.336
33    17.239    94.637
34    19.462    94.703
35     19.81    92.322
36     5.441    54.042
37     7.067    55.741
38     7.291    57.517
39     7.835    57.857
40    10.214    54.491
41    19.664    31.943
42    17.539     31.11
43     10.79    30.921
44    14.879    30.611
45    14.811    30.652
46    18.094    59.568
47    15.311    67.378
48    18.773     62.95
49    20.745    62.683
50    18.474    64.099
51     6.845    37.858
52    12.745    38.095
53     8.652    36.173
54    12.804     36.12
55    11.943    37.983
56    15.997    51.138
57    15.842    51.971
58    19.681    52.438
59    14.076    50.057
60    16.575    52.807
61     24.56    58.829
62    24.237    58.704
63    23.574    61.003
64    26.113    62.503
65    21.451    62.755
66    75.581    54.281
67    74.515    52.712
68     70.87    54.473
69    75.558    52.765
70    74.567    50.358
71     39.48     7.576
72    38.635    11.123
73     39.25    10.291
74    42.232     9.361
75    38.172     9.711
76    22.878    72.064
77    21.783    72.315
78    19.779    71.464
79    17.993    71.469
80    21.754    71.998
81    36.002    49.953
82    35.309    51.165
83    42.445    51.775
84    38.563    55.978
85    42.157    52.321
86    35.588    50.216
87    34.074    49.845
88    34.276    47.296
89    33.014    46.368
90    36.437    42.534
91    38.061     7.251
92    37.802     8.708
93    37.482     7.979
94    36.905    14.214
95    40.305      9.11
96    29.025    60.208
97    28.223    58.121
98    31.928    57.913
99    28.237    62.003
100    29.374    60.175
