11 Stops, 50 Students, 10 Max_Walking, 50 Capacity, 5 Days 

0       0  1  0  0  1
1       1  0  0  1  1
2       0  1  0  1  0
3       1  1  0  0  1
4       1  0  1  1  1
5       1  0  0  0  1
6       0  1  1  0  1
7       1  0  1  0  0
8       0  0  1  1  1
9       1  1  0  0  0
10       1  1  0  1  0
11       0  0  1  0  1
12       0  1  1  0  1
13       1  1  0  1  0
14       1  0  0  1  0
15       1  0  1  1  0
16       0  0  1  0  1
17       1  0  0  0  1
18       1  0  0  0  1
19       1  1  0  0  1
20       0  1  0  0  1
21       0  0  1  0  1
22       1  1  0  0  0
23       0  1  1  0  1
24       1  0  0  1  1
25       1  1  0  0  0
26       0  1  1  0  1
27       1  0  1  1  1
28       1  1  1  1  0
29       0  1  0  0  1
30       1  1  0  1  0
31       1  1  1  0  0
32       0  0  1  1  1
33       0  1  0  1  0
34       1  0  0  1  0
35       1  0  0  0  1
36       0  1  1  0  1
37       1  1  0  0  1
38       0  1  1  0  1
39       0  1  0  0  1
40       0  1  1  0  0
41       1  1  1  1  1
42       1  1  1  0  1
43       1  0  1  1  0
44       1  0  0  0  1
45       1  0  0  1  1
46       1  1  1  1  1
47       0  1  1  1  1
48       1  0  1  1  0
49       1  1  1  0  0


0             50        50
1          73.79    83.987
2          86.29    24.412
3         71.835    68.737
4         41.938    69.727
5         55.498     27.85
6         87.628    69.577
7         73.796    29.025
8         13.611    12.129
9         15.855    53.908
10         74.423    89.226


1    74.138     82.97
2    71.328    83.993
3    73.102    81.426
4    75.291    81.591
5    71.163    81.987
6    77.845    28.165
7    86.293    24.415
8    85.457    21.713
9    79.287    30.212
10    84.502    20.506
11    71.081     70.52
12    72.381    64.773
13    76.696    65.846
14    69.509    74.202
15    80.317    72.273
16    36.605    72.443
17    47.437    66.522
18    47.326    74.497
19    40.205    70.202
20    43.854    72.569
21    53.924    27.886
22      52.2    35.376
23    61.361     30.89
24    47.514    26.452
25    51.147    26.941
26    89.012    73.455
27     79.74    75.709
28    79.708     67.79
29    91.759    62.911
30    93.611     68.62
31    73.052     25.49
32    67.773    29.712
33     70.68    19.821
34    73.907    25.585
35     77.06     33.43
36    14.266    13.469
37     21.56    12.642
38     11.94    12.902
39    13.249    21.204
40    15.825     7.824
41    15.766    53.093
42    18.205    47.626
43    15.208    58.325
44    15.149    44.071
45    12.764    48.474
46    77.537    86.093
47    76.037    90.612
48    72.912    91.824
49    71.936    91.595
50    75.339    93.872
