11 Stops, 50 Students, 40 Max_Walking, 50 Capacity, 5 Days 

0       0  1  1  1  0
1       0  1  1  1  1
2       1  1  1  1  0
3       1  0  0  1  0
4       1  1  0  1  1
5       1  1  0  0  0
6       0  1  1  1  0
7       0  0  0  1  1
8       1  0  1  0  0
9       1  0  1  1  1
10       0  1  1  1  0
11       1  0  1  1  1
12       1  1  1  1  1
13       0  1  1  0  1
14       0  0  1  1  0
15       1  0  1  0  0
16       1  1  0  0  1
17       0  1  1  1  1
18       1  0  0  0  1
19       1  0  1  1  1
20       1  1  1  1  1
21       1  1  1  1  1
22       1  0  1  0  0
23       1  0  1  0  1
24       1  1  1  1  1
25       1  1  0  0  1
26       0  0  1  1  1
27       0  1  0  1  0
28       1  1  1  1  1
29       0  1  1  0  0
30       0  1  1  0  0
31       1  0  0  1  0
32       0  1  0  1  1
33       1  1  1  0  1
34       1  1  0  0  0
35       1  0  1  1  0
36       0  1  1  0  1
37       0  0  1  0  1
38       1  0  1  0  0
39       1  0  1  1  0
40       1  1  1  1  0
41       0  0  1  1  0
42       1  1  0  1  1
43       1  0  1  1  0
44       0  0  1  1  0
45       0  0  1  1  0
46       1  0  1  0  1
47       1  1  1  0  0
48       1  1  1  1  1
49       0  1  1  0  0


0             50        50
1         55.877    59.575
2         59.304    40.919
3         56.804    45.177
4          45.26    41.285
5           49.5    45.867
6         54.242    57.749
7         56.347    42.552
8         45.499    41.476
9         42.067    56.543
10          56.22    44.891


1    76.608     40.17
2    38.121    93.073
3    64.424    57.479
4    54.758     62.21
5    41.944    43.266
6     57.41    23.192
7    70.137    33.717
8    65.904    26.474
9    49.095    32.027
10    92.838    35.864
11    83.958    66.196
12    75.701    47.205
13    46.947    74.542
14     30.95    39.385
15    70.314    46.598
16    64.143     74.36
17    39.009    20.844
18     43.13    58.729
19    45.275     41.25
20    45.404    41.297
21    27.944    72.494
22    47.783     68.98
23    35.797    56.505
24     22.11     55.89
25    48.133    15.648
26     47.84    20.057
27    61.238    51.985
28    22.154    63.909
29    74.132    54.091
30    54.898     55.06
31    60.159    28.816
32    76.993    66.231
33    37.813    51.815
34    34.931    33.513
35    31.494    14.862
36    80.538    44.663
37    44.292    43.081
38    39.255    52.197
39    45.751    73.585
40    45.943      41.8
41    20.639    62.128
42    12.757    29.642
43    40.983    50.355
44    53.983    79.409
45    12.253    65.246
46    69.134    57.669
47    55.716    57.027
48    31.391    71.953
49    63.705    43.609
50    43.053    23.471
