11 Stops, 200 Students, 40 Max_Walking, 25 Capacity, 5 Days 

0       1  1  1  1  1
1       1  1  1  1  1
2       1  1  1  1  1
3       1  1  1  1  1
4       1  1  1  1  1
5       1  0  0  1  1
6       1  1  1  1  1
7       1  1  1  1  1
8       1  1  1  1  1
9       1  1  1  1  1
10       1  1  1  1  1
11       1  1  1  1  1
12       1  1  1  1  1
13       1  1  1  1  1
14       1  0  1  1  1
15       1  1  1  1  1
16       1  1  1  1  1
17       0  0  0  1  1
18       1  1  1  1  1
19       1  1  1  1  1
20       1  1  1  1  1
21       1  1  1  1  1
22       1  1  1  1  1
23       1  1  1  1  1
24       0  1  1  0  0
25       1  1  1  1  1
26       1  1  1  1  1
27       1  1  1  1  1
28       1  1  1  1  1
29       1  1  1  1  1
30       0  1  0  1  1
31       0  1  1  0  0
32       1  1  0  1  0
33       1  1  1  1  1
34       1  1  1  1  1
35       1  1  1  1  1
36       0  0  0  1  1
37       1  1  1  1  1
38       1  1  1  1  1
39       1  1  1  1  1
40       0  1  0  0  1
41       1  1  1  0  1
42       1  1  1  1  1
43       1  1  1  1  1
44       1  1  1  1  1
45       1  1  1  1  1
46       1  1  1  1  1
47       0  0  1  1  1
48       1  1  1  1  1
49       1  1  1  1  1
50       1  1  1  1  1
51       1  0  1  1  0
52       1  1  1  1  1
53       1  1  1  1  1
54       1  1  1  1  1
55       1  1  1  1  1
56       1  1  1  1  1
57       1  1  1  1  1
58       1  0  0  1  0
59       1  1  1  1  1
60       1  1  1  1  1
61       1  1  1  1  1
62       1  1  1  1  1
63       1  1  1  1  1
64       1  1  1  1  1
65       1  1  1  1  1
66       1  1  1  1  1
67       0  1  1  0  1
68       1  1  1  1  1
69       1  1  1  1  1
70       1  1  1  1  1
71       1  0  0  1  1
72       1  1  1  1  1
73       1  1  1  1  1
74       1  1  1  1  1
75       0  0  1  1  1
76       1  1  1  1  1
77       1  1  1  1  1
78       1  1  1  1  1
79       0  0  1  1  0
80       1  1  1  1  0
81       1  0  1  0  1
82       1  1  1  1  1
83       1  1  1  1  1
84       1  1  1  1  1
85       1  1  1  1  1
86       1  1  1  1  1
87       1  1  1  1  1
88       1  1  1  1  1
89       1  0  1  1  0
90       1  1  1  1  1
91       1  1  1  1  1
92       1  1  1  1  1
93       1  1  1  1  1
94       1  1  1  1  1
95       1  1  1  1  1
96       1  1  1  1  1
97       1  1  1  1  1
98       0  1  1  0  1
99       1  1  1  1  1
100       0  0  1  1  1
101       1  1  1  1  1
102       1  1  1  1  1
103       1  1  1  1  1
104       1  1  1  1  1
105       1  1  1  1  1
106       1  1  1  1  1
107       1  1  1  1  1
108       1  1  1  1  1
109       1  1  1  1  1
110       1  0  0  1  1
111       0  1  0  0  1
112       1  1  1  1  1
113       1  0  0  0  1
114       1  1  1  1  1
115       0  0  1  1  1
116       1  1  1  1  1
117       0  1  1  1  1
118       1  1  1  1  1
119       1  1  1  1  1
120       1  1  1  1  1
121       1  1  1  1  1
122       1  1  1  1  1
123       1  1  1  1  1
124       0  0  1  0  1
125       1  1  1  1  1
126       1  1  1  1  0
127       1  1  1  1  1
128       1  1  1  1  1
129       1  1  1  1  1
130       1  1  1  1  1
131       1  1  1  1  1
132       1  1  1  1  1
133       0  1  0  0  1
134       1  1  1  1  1
135       1  1  1  1  1
136       1  1  1  1  1
137       1  1  1  1  1
138       1  1  1  1  1
139       1  1  1  1  1
140       1  1  1  1  1
141       1  1  1  1  1
142       1  1  1  1  1
143       1  1  1  1  1
144       0  0  1  1  0
145       1  1  1  1  1
146       1  1  1  1  1
147       1  1  1  0  1
148       1  1  1  1  1
149       1  1  1  1  1
150       1  1  1  1  1
151       1  1  1  1  1
152       1  1  1  1  1
153       1  1  1  1  1
154       1  1  1  1  0
155       1  1  1  1  1
156       1  1  0  1  1
157       1  0  0  1  0
158       1  1  1  1  1
159       1  1  1  1  1
160       1  1  1  1  1
161       0  1  0  1  1
162       0  1  1  0  1
163       0  1  1  1  1
164       1  1  1  1  1
165       0  0  1  1  1
166       1  1  1  1  1
167       0  1  0  1  0
168       1  1  1  1  1
169       1  0  0  1  1
170       1  1  1  1  1
171       1  1  1  1  1
172       1  1  1  0  0
173       1  1  0  1  1
174       0  1  0  1  0
175       1  1  0  1  0
176       1  1  1  1  1
177       1  1  1  1  1
178       1  1  1  1  1
179       1  1  1  1  1
180       1  1  1  1  1
181       1  1  1  1  1
182       0  1  0  1  1
183       1  1  1  1  1
184       1  1  0  0  0
185       1  1  1  1  1
186       1  1  1  1  1
187       1  1  1  1  1
188       1  1  1  1  1
189       1  1  1  1  1
190       1  1  1  1  1
191       1  1  1  1  1
192       1  1  1  1  1
193       1  1  1  1  1
194       1  1  1  1  1
195       1  1  1  1  1
196       1  1  1  1  1
197       0  0  1  0  1
198       1  1  0  0  0
199       1  1  1  1  1


0             50        50
1          48.23    53.905
2         57.821    55.552
3         52.583    41.524
4         52.664     46.98
5         41.862    48.785
6         51.423      47.5
7         42.454    45.194
8         46.292    46.694
9         40.811    43.495
10         49.901    59.272


1    49.195    50.937
2    70.176    57.049
3    56.235    25.165
4    64.284    36.303
5     18.38    63.435
6    47.775    53.497
7    60.702    80.887
8    78.974    76.437
9    73.488    41.193
10    64.546    40.913
11    44.959    84.773
12    49.125    56.953
13    75.984    43.055
14    64.634    47.857
15    67.037    21.701
16    49.713    35.887
17    35.633    44.022
18    61.644    65.799
19    27.841    43.912
20    61.965    49.044
21    58.173    57.953
22    44.148    61.689
23    51.852    70.296
24    52.798    53.486
25     49.59    32.459
26    88.464    43.559
27     69.26    63.863
28    60.195    34.171
29     56.36    94.906
30    64.173     52.36
31    32.845    49.494
32    57.958    55.429
33    56.133     49.72
34    75.541    38.886
35    66.037    59.688
36    47.262    49.352
37    60.659    29.601
38    50.558    53.649
39    66.959    87.809
40    43.578    66.807
41    70.719    67.671
42    44.315    59.689
43     62.26    12.497
44    52.624     41.11
45     34.92    35.774
46    72.331    61.615
47    38.602    16.981
48    65.819    26.082
49    52.764    25.766
50     50.23    66.243
51    51.495     72.64
52      86.2    57.157
53    62.104    54.188
54     80.35    25.908
55    52.656    41.484
56    34.401    46.038
57    44.941    48.289
58     77.93    58.429
59    18.722    38.361
60    76.654     36.78
61    27.686    20.378
62    74.397    39.538
63     34.48    32.107
64    59.509     47.46
65    48.668    45.076
66    36.399    70.971
67    40.687    59.288
68    13.396    44.117
69    59.239    74.703
70    58.014    48.946
71    51.469    49.837
72    17.528    34.533
73    75.204    47.489
74    38.474    28.411
75    26.723    62.578
76     45.91    71.646
77    70.564    40.698
78    37.768    71.597
79     50.16    30.074
80    23.295    69.789
81    41.853    50.013
82    57.216    58.934
83    43.338    51.312
84    69.998    68.379
85    36.327    50.491
86    51.851    25.348
87    47.623    48.382
88    39.307    49.884
89    38.681    46.345
90    42.906    49.376
91    45.967    76.219
92    11.377     50.22
93    71.826    57.826
94    24.274    63.791
95    20.142    51.926
96    16.128    65.246
97    77.317    64.221
98    58.548    22.794
99    64.801    76.941
100    56.591    50.875
101    57.588     73.64
102    29.349     50.33
103    47.875     8.731
104     79.05    33.522
105    23.377    62.588
106    56.362    51.095
107    56.776    47.595
108    40.517    33.625
109    33.027    63.839
110    44.375    19.599
111    33.013    59.865
112     24.29    45.811
113    60.174    46.942
114    49.877    50.063
115     54.53    56.299
116     82.98    51.176
117    56.107    46.968
118     67.21    14.869
119    73.989      24.5
120    59.615    69.891
121     40.38    53.892
122     7.036    40.336
123     38.07    26.399
124    36.381      8.79
125     3.866    37.307
126    41.938    46.494
127    41.096    44.961
128    48.847     6.593
129    67.698    49.947
130    56.456    27.607
131    50.312    72.412
132    10.808    41.952
133     48.66    66.247
134    50.271    51.698
135    66.565    39.874
136     47.28    44.402
137    30.327    16.299
138    42.633    44.567
139    12.978    37.687
140    30.937    47.408
141    29.232    55.897
142    62.547     51.19
143    53.454    53.068
144     43.16    40.578
145    67.994    58.877
146    42.527    35.662
147    48.118     41.09
148    47.942     77.43
149    50.268    66.456
150    49.996    26.274
151    41.235    62.087
152    47.199    47.628
153    46.063    44.713
154    49.308    35.629
155    73.655     35.81
156     75.96    51.399
157    41.625    54.188
158    36.474    51.465
159     52.66    41.744
160    31.406    20.424
161    37.435    23.493
162    40.598    43.014
163    40.129    76.239
164    10.195    65.908
165    15.483    49.723
166    18.925    49.289
167    26.083    14.757
168    41.862    45.725
169    35.456    38.397
170    12.967    43.245
171    55.241    33.229
172    38.396    46.934
173      58.3    49.371
174    14.728    34.176
175    59.528    44.004
176    67.364    23.777
177    18.359    32.114
178    47.824    32.419
179    41.817    51.392
180    46.278    14.634
181    40.991    23.574
182    56.086    58.997
183    39.755      40.2
184    70.274    33.634
185    37.541      38.1
186    48.101    56.887
187    49.845    63.917
188    56.381    62.468
189      54.6    60.715
190    41.541    92.883
191    47.293    35.962
192    70.834    38.852
193    34.435    63.621
194    61.742    58.759
195    36.432     64.85
196    67.663    85.265
197    38.765    73.251
198    80.386     56.23
199     20.75    58.542
200    49.313    64.875
