11 Stops, 200 Students, 10 Max_Walking, 25 Capacity, 5 Days 

0       0  0  0  1  1
1       0  0  1  0  1
2       0  0  1  0  1
3       0  1  0  1  0
4       1  1  1  1  1
5       1  1  0  1  0
6       1  0  1  0  1
7       1  0  1  1  0
8       1  0  1  0  1
9       0  1  1  0  1
10       1  0  0  0  1
11       0  0  1  1  0
12       0  1  0  0  1
13       1  1  1  1  1
14       1  1  0  1  0
15       0  1  0  0  1
16       1  0  0  1  1
17       1  1  1  1  1
18       1  0  1  1  0
19       1  1  1  1  1
20       1  0  1  1  0
21       0  1  1  1  1
22       0  1  1  1  0
23       1  0  1  1  1
24       0  1  0  1  0
25       1  0  0  1  1
26       0  1  0  1  0
27       1  0  1  1  1
28       1  0  1  1  0
29       1  1  1  1  0
30       0  0  1  1  1
31       1  1  1  1  0
32       1  1  1  1  1
33       0  1  0  1  1
34       1  0  1  0  1
35       0  1  0  0  1
36       0  0  1  0  1
37       1  0  0  0  1
38       1  0  0  1  1
39       1  1  1  0  0
40       0  1  1  1  0
41       1  0  1  1  1
42       1  1  1  1  1
43       0  0  0  1  1
44       0  0  1  0  1
45       0  0  1  1  0
46       1  1  0  1  1
47       1  1  0  0  1
48       0  1  1  0  1
49       1  0  1  1  0
50       1  0  0  1  1
51       0  1  1  1  0
52       0  1  0  1  1
53       1  1  0  1  1
54       0  1  1  1  0
55       0  1  1  0  0
56       1  1  0  0  0
57       0  0  1  1  1
58       1  0  1  1  0
59       0  1  1  1  1
60       1  1  1  0  0
61       1  0  0  1  1
62       1  0  0  0  1
63       1  0  1  0  0
64       0  1  0  1  1
65       1  0  1  0  0
66       1  1  0  0  1
67       1  1  1  1  1
68       1  0  0  1  0
69       1  0  0  0  1
70       1  1  0  0  0
71       1  0  1  0  0
72       0  0  1  0  1
73       0  1  0  1  0
74       1  0  1  1  0
75       1  1  0  1  1
76       1  1  1  0  1
77       1  0  0  1  0
78       0  1  1  0  1
79       0  1  1  0  1
80       0  0  0  1  1
81       0  1  0  1  0
82       0  1  0  1  1
83       0  1  0  0  1
84       0  0  1  0  1
85       1  0  0  1  1
86       0  1  1  0  1
87       0  1  1  0  1
88       1  0  1  0  0
89       0  0  1  1  0
90       1  1  0  1  1
91       0  0  1  1  1
92       0  0  1  1  1
93       0  1  1  1  0
94       1  0  0  1  1
95       1  0  1  0  1
96       1  0  1  0  1
97       1  0  0  0  1
98       0  1  0  1  0
99       0  1  0  1  0
100       1  0  0  0  1
101       0  0  1  1  0
102       1  0  1  1  0
103       0  1  0  1  0
104       1  1  1  1  1
105       1  0  1  0  1
106       1  1  1  1  1
107       1  1  0  0  0
108       1  0  0  1  1
109       1  1  1  1  0
110       1  0  1  0  0
111       1  1  1  0  1
112       1  1  1  0  1
113       1  1  1  1  1
114       1  1  1  0  1
115       1  1  0  1  1
116       0  1  1  0  1
117       0  0  1  1  1
118       0  1  0  0  1
119       0  1  0  1  1
120       0  1  0  1  0
121       0  0  1  0  1
122       0  1  0  1  1
123       1  0  1  1  1
124       0  1  0  1  1
125       1  0  1  0  0
126       0  1  1  1  1
127       1  1  1  0  1
128       1  1  1  0  0
129       1  0  1  0  0
130       0  0  1  0  1
131       0  0  1  0  1
132       0  0  0  1  1
133       1  0  1  0  1
134       0  1  1  0  0
135       1  0  1  1  1
136       0  0  1  1  0
137       1  1  1  1  1
138       0  1  0  0  1
139       1  0  1  0  1
140       1  1  1  0  1
141       1  0  0  1  0
142       0  1  1  0  0
143       0  1  0  1  0
144       0  0  1  0  1
145       0  0  1  0  1
146       1  1  1  1  0
147       1  0  0  0  1
148       1  0  0  1  0
149       1  0  0  0  1
150       0  1  1  1  1
151       1  1  1  0  0
152       1  0  0  1  0
153       1  0  1  0  1
154       0  1  1  1  0
155       0  1  0  1  0
156       0  1  0  0  1
157       0  0  1  1  1
158       1  1  1  0  1
159       0  0  1  0  1
160       0  1  1  0  0
161       0  0  1  0  1
162       0  1  0  0  1
163       1  1  0  1  1
164       1  0  1  0  1
165       0  1  0  1  1
166       1  0  0  0  1
167       0  1  0  1  0
168       0  1  0  1  0
169       1  0  1  0  0
170       0  1  1  1  1
171       1  1  1  0  0
172       0  1  0  1  1
173       0  0  1  1  1
174       0  0  1  1  1
175       1  0  0  0  1
176       0  0  0  1  1
177       0  1  1  1  0
178       0  0  1  1  1
179       1  0  0  0  1
180       1  1  0  0  0
181       1  0  0  1  1
182       0  1  1  0  0
183       1  1  0  1  1
184       1  1  1  0  0
185       1  0  1  0  1
186       1  0  1  1  0
187       1  1  0  0  1
188       0  1  0  1  0
189       1  0  0  1  0
190       0  0  1  0  1
191       0  0  1  1  0
192       1  1  1  1  1
193       1  1  1  1  0
194       1  0  1  1  1
195       1  1  1  1  1
196       1  0  1  1  0
197       1  0  0  1  1
198       0  1  1  1  0
199       1  0  1  0  0


0             50        50
1         80.157    46.142
2          73.92    56.467
3         58.773    19.479
4         43.974    55.615
5         19.854    50.419
6          15.13      29.9
7         32.424     57.36
8         19.515    36.861
9         33.214    55.989
10          20.49    31.425


1    79.355     40.54
2     73.44    53.342
3    81.293    41.577
4    80.701    42.886
5    78.844    46.757
6    76.563     46.71
7    75.335    51.103
8    81.536    40.519
9    79.033    49.178
10    82.229     49.77
11    78.568    36.492
12    77.993    43.459
13    83.703    43.734
14    83.874    45.967
15    77.635     52.71
16    80.994     41.74
17    84.458    41.487
18      78.5    40.217
19    76.985    50.536
20    74.925     44.68
21    75.441    56.569
22     77.59    59.057
23    74.059     53.68
24    74.601    58.364
25    66.225    58.398
26     67.26    58.338
27    73.993    61.923
28    67.213    51.218
29     75.69    46.879
30    73.522    56.372
31    75.008    56.088
32    71.338    56.147
33    69.545    50.661
34    73.734    57.496
35    74.072    56.432
36    75.145     59.74
37    73.794    56.843
38    73.562    56.521
39    78.567    49.863
40    80.558    57.504
41    61.875    19.793
42    64.015     11.36
43    56.122    23.178
44    67.183    17.705
45    50.222    14.468
46    66.863     16.87
47    64.271    21.734
48    57.462    20.209
49    61.952    22.517
50     51.33     18.98
51    55.333    27.184
52     54.55    19.097
53     65.19    16.621
54      56.2     18.15
55    57.673    19.759
56    56.454    28.771
57    62.188    15.827
58    53.251    26.709
59    59.405     22.63
60    56.841    22.816
61    36.191    50.409
62    38.696     58.78
63    39.879    58.788
64    43.219    52.251
65     53.63    55.967
66    42.452    56.858
67    47.404    53.485
68     52.78    56.919
69    43.604    52.885
70    43.949    52.506
71    46.614    52.408
72     38.99    53.344
73    43.202    54.703
74    44.292    57.284
75    49.179    52.839
76    45.128    58.979
77    49.676     59.91
78    44.596    56.942
79    44.806    56.848
80    52.153    58.997
81     13.35    50.287
82    25.483    56.438
83    17.548    41.731
84    20.526    42.033
85    19.678    50.313
86    29.167    53.078
87     10.41    51.749
88    19.891    52.732
89    25.237    50.257
90    16.682     52.89
91      20.5    54.128
92    21.993     51.39
93    20.043    49.144
94    23.015    54.667
95    22.199    51.852
96    19.845    50.531
97    24.439    46.543
98     22.52    52.924
99    20.535    48.282
100    13.295    52.153
101    12.422    28.206
102    20.678    26.519
103    15.347    29.957
104    14.628    27.447
105    20.252    27.055
106     9.681    23.518
107    20.877    28.865
108    18.598    31.899
109    11.182    28.491
110    13.495    31.298
111     6.119    28.037
112    10.282    27.885
113    16.944    29.076
114    21.155    25.161
115     7.866    24.671
116    23.566    35.264
117    12.422    27.687
118    17.025    34.309
119     7.056    29.117
120    15.522    29.156
121    38.476    52.659
122    31.276     53.41
123    34.617    64.638
124     40.82    59.822
125    30.099      58.1
126    32.018    59.739
127    33.795    61.849
128    36.531    49.903
129    33.116    56.611
130     33.05    60.399
131    34.321    56.046
132    32.419    58.514
133    34.328    57.479
134    41.382    61.273
135    31.331    47.687
136    32.308    57.481
137    31.453    60.305
138    29.719    57.676
139    32.814    55.706
140     32.62    55.929
141    19.953    32.232
142    18.994    36.667
143    19.217    43.491
144    23.551    35.532
145    16.937    35.537
146     23.03    30.027
147    16.167    45.837
148    23.514    38.296
149    21.341    35.742
150    19.888     37.51
151    19.025    36.675
152    16.469    41.066
153    20.673    41.046
154    25.292    32.885
155    19.469    36.668
156    17.823     31.84
157    20.329    36.616
158     19.16    34.659
159    23.748    37.115
160    19.391    38.184
161    27.368    57.339
162    33.985    48.953
163    35.781    60.551
164    30.808    51.323
165    30.413    60.227
166    27.818    58.054
167    32.504    64.496
168    26.061     52.65
169    33.277    56.619
170    26.148    56.064
171    34.233    60.775
172    30.527    55.912
173     40.05    56.212
174    32.812     57.31
175    32.027    52.782
176    34.829     56.97
177    35.038    52.426
178    34.033    56.671
179    34.655    59.579
180    27.025    56.774
181     21.26    29.537
182    24.679    29.949
183    20.284    31.119
184    11.292    29.061
185    23.757    34.208
186     22.17    29.329
187    25.684    37.168
188      20.9    29.365
189    23.371    28.302
190    20.004    30.475
191    28.102    29.754
192     18.33    38.359
193     13.72    25.525
194    16.656    33.709
195    20.808    28.628
196    17.982    36.019
197    20.745    31.502
198    25.415    31.243
199    20.618    33.908
200    19.705     28.19
