81 Stops, 800 Students, 20 Max_Walking, 25 Capacity, 5 Days 

0       1  1  0  0  1
1       1  1  1  1  1
2       0  0  1  0  1
3       1  0  0  1  0
4       1  1  1  1  1
5       0  0  1  1  0
6       1  0  0  1  0
7       0  0  1  1  0
8       1  1  1  1  1
9       1  1  1  1  1
10       0  1  1  0  0
11       1  1  1  1  1
12       1  1  1  1  1
13       0  0  1  1  0
14       1  1  1  1  1
15       1  1  1  1  1
16       1  1  1  1  1
17       0  1  1  0  1
18       1  1  1  1  1
19       1  1  1  1  1
20       1  1  1  1  1
21       1  0  0  0  1
22       1  1  1  1  1
23       1  1  1  1  1
24       1  1  1  1  1
25       1  1  0  1  1
26       1  1  1  1  1
27       0  1  1  0  1
28       0  1  1  1  0
29       1  1  1  1  1
30       1  0  0  0  1
31       1  1  1  1  1
32       0  1  1  0  0
33       1  1  1  1  1
34       1  1  0  0  0
35       1  0  1  0  1
36       1  1  0  0  1
37       1  1  1  0  0
38       1  1  1  0  1
39       0  1  1  1  1
40       1  1  1  1  1
41       1  1  0  1  1
42       0  1  0  1  0
43       1  1  1  1  1
44       1  1  1  1  1
45       1  0  1  0  1
46       1  1  1  1  1
47       0  0  1  1  1
48       1  1  1  1  1
49       0  1  1  0  0
50       0  1  0  0  1
51       1  1  1  1  1
52       1  1  1  1  1
53       1  1  1  1  1
54       1  0  1  1  0
55       1  1  1  1  1
56       0  1  0  1  0
57       1  1  1  1  1
58       1  1  1  1  1
59       0  1  0  1  1
60       1  1  1  1  1
61       1  1  1  1  1
62       1  0  0  1  0
63       1  1  1  1  1
64       1  1  1  1  1
65       1  1  1  1  1
66       1  1  1  1  1
67       1  0  1  1  0
68       1  1  1  1  1
69       1  0  0  1  1
70       1  1  1  1  1
71       1  1  1  1  1
72       1  1  1  1  1
73       1  0  1  1  0
74       1  1  1  1  1
75       1  1  1  1  1
76       1  1  1  1  1
77       1  1  0  1  1
78       0  1  0  0  1
79       1  0  0  1  0
80       1  1  1  1  1
81       0  1  0  1  0
82       0  1  0  0  1
83       1  1  1  1  1
84       0  1  1  1  1
85       0  0  1  1  1
86       0  1  1  0  0
87       1  1  1  1  1
88       1  1  1  1  1
89       1  0  0  1  1
90       1  1  1  1  1
91       1  1  1  1  1
92       1  1  1  1  1
93       1  1  1  1  1
94       1  1  1  1  1
95       1  1  1  1  1
96       1  1  1  1  1
97       0  0  1  0  1
98       1  0  0  1  1
99       1  1  0  0  1
100       1  1  1  1  1
101       0  1  0  0  1
102       1  1  1  1  1
103       1  1  1  1  1
104       1  1  1  1  1
105       0  1  0  0  1
106       1  1  0  1  0
107       1  0  1  1  0
108       1  0  1  0  1
109       1  1  0  1  1
110       1  1  1  1  1
111       1  1  1  1  1
112       0  0  1  0  1
113       1  1  1  1  1
114       1  1  1  1  1
115       1  1  1  1  1
116       0  0  1  1  0
117       1  1  1  1  1
118       1  0  1  1  0
119       1  1  1  1  0
120       1  1  1  0  1
121       1  1  1  1  1
122       1  1  1  1  1
123       1  1  1  1  0
124       1  1  1  1  1
125       1  1  1  1  1
126       1  1  1  0  0
127       1  1  1  1  1
128       1  1  1  1  1
129       1  1  1  1  1
130       1  1  1  0  1
131       0  0  1  0  1
132       1  1  1  1  1
133       1  1  1  1  1
134       1  1  1  1  1
135       0  1  1  1  0
136       1  1  1  1  1
137       1  1  0  0  0
138       1  0  0  1  0
139       0  1  0  1  1
140       1  1  1  1  1
141       1  1  1  1  1
142       1  1  0  1  1
143       0  1  1  1  0
144       1  0  0  1  0
145       1  1  1  1  1
146       1  0  1  1  1
147       1  1  1  1  1
148       0  1  0  1  0
149       1  1  1  1  1
150       1  0  0  0  1
151       1  1  1  1  1
152       1  1  1  1  1
153       1  1  1  1  1
154       1  1  1  1  1
155       1  1  1  1  1
156       1  1  1  1  1
157       1  1  1  1  0
158       1  0  0  0  1
159       1  1  1  1  1
160       1  1  1  1  1
161       1  1  1  1  1
162       0  1  1  1  0
163       1  1  1  0  0
164       1  1  1  1  1
165       0  1  1  0  1
166       0  1  1  1  1
167       0  1  0  1  0
168       1  1  1  1  1
169       1  1  1  1  1
170       0  1  0  1  0
171       1  1  1  1  1
172       1  0  0  0  1
173       1  1  1  1  1
174       0  1  0  1  0
175       1  1  1  1  1
176       1  1  1  1  1
177       1  1  1  1  1
178       0  1  1  0  1
179       1  1  1  1  1
180       0  0  0  1  1
181       1  1  0  1  1
182       1  1  1  1  1
183       1  1  0  1  1
184       1  0  1  0  1
185       1  1  1  1  1
186       0  1  0  1  1
187       0  1  1  1  1
188       1  1  1  0  0
189       1  1  1  1  1
190       0  1  0  0  1
191       1  0  1  1  0
192       1  1  1  1  1
193       1  1  1  1  1
194       0  1  1  1  1
195       1  0  1  1  0
196       1  1  1  1  1
197       1  1  1  1  1
198       1  0  1  1  1
199       0  1  0  1  1
200       0  0  1  0  1
201       1  1  1  1  1
202       1  1  1  1  1
203       1  1  0  0  1
204       1  0  1  0  1
205       1  1  0  1  0
206       0  1  1  0  1
207       1  1  1  1  1
208       1  0  1  0  1
209       1  1  1  1  1
210       0  1  0  1  0
211       1  1  1  1  1
212       0  0  1  1  0
213       1  1  1  1  1
214       1  0  1  1  0
215       1  1  0  1  1
216       1  1  1  1  1
217       0  1  0  1  1
218       1  1  1  1  1
219       1  1  1  1  1
220       0  1  0  1  0
221       1  1  1  1  1
222       0  1  1  1  1
223       0  1  1  1  1
224       0  1  0  1  0
225       1  1  0  1  0
226       1  1  1  1  1
227       1  1  1  1  1
228       1  1  1  1  1
229       1  1  1  0  0
230       1  0  0  0  1
231       1  1  1  0  1
232       0  1  0  1  0
233       1  1  1  1  1
234       1  1  1  1  1
235       1  0  0  0  1
236       1  1  1  1  1
237       1  1  0  1  0
238       1  1  1  1  1
239       1  0  1  1  0
240       1  1  1  1  1
241       1  0  1  0  1
242       0  1  1  1  0
243       1  1  1  1  1
244       0  1  1  1  1
245       1  1  1  1  1
246       1  1  1  1  1
247       1  1  1  1  1
248       1  1  1  1  1
249       1  1  1  1  1
250       1  1  1  1  1
251       1  1  0  1  0
252       1  1  1  1  1
253       1  0  0  1  1
254       1  1  1  1  1
255       1  1  1  1  1
256       1  1  1  1  1
257       1  1  1  1  1
258       0  0  0  1  1
259       1  1  1  1  1
260       1  1  0  0  1
261       1  1  0  1  1
262       1  0  0  1  0
263       1  1  1  1  1
264       0  0  1  1  1
265       1  1  1  1  1
266       1  1  0  1  1
267       1  1  0  0  0
268       1  1  1  1  1
269       1  1  1  0  1
270       1  1  1  1  1
271       1  1  1  1  1
272       1  0  0  1  0
273       1  1  1  1  1
274       0  1  1  0  0
275       0  1  1  1  1
276       1  1  1  1  1
277       1  1  1  1  1
278       1  1  1  0  1
279       1  1  1  1  1
280       1  1  1  1  1
281       0  1  0  0  1
282       1  1  0  1  0
283       1  1  1  1  1
284       1  0  1  1  1
285       1  1  1  1  1
286       0  1  1  0  1
287       1  0  1  1  1
288       1  1  1  1  1
289       0  1  0  0  1
290       1  1  1  1  1
291       1  1  1  1  1
292       1  1  1  1  1
293       1  1  1  1  1
294       1  1  1  1  1
295       0  0  1  0  1
296       1  1  1  1  1
297       0  0  0  1  1
298       1  1  1  1  1
299       1  1  1  1  1
300       1  1  1  1  1
301       0  1  1  0  0
302       0  0  1  0  1
303       1  0  0  0  1
304       1  1  1  1  0
305       1  1  1  1  1
306       0  0  1  0  1
307       0  1  1  0  0
308       0  1  1  1  1
309       1  1  1  0  1
310       0  0  1  1  1
311       1  1  1  1  1
312       1  1  1  1  1
313       1  1  1  0  1
314       1  0  0  1  0
315       1  0  1  0  1
316       1  1  1  1  1
317       1  1  1  1  1
318       1  1  1  1  1
319       1  1  1  1  1
320       0  1  1  1  0
321       0  1  0  1  0
322       1  1  1  1  1
323       0  1  0  1  1
324       1  1  1  1  1
325       1  0  1  0  1
326       1  1  0  1  1
327       1  1  1  1  1
328       1  1  1  1  1
329       1  1  1  1  1
330       1  1  1  1  1
331       1  1  1  1  1
332       1  1  1  1  1
333       1  1  1  1  1
334       0  1  0  1  1
335       1  1  1  1  1
336       1  1  1  1  1
337       1  1  1  1  1
338       0  1  1  0  0
339       1  1  1  1  1
340       1  1  1  1  1
341       1  1  1  1  1
342       1  0  0  0  1
343       1  0  1  1  1
344       1  1  1  1  1
345       1  1  1  1  1
346       1  1  1  0  1
347       1  1  1  1  1
348       0  0  1  1  0
349       1  1  1  1  1
350       1  1  0  0  0
351       0  0  1  0  1
352       0  1  1  0  0
353       1  0  0  0  1
354       1  1  0  0  0
355       1  0  0  1  1
356       1  1  0  0  1
357       1  0  0  0  1
358       1  1  1  1  1
359       1  1  0  1  1
360       1  1  0  1  0
361       1  0  0  1  1
362       1  1  1  1  1
363       1  1  1  1  1
364       0  0  1  0  1
365       1  1  1  1  1
366       1  1  1  1  1
367       1  1  1  1  1
368       1  1  1  1  1
369       1  1  1  1  1
370       1  0  1  0  0
371       1  1  1  1  1
372       1  1  0  1  1
373       1  1  1  1  1
374       1  1  1  1  1
375       1  1  1  1  1
376       0  1  0  0  1
377       1  1  1  1  1
378       1  1  1  1  1
379       1  1  1  1  1
380       1  1  1  0  1
381       1  1  1  0  1
382       1  1  1  0  0
383       1  1  1  1  1
384       1  1  1  1  1
385       1  1  1  1  1
386       1  1  1  1  1
387       1  1  1  1  1
388       1  1  1  1  1
389       1  0  0  1  0
390       1  1  1  1  1
391       0  1  0  1  0
392       1  1  1  1  1
393       1  1  1  1  1
394       1  1  1  1  1
395       1  1  1  1  1
396       1  1  1  1  1
397       1  1  1  1  1
398       1  1  1  1  1
399       1  1  1  1  1
400       1  1  1  1  1
401       0  0  0  1  1
402       1  0  0  0  1
403       1  1  0  1  0
404       1  1  1  1  1
405       0  1  0  1  1
406       0  0  0  1  1
407       1  1  1  1  1
408       0  1  1  0  1
409       1  1  1  1  1
410       1  1  1  1  1
411       0  1  1  0  0
412       1  1  1  1  1
413       1  0  1  1  0
414       1  1  0  1  0
415       1  1  1  1  1
416       1  1  1  1  1
417       0  1  0  0  1
418       1  1  1  1  1
419       1  0  1  1  1
420       1  1  1  1  1
421       1  1  1  1  1
422       1  1  1  1  1
423       1  0  1  0  1
424       1  1  0  1  1
425       1  1  1  1  1
426       1  1  1  1  1
427       1  1  0  0  0
428       1  1  1  1  1
429       1  0  0  0  1
430       1  1  1  1  1
431       1  1  1  1  1
432       1  1  0  0  1
433       1  1  1  1  1
434       1  0  0  0  1
435       1  1  1  1  1
436       1  1  1  1  1
437       1  1  1  1  1
438       1  1  1  1  1
439       0  1  1  0  0
440       1  1  1  1  1
441       1  1  0  0  0
442       1  1  1  1  1
443       1  0  0  1  0
444       1  1  1  1  1
445       0  0  1  0  1
446       0  1  1  0  0
447       1  0  0  1  1
448       1  0  1  1  1
449       1  0  1  1  1
450       0  0  1  1  1
451       1  1  0  0  0
452       1  1  1  1  1
453       0  1  0  1  0
454       1  1  1  1  1
455       1  0  1  0  0
456       1  1  1  1  1
457       1  1  1  0  0
458       1  1  1  1  1
459       1  1  0  1  0
460       1  0  1  1  1
461       1  1  1  1  1
462       1  0  1  0  1
463       0  0  0  1  1
464       1  1  1  1  1
465       1  1  1  1  1
466       1  1  1  1  1
467       1  1  1  1  1
468       1  1  1  1  1
469       1  1  1  1  1
470       0  0  1  0  1
471       1  1  1  1  1
472       0  1  1  1  1
473       1  1  1  1  1
474       1  1  1  0  0
475       1  1  1  1  1
476       1  1  1  1  1
477       1  1  0  0  0
478       1  1  1  1  1
479       1  1  1  1  1
480       1  1  1  1  1
481       0  0  1  1  0
482       1  1  1  1  1
483       1  1  1  1  1
484       1  0  1  0  1
485       0  0  1  1  1
486       1  1  1  1  1
487       1  1  1  1  1
488       1  1  1  1  1
489       1  1  1  1  1
490       1  1  1  1  1
491       1  1  1  1  1
492       1  1  1  1  1
493       1  1  1  1  1
494       1  1  1  1  1
495       1  1  1  0  0
496       1  1  1  1  1
497       1  1  1  1  1
498       1  1  1  1  1
499       0  1  1  0  0
500       1  1  1  1  1
501       1  1  1  1  1
502       1  1  1  0  1
503       0  0  1  0  1
504       1  1  1  1  1
505       1  1  1  1  1
506       0  0  1  0  1
507       1  1  1  1  1
508       1  1  1  1  1
509       1  1  1  0  0
510       1  1  0  0  0
511       1  0  1  0  1
512       1  0  0  0  1
513       0  0  1  1  1
514       0  0  1  0  1
515       1  0  1  1  0
516       1  0  0  0  1
517       1  1  1  1  1
518       1  0  1  0  1
519       1  1  1  1  1
520       1  1  1  1  1
521       1  1  1  1  1
522       1  1  1  1  1
523       1  1  1  1  1
524       1  1  1  1  1
525       1  1  1  1  1
526       1  1  1  0  0
527       1  1  1  1  1
528       1  1  1  1  1
529       1  1  0  1  1
530       1  1  1  0  1
531       1  1  1  1  1
532       1  1  1  1  1
533       0  1  1  1  1
534       1  0  0  1  0
535       1  0  0  1  0
536       1  0  0  0  1
537       1  0  1  1  1
538       0  1  0  1  1
539       0  0  0  1  1
540       1  1  1  1  0
541       1  1  1  1  1
542       0  1  0  0  1
543       0  1  1  1  0
544       1  1  1  1  1
545       1  1  1  1  1
546       1  1  1  1  1
547       1  1  1  1  1
548       1  1  1  1  1
549       0  0  1  0  1
550       1  1  1  1  1
551       1  1  0  1  0
552       1  1  1  1  1
553       1  1  1  1  1
554       1  1  1  1  1
555       1  0  0  0  1
556       1  0  0  0  1
557       0  1  1  1  1
558       1  0  1  1  1
559       0  1  1  0  1
560       1  1  1  1  1
561       1  1  1  1  1
562       1  1  0  0  0
563       1  0  1  1  0
564       1  1  1  1  1
565       1  1  1  1  1
566       1  0  1  1  0
567       0  1  1  1  0
568       0  1  0  0  1
569       1  1  1  1  0
570       1  1  1  1  1
571       0  1  0  0  1
572       0  0  1  1  0
573       1  0  0  1  1
574       1  1  1  1  1
575       1  0  0  1  0
576       1  1  1  1  1
577       0  1  1  1  0
578       1  1  1  1  0
579       1  0  1  0  1
580       1  1  1  1  1
581       0  0  0  1  1
582       1  1  1  1  1
583       0  0  1  1  0
584       1  1  1  1  1
585       1  0  1  1  0
586       1  1  1  1  1
587       1  1  1  1  1
588       1  1  0  0  1
589       0  0  0  1  1
590       1  1  1  1  1
591       1  0  1  0  1
592       1  1  1  1  1
593       1  1  1  1  1
594       1  1  1  1  1
595       1  1  1  1  1
596       1  1  1  1  1
597       1  1  1  1  1
598       1  1  1  1  1
599       1  1  1  1  1
600       1  1  1  1  1
601       1  1  1  1  0
602       1  1  1  1  1
603       0  1  1  0  1
604       1  1  1  1  1
605       0  0  1  0  1
606       1  1  1  1  1
607       0  0  1  1  1
608       1  1  1  1  0
609       0  1  0  1  1
610       1  1  0  1  0
611       1  1  1  1  1
612       0  0  0  1  1
613       1  1  1  0  0
614       1  1  1  1  1
615       1  1  1  1  1
616       1  1  1  1  1
617       1  1  1  1  1
618       1  1  1  1  1
619       1  0  1  0  0
620       1  1  0  1  0
621       1  1  0  0  0
622       0  1  1  0  1
623       1  1  1  1  0
624       1  1  1  1  1
625       1  1  1  1  1
626       1  1  1  1  1
627       1  0  1  0  0
628       1  1  0  0  0
629       1  1  0  1  0
630       1  1  0  0  0
631       0  0  1  1  0
632       0  0  1  0  1
633       0  1  1  0  1
634       1  1  1  1  1
635       0  1  1  0  1
636       1  1  1  0  0
637       1  0  0  1  0
638       1  0  1  0  0
639       0  1  0  1  1
640       1  1  1  1  1
641       0  1  0  0  1
642       1  1  1  1  1
643       1  1  0  0  1
644       1  1  0  1  0
645       1  1  1  1  1
646       1  1  1  1  1
647       1  1  1  1  1
648       1  1  1  1  1
649       1  1  1  1  1
650       1  0  1  0  1
651       1  1  1  1  1
652       0  0  1  1  0
653       1  1  1  1  1
654       1  0  0  0  1
655       1  1  1  1  1
656       0  1  1  0  1
657       1  1  1  1  1
658       1  1  1  1  1
659       1  1  1  1  1
660       1  1  1  1  1
661       1  1  1  1  1
662       1  1  1  1  1
663       1  1  1  1  1
664       1  1  1  1  1
665       1  1  1  1  1
666       0  1  0  1  1
667       1  1  1  1  1
668       1  1  1  1  1
669       1  1  1  1  0
670       0  0  1  0  1
671       1  1  1  1  1
672       1  1  1  1  1
673       1  1  1  1  1
674       1  1  1  1  1
675       1  1  1  1  1
676       1  1  1  1  1
677       0  1  0  1  1
678       1  1  1  1  1
679       0  1  0  1  1
680       0  1  0  1  0
681       1  1  1  1  1
682       1  1  1  1  1
683       1  1  1  1  1
684       1  0  0  0  1
685       1  1  1  1  0
686       1  1  1  1  1
687       1  1  1  1  1
688       1  1  0  0  0
689       0  1  1  0  1
690       0  1  0  0  1
691       1  1  1  1  1
692       1  1  1  0  0
693       1  1  1  1  1
694       1  1  1  1  1
695       1  1  1  1  1
696       1  1  0  0  1
697       0  1  0  1  1
698       1  1  0  0  0
699       1  1  1  1  1
700       1  1  1  1  1
701       1  1  0  0  0
702       1  1  1  1  1
703       1  1  1  1  1
704       1  1  1  1  1
705       1  0  1  1  1
706       1  1  1  1  1
707       1  1  0  0  1
708       0  1  0  0  1
709       1  0  1  1  0
710       0  0  1  0  1
711       1  1  1  1  1
712       1  1  1  1  1
713       1  1  1  1  1
714       1  1  1  1  1
715       1  0  0  0  1
716       1  1  0  1  0
717       1  0  1  0  0
718       0  1  0  0  1
719       1  1  0  1  0
720       1  1  1  1  1
721       1  1  1  1  1
722       1  1  1  1  1
723       0  1  0  1  0
724       1  1  1  1  1
725       1  1  1  1  1
726       1  1  1  1  1
727       1  1  1  1  1
728       1  0  1  1  0
729       1  1  0  1  0
730       1  1  1  1  1
731       1  1  1  1  1
732       1  0  1  1  1
733       1  1  1  1  1
734       1  0  0  1  0
735       1  1  1  1  1
736       1  1  1  1  1
737       1  0  0  1  1
738       1  1  1  1  0
739       1  1  1  1  1
740       1  1  0  0  0
741       1  0  1  1  1
742       1  1  1  1  1
743       1  1  1  1  0
744       0  0  1  0  1
745       1  1  1  0  1
746       1  1  0  1  0
747       1  1  1  1  1
748       1  1  1  1  1
749       1  1  1  1  0
750       1  1  1  1  1
751       1  1  1  1  1
752       1  0  1  1  0
753       1  1  1  1  1
754       1  1  1  1  1
755       1  1  1  1  1
756       1  1  1  1  1
757       1  0  0  1  1
758       1  1  1  1  1
759       1  1  1  1  1
760       1  1  1  1  1
761       1  1  1  1  0
762       0  0  1  1  0
763       1  1  1  1  1
764       1  1  0  0  0
765       1  1  1  1  1
766       1  1  0  0  1
767       1  1  1  1  1
768       1  1  1  1  1
769       1  1  1  1  1
770       1  1  1  1  1
771       1  1  1  1  1
772       0  0  1  1  1
773       1  0  0  1  0
774       1  0  0  0  1
775       1  1  0  1  1
776       0  0  1  0  1
777       1  1  1  1  0
778       0  1  0  1  1
779       1  0  1  1  0
780       1  0  0  0  1
781       1  1  0  0  1
782       1  0  0  0  1
783       1  0  1  0  0
784       1  0  0  1  0
785       1  1  0  1  1
786       1  0  1  0  1
787       1  1  1  0  0
788       1  1  0  1  1
789       0  0  1  1  0
790       0  1  1  1  0
791       1  1  1  0  0
792       1  1  0  0  1
793       1  1  1  1  0
794       0  0  1  1  0
795       0  1  1  0  0
796       1  1  1  1  1
797       1  1  0  1  1
798       0  1  1  1  0
799       0  1  0  0  1


0             50        50
1         48.857    68.022
2         22.707    60.993
3         71.998    75.667
4         68.901    71.017
5         28.377    41.201
6         49.336     71.43
7         53.947    25.422
8          79.64    78.336
9         54.605    43.729
10         74.885    24.095
11         53.587    41.038
12         32.159    77.444
13         26.509    69.932
14         48.333    51.387
15         45.464    51.104
16         71.005     28.34
17          76.86    67.468
18         58.336    37.969
19         45.279    53.964
20          49.78    79.729
21         30.745    50.367
22         50.942    36.126
23         42.452    60.139
24         26.462    46.689
25          67.53    67.779
26         26.458    34.829
27         40.971    74.276
28         56.663     78.49
29         46.168     27.03
30         45.097    24.943
31          32.83     36.95
32         21.408    22.721
33         47.077     31.95
34         29.995    78.212
35         28.538    66.243
36         20.942    31.765
37         67.338    33.256
38          69.37    35.954
39         68.624    45.177
40         70.578    60.708
41         28.294    52.445
42         38.899    57.199
43         63.993    48.269
44         78.194    73.053
45         36.069    53.933
46         22.574     35.04
47         65.398    23.364
48         52.111     79.44
49         66.034    20.057
50         68.914    79.789
51         54.453    20.254
52          24.52    56.624
53         69.108    55.849
54         42.789    71.265
55         25.723    76.365
56         77.707    65.942
57         60.845    38.097
58         23.357    25.665
59          36.47    78.987
60         40.748    56.152
61          34.05    46.455
62          77.64    49.132
63         20.642    38.362
64         62.209    26.457
65         65.619    44.862
66         27.895    60.765
67         52.343    37.871
68          29.33    42.469
69         60.482    68.427
70         48.237    46.487
71         73.232    51.131
72         21.783    39.819
73         23.531    67.152
74         65.429    72.354
75         58.911    74.986
76         48.288    43.649
77         25.891    60.545
78         37.376    46.124
79         53.834    45.929
80         75.428     20.05


1     54.12     52.63
2    41.906    55.718
3    31.708    61.564
4    64.596     71.25
5     58.22    74.619
6    57.115     68.16
7    68.517    66.583
8    41.096    81.022
9    55.928    55.505
10    44.343    79.222
11    36.633    55.348
12     4.754    69.026
13    27.029    76.308
14    23.316      60.1
15    17.208    59.315
16     19.48    62.223
17    18.256    67.889
18    22.337    61.987
19    29.913    52.431
20     28.84    66.644
21    70.797    80.197
22    55.679    73.168
23    71.535    76.837
24    57.644    71.759
25     83.42    75.871
26     65.79    71.766
27        66    90.915
28    70.281    66.637
29    78.858     65.43
30    74.141    69.533
31    68.845    70.686
32    71.039    55.768
33    78.946    57.034
34    78.529    66.095
35    70.204    80.007
36    64.965    62.898
37    51.374    76.358
38    70.088    63.826
39    68.062     69.13
40     71.56     67.92
41    35.083      37.3
42    11.364    40.243
43    29.461    39.907
44    30.291    24.343
45    29.716    29.262
46     35.63    56.913
47    36.366    49.213
48    33.431    45.228
49    29.227    51.664
50    21.962    48.409
51    49.581    70.641
52    46.192    76.289
53    66.128    80.083
54    48.634    68.708
55    59.982    83.294
56    49.765    71.811
57    45.504    64.554
58    53.496    70.556
59    46.211    67.579
60    67.531    68.034
61    48.834    17.678
62    46.228    17.713
63    43.857    16.644
64    43.152     16.78
65    53.439    25.885
66    53.843     25.42
67    44.724    28.904
68    60.888    32.273
69    46.218    20.433
70    71.397    26.079
71    75.865    82.494
72    77.408    85.003
73    92.365    81.108
74     70.76    82.133
75    86.712    61.902
76    84.066    86.158
77     70.37    80.863
78     73.43    72.366
79     82.02    82.594
80    85.531     77.88
81    45.542    46.254
82    47.335    55.119
83    70.872    34.253
84    61.868    47.679
85    40.237    51.553
86    56.278    49.729
87    63.023    44.192
88    69.709    43.879
89    37.095    50.785
90    59.598    38.658
91    78.922    41.968
92     77.44    12.678
93     88.46    23.376
94    61.859    29.536
95    64.339    28.624
96    67.926    23.036
97     62.28    35.476
98    78.264    22.364
99    69.385    30.599
100    76.795    22.279
101    48.516    28.996
102    52.466    42.643
103    53.661    42.276
104    58.609    29.515
105    54.046    46.344
106    39.493    35.302
107    61.185    31.697
108    51.238    35.246
109     41.15    41.178
110    57.933    30.534
111    44.542    82.495
112    37.985    84.786
113    41.986    90.255
114    21.116    77.021
115    23.669    72.761
116     12.99     76.35
117    22.332    72.828
118    47.447    84.949
119    30.513    64.206
120    32.962    81.952
121     23.62    76.172
122    39.499    62.684
123    27.541    66.814
124    27.091    71.192
125     25.71    74.284
126    27.667    74.527
127    33.243     70.61
128    19.997    68.857
129    35.988    58.957
130    39.353    75.481
131    44.258    38.656
132    41.039    37.599
133    53.301    55.521
134    48.129    62.074
135    45.116     49.98
136    41.283    64.629
137    58.722    68.133
138    38.393    48.149
139    59.741    50.471
140    60.528    50.999
141    47.434     47.66
142    45.687    51.211
143    28.544    59.174
144    39.968    54.758
145    35.286    55.268
146    34.241    54.809
147    45.256    54.521
148    44.804    50.413
149    33.716    43.561
150    31.987    63.413
151    56.938    36.821
152    70.035    25.068
153    72.557    26.516
154    67.838    12.977
155    67.661    28.921
156    71.503    26.286
157    68.432    38.969
158     79.05    19.929
159    67.307      34.6
160    77.912    30.865
161    86.547    58.499
162    67.254    61.361
163    62.677    75.837
164    77.211    76.314
165    69.941    67.844
166    89.767    74.887
167    78.485    60.585
168    80.635    82.044
169    78.287    69.383
170    81.442    74.036
171    47.825    43.801
172    71.725    42.986
173    66.699    35.438
174    57.279    27.314
175    39.288     33.84
176    56.855    37.303
177    50.312    40.495
178    50.389    44.414
179    63.283    26.551
180    58.304    38.246
181    52.592    52.511
182    38.954    41.719
183    37.429    43.605
184    59.992    47.224
185    63.436    46.102
186    37.243    38.364
187    30.106    44.801
188     43.73    52.883
189     46.15    52.073
190    33.762    55.699
191    52.987    78.009
192    37.377    81.902
193    49.818    79.735
194    51.285    76.387
195    45.412    90.164
196     49.73    86.228
197    31.688    71.768
198    52.139    72.329
199    63.175     82.17
200     44.33    68.619
201    38.989    32.685
202    16.309    52.291
203    28.894    51.148
204    49.956    52.629
205    32.899    50.273
206    38.282    50.026
207    21.777    51.741
208    25.197    55.173
209    31.683    51.299
210    45.305    52.938
211     48.92    36.833
212    53.024    38.835
213    58.301     30.67
214    31.531    39.433
215    43.344    43.959
216    54.145    30.089
217    49.725    33.438
218     52.24    36.287
219    57.264    33.251
220    55.352    37.281
221    33.606    52.429
222     38.01    54.912
223     43.54    59.901
224    42.229    53.978
225    44.909    58.386
226    38.282    73.631
227    48.266    54.331
228     47.16    65.518
229     39.01    47.277
230    46.114    47.273
231    40.317    48.131
232     38.12    53.255
233    26.398     46.62
234    24.609    52.711
235    42.185    45.778
236    26.239    46.491
237    15.267    45.142
238    26.509    45.863
239    31.041    50.585
240    41.722    37.241
241    63.719    68.874
242    65.571    82.322
243    55.559     61.99
244    70.039    53.159
245    68.126    82.575
246    71.492    76.424
247    62.328    64.099
248    71.514    67.573
249    74.771    57.254
250    50.662    63.309
251    27.984    50.673
252    23.752    47.436
253    22.896     41.38
254    25.057    34.891
255    23.164    23.814
256    27.015    32.375
257    28.855    20.181
258    29.544    26.032
259    38.361    42.979
260    29.787    36.928
261    50.386    73.421
262    44.726    78.158
263    46.521    87.044
264    36.291    90.317
265    40.929    92.473
266    42.126    77.568
267    42.356     91.82
268    32.671    63.474
269    40.146    58.203
270    40.927    70.206
271    61.569    80.296
272    52.947    78.952
273     59.65    73.885
274    66.203    91.161
275    56.074    82.043
276    52.759    76.726
277    74.371    86.076
278    51.327    80.553
279     60.06    84.661
280    62.878    71.695
281    45.492     25.78
282    45.754    28.717
283    52.351    21.592
284    51.359     26.11
285    35.661    39.321
286    52.456    34.873
287    31.209     23.89
288    48.884     9.425
289    47.353    23.707
290    40.486    35.659
291     44.46    25.669
292    38.194    11.047
293    49.529    16.432
294    37.489    22.062
295    38.661    30.332
296    52.395    23.387
297     38.17    32.654
298    50.532    39.376
299    43.578    41.831
300    36.912    16.632
301     46.77    43.102
302     33.76    38.822
303    34.464    42.837
304    28.291    34.047
305    20.606    26.735
306    33.116    27.065
307    40.423    50.375
308     47.23    33.806
309    31.071    37.783
310    19.396    25.717
311     7.575     8.394
312    30.477    12.529
313    23.457    30.796
314    19.303    11.892
315    10.145    14.849
316    21.035     2.776
317     33.76    16.787
318    20.888    10.014
319    24.473    22.412
320    14.527    27.991
321    43.457    12.418
322    52.301    16.467
323    57.703     16.04
324    47.068    21.313
325    61.546    38.259
326    52.822    23.102
327    46.873    32.321
328    53.115    47.192
329    39.392     24.61
330    49.852    33.205
331    29.443    61.681
332    31.361    77.831
333    21.164    92.156
334    30.611    78.494
335    15.733    85.612
336    14.831    83.005
337    31.076    78.555
338    34.018    71.911
339    32.782    81.701
340    27.176    72.421
341    25.975    59.252
342    37.034    62.385
343    35.293    47.908
344     20.32    55.031
345      12.1    58.569
346    17.721    75.587
347     22.89    73.747
348    24.334     77.45
349    33.892    58.866
350    15.355    53.449
351    25.716    30.925
352    21.694    34.125
353    14.221    28.046
354    22.004    29.804
355    21.971    32.489
356     20.38    29.794
357    21.608    22.667
358     32.57    35.284
359    20.687    22.141
360    11.266    40.822
361    71.109    16.406
362    51.119    34.965
363     50.05     43.09
364    76.093    24.067
365    62.981    27.236
366    70.147    25.741
367    69.584    36.701
368    64.669    31.576
369    73.258    38.549
370    57.971     22.73
371    68.688    36.503
372    69.388    35.218
373    72.924    44.685
374      76.7    23.248
375    71.157    36.822
376    61.902    26.234
377    66.074    46.114
378    87.769    30.053
379    65.509    39.645
380    75.673    31.875
381    74.701    34.915
382    55.389    39.293
383    77.743     37.58
384    74.911    51.753
385    62.774    59.764
386    52.051    38.349
387    54.996    39.675
388    74.071     38.54
389    69.362    38.664
390    68.288    27.998
391    76.563    60.147
392    73.037    78.827
393    72.636    60.851
394    71.033    61.605
395     75.47    63.592
396    78.266     47.63
397     84.52    53.428
398    86.929    50.358
399    69.301    67.846
400    72.757    65.661
401     35.19    40.954
402    23.989    45.935
403     18.79    43.173
404    25.519    57.189
405    35.254    68.691
406    32.008    51.402
407    27.613    58.944
408    46.986    48.818
409    30.485    34.284
410    25.878    66.795
411    36.799    59.211
412    44.852    50.853
413    38.142    58.793
414    26.317    61.454
415     42.84    71.798
416    32.374    51.156
417    38.084    55.555
418    51.923    69.708
419     39.71    57.555
420    30.749    65.088
421    54.545    63.483
422    50.215    49.805
423    70.987    61.397
424    75.133    38.743
425    64.168    56.358
426    52.321    32.712
427    58.626    29.183
428    63.127    48.193
429    68.491    48.505
430    61.776    37.054
431    70.491    64.528
432    80.684    86.503
433    81.351    76.723
434    73.999    74.741
435    77.006    91.163
436     79.32    72.898
437    62.556    77.934
438    82.698    71.807
439    79.434    73.776
440     80.14    76.268
441    50.204    48.858
442    39.481    37.647
443    31.839    42.288
444    38.129    43.173
445    20.746    52.724
446    48.469    61.309
447    54.271    45.948
448    41.433    64.811
449    33.537    52.392
450    34.793    55.358
451    27.911    45.093
452    25.256    31.756
453    25.314    41.991
454    21.576    36.237
455    22.366    25.532
456    37.497    28.479
457    22.511    35.079
458    21.556    31.868
459    26.457    32.743
460    19.406    36.671
461    64.562    41.693
462    63.982    23.906
463    52.821    27.543
464    66.206    29.984
465    65.032    24.162
466    74.681    15.433
467    58.617    30.098
468    57.188    14.482
469    63.442     6.022
470    57.992    28.747
471    49.939     61.79
472    68.346     82.98
473    46.365    88.778
474      45.8    85.946
475    56.054    80.255
476    58.485     87.44
477    60.843    68.024
478    49.155    64.957
479    50.565    74.565
480    64.099    87.033
481    66.381    19.465
482    77.796    28.774
483    62.471    24.526
484     82.74    27.711
485    55.239     19.81
486    57.616    19.622
487    67.204     11.84
488    79.609    27.939
489    66.701    39.338
490    75.557    22.268
491     70.18    78.832
492    69.029    76.401
493    63.837    89.529
494    57.587    93.052
495    68.885     79.56
496    57.933    79.795
497    69.206    79.653
498    77.679    80.663
499     68.19    82.303
500    71.886    93.112
501    59.857    38.345
502    47.391    17.821
503    55.825    16.683
504    56.844        14
505    54.964    27.256
506     54.84    31.549
507    54.139    20.174
508    66.964     6.563
509    55.111    32.058
510    46.832      4.55
511    22.528    54.184
512    23.131    45.245
513     20.63    59.061
514    42.265    48.072
515    38.478     49.65
516     7.838    59.518
517     23.83    57.267
518    37.434    63.448
519     35.16    46.415
520    23.047     48.64
521    73.224    53.871
522    75.423    41.947
523    49.543    55.396
524    66.906    64.409
525    82.707     55.32
526    73.016    73.909
527    88.896    56.414
528    70.462    56.609
529    67.551    60.213
530    70.063    55.508
531    44.366    80.977
532    39.874    63.276
533    43.376    57.252
534    59.099    63.651
535    37.613    85.885
536    47.433    72.462
537    42.703    76.505
538     26.41    68.302
539    33.486     73.17
540    35.201    64.542
541    28.277    72.925
542    13.727    83.812
543    36.601    92.685
544    26.571    85.214
545     28.97    79.701
546    21.294    85.337
547    22.645    71.117
548    24.917      78.6
549    40.488    75.054
550    30.005    71.816
551    80.529    71.847
552    71.574    59.557
553    61.225    68.513
554    80.334    72.719
555    77.819    56.297
556    78.748    60.657
557    82.964    64.902
558     82.05    63.379
559    84.911    76.926
560    77.719    50.276
561    42.419    42.204
562    63.319    51.513
563    65.074    39.051
564    58.768    39.106
565    53.015    26.155
566    62.361    56.019
567    48.019    37.037
568    76.488    42.741
569    73.856    45.846
570    60.428    39.134
571    19.382     7.373
572      8.31    15.201
573    12.488    17.677
574    23.721    25.776
575    26.599    26.245
576     25.33    21.817
577    26.133    22.883
578    26.708    44.553
579    35.233    30.534
580    16.532    32.006
581    33.842    78.697
582    40.355    76.894
583    30.865    66.346
584    37.904     79.36
585    34.525     91.65
586    37.173    79.143
587    33.862    86.651
588    32.207     83.46
589     39.67    79.328
590    36.405    79.048
591    42.287    46.418
592     46.96    59.733
593    23.022    48.095
594    42.595    42.974
595    30.202    65.176
596    40.241    58.792
597    35.005    40.196
598    39.782    57.857
599    32.179    39.182
600    29.843    66.979
601    44.673    43.644
602    32.516    36.133
603    22.554    47.073
604     15.78    46.817
605    36.053    46.133
606    30.675    40.931
607    32.946    36.987
608    34.414    30.395
609    34.331    52.779
610    31.321    56.625
611    77.397    49.195
612    88.139    48.812
613    92.838    54.978
614    93.362    57.709
615    80.069    44.915
616    93.634    60.251
617    96.638    43.348
618    74.314    53.864
619    80.577    50.519
620    79.376    53.503
621     21.42     38.14
622    36.214    32.786
623    23.767    40.722
624    32.752    36.654
625    31.681    32.174
626    20.186    39.606
627    20.329    51.075
628    19.498    38.174
629     3.999    38.797
630    30.789    36.946
631    73.817    33.831
632    62.085     15.01
633    50.119    19.804
634    58.035    33.731
635    61.351    26.961
636    61.096    24.935
637    72.594    26.853
638    63.258    11.885
639    59.512    16.289
640    47.939    19.783
641    65.966    47.379
642    82.601    38.127
643    65.587    36.474
644    79.976    47.478
645    65.117    35.286
646    67.446    39.024
647    71.523    38.252
648    61.023    48.663
649     63.14    25.958
650    65.096    43.539
651    22.607    60.104
652    32.051    74.107
653    33.245    43.979
654    20.103    59.764
655    41.285    63.855
656    28.204     60.07
657    23.926    63.984
658    44.453     53.82
659    46.383    62.204
660     28.04    61.888
661    55.807     19.27
662    50.135    33.608
663    58.645    38.139
664    46.382    45.035
665     45.11    23.896
666    46.004    24.247
667    62.551     35.44
668    52.618    37.285
669    47.485    32.126
670    39.552     37.39
671    27.066     34.12
672    37.613    43.814
673    38.013    44.313
674    36.308    42.364
675    35.498    46.238
676     21.24    47.792
677    31.434    25.888
678    35.126     36.37
679    20.243    39.539
680    31.408    47.244
681    64.021     67.99
682    55.068    65.939
683    64.374    68.241
684     47.87    70.529
685    54.759    73.368
686    60.265     68.22
687    63.589      68.6
688    59.052    69.029
689    74.687    66.983
690    58.393    67.607
691    47.342    48.557
692    47.051    32.688
693    48.441    46.912
694     48.54    48.845
695    43.073    38.811
696    44.304    45.493
697    54.154    57.611
698    39.893     59.54
699    51.028    34.205
700    56.496    63.121
701    64.416    61.175
702    77.263    51.876
703     62.28    42.168
704    69.473    52.666
705    86.602    43.668
706    55.065    52.215
707    82.183    47.525
708    68.669    51.921
709    57.293    48.196
710    74.232    47.223
711    15.366    44.582
712    10.482    38.176
713    33.232    49.716
714     14.62    53.742
715    31.525    30.867
716    40.461    40.519
717    20.622    29.182
718     14.16    32.324
719    21.018    31.788
720    18.741    33.533
721     22.83    73.581
722    18.272    66.009
723    18.138      68.5
724    41.402    70.936
725    24.963    68.371
726     25.58    68.268
727     32.63    61.487
728    20.161     68.61
729    40.504    72.451
730    29.231    51.993
731    63.478    73.202
732    58.493    69.806
733    64.152    69.777
734    61.647    89.909
735    61.566    82.226
736    69.082    64.896
737    71.522    70.075
738    69.182    75.776
739    47.895    78.122
740    49.327    72.593
741    60.947    78.897
742    55.003    76.809
743    61.785    70.299
744    57.841    92.029
745    47.864    88.692
746    60.842    58.961
747    60.924    74.417
748    57.839    76.475
749    59.147    76.074
750    63.433    78.202
751    46.954    43.468
752    50.307    51.629
753    51.543    37.835
754    50.253    42.821
755    52.899    44.624
756    51.616    56.394
757    47.834    38.891
758    49.163    30.385
759     48.78    47.136
760    59.065    45.614
761    32.841    58.508
762    23.129    52.457
763    25.208    58.968
764    28.346    63.778
765    23.234    50.884
766    29.575    63.066
767    24.685    60.654
768    33.725    50.914
769    22.485    47.423
770    25.895    59.681
771    31.074    63.907
772    33.412    32.497
773    35.503    45.701
774    43.324    37.593
775    47.217    55.348
776    48.439    34.168
777    37.972    43.607
778    33.523    45.741
779    35.973    48.537
780    56.451    47.961
781    63.538    49.231
782    42.062    46.274
783    50.934    44.763
784    55.827    36.293
785    56.635    47.832
786    45.665    33.457
787    40.589    43.872
788     54.65    31.962
789    67.244    42.625
790    36.819    47.462
791    78.939    23.065
792    69.774    23.563
793     85.24     9.065
794     89.29    15.171
795    75.953    37.605
796    63.739     7.316
797    79.377    11.414
798    89.471    27.888
799    76.409    34.682
800    75.308    15.722
