81 Stops, 800 Students, 10 Max_Walking, 50 Capacity, 5 Days 

0       1  1  1  1  1
1       1  1  1  1  0
2       1  1  1  1  1
3       1  0  0  1  0
4       0  1  0  1  1
5       0  1  0  0  1
6       1  1  1  1  1
7       1  1  1  1  1
8       1  1  1  1  1
9       1  1  1  1  1
10       1  1  1  1  1
11       1  1  1  1  0
12       1  1  1  0  1
13       1  1  1  1  1
14       1  1  1  1  1
15       1  1  1  1  1
16       0  0  1  1  0
17       1  1  1  1  1
18       0  0  0  1  1
19       1  1  1  1  1
20       1  1  1  0  0
21       1  1  1  1  1
22       1  0  0  1  1
23       0  1  1  1  1
24       0  1  1  1  0
25       1  1  1  1  1
26       1  1  1  1  1
27       1  1  1  1  1
28       1  1  1  1  1
29       1  0  1  1  0
30       1  1  1  1  1
31       1  1  1  1  1
32       1  1  1  1  1
33       1  1  1  1  1
34       0  1  0  0  1
35       1  1  1  1  1
36       1  1  0  0  0
37       1  1  1  1  1
38       1  1  1  1  1
39       1  1  1  1  0
40       1  0  0  1  1
41       1  0  1  0  0
42       0  1  0  1  1
43       0  0  1  0  1
44       1  1  1  1  1
45       1  1  1  1  1
46       1  1  1  1  1
47       1  1  1  0  0
48       1  0  1  1  0
49       1  0  1  1  0
50       0  0  0  1  1
51       1  1  0  0  0
52       0  1  1  1  0
53       1  1  1  1  1
54       1  0  0  1  0
55       1  1  1  1  1
56       1  1  0  0  1
57       1  1  0  1  1
58       1  1  1  1  1
59       0  1  1  0  1
60       1  1  1  1  1
61       1  1  1  1  1
62       1  1  1  1  1
63       1  0  0  0  1
64       1  1  1  1  1
65       1  1  1  1  1
66       0  0  1  1  0
67       1  1  1  1  1
68       0  0  0  1  1
69       1  1  1  0  1
70       1  1  0  0  1
71       1  1  1  1  1
72       1  0  0  0  1
73       0  1  0  1  1
74       1  0  1  1  0
75       1  1  1  1  1
76       0  0  0  1  1
77       0  1  0  1  0
78       1  1  1  1  1
79       1  1  0  0  1
80       1  0  0  0  1
81       0  1  0  0  1
82       1  1  1  1  1
83       1  1  1  1  1
84       1  1  0  0  1
85       1  1  1  1  1
86       1  1  1  1  1
87       1  1  1  1  1
88       1  1  1  1  1
89       1  1  1  1  1
90       1  0  1  1  1
91       1  1  1  1  1
92       1  1  1  1  1
93       1  1  1  1  1
94       0  1  1  1  1
95       1  1  1  1  1
96       0  0  1  0  1
97       1  1  1  1  1
98       1  1  1  1  1
99       1  1  1  1  1
100       1  1  1  1  1
101       1  1  1  1  1
102       1  1  1  1  1
103       1  1  1  1  1
104       0  1  1  1  0
105       1  1  1  1  1
106       1  1  1  1  1
107       1  1  1  1  1
108       1  0  0  1  1
109       1  1  0  0  0
110       1  1  1  1  1
111       0  1  1  1  1
112       1  1  1  1  1
113       1  1  1  1  1
114       1  1  1  1  1
115       1  1  1  1  1
116       1  1  1  1  1
117       1  1  1  1  1
118       1  1  0  0  1
119       1  1  1  1  1
120       1  0  1  1  0
121       1  0  1  0  0
122       1  1  1  0  1
123       1  1  1  1  1
124       0  0  1  0  1
125       0  0  1  1  0
126       1  1  0  0  0
127       1  1  0  0  0
128       1  1  1  1  1
129       0  0  1  1  0
130       1  0  1  1  0
131       1  1  1  1  1
132       0  0  1  0  1
133       1  1  1  1  1
134       1  1  1  1  1
135       1  1  0  1  0
136       0  1  1  0  0
137       0  1  0  1  1
138       1  1  1  1  1
139       1  1  1  1  1
140       1  1  1  1  1
141       1  1  1  0  0
142       1  1  1  1  1
143       1  1  1  1  1
144       1  1  1  1  1
145       1  1  1  1  1
146       0  1  1  0  1
147       0  0  1  1  1
148       1  0  0  1  1
149       0  0  0  1  1
150       1  1  1  1  1
151       1  1  1  1  1
152       1  1  1  1  1
153       1  1  0  0  1
154       1  0  1  0  1
155       1  1  0  0  1
156       1  1  1  1  1
157       0  1  1  0  1
158       1  1  1  1  1
159       0  0  1  1  1
160       1  1  1  1  1
161       1  1  1  1  1
162       1  0  0  1  1
163       1  1  1  1  1
164       1  1  1  1  1
165       1  0  1  0  0
166       1  1  1  1  1
167       1  1  1  1  1
168       0  0  1  0  1
169       1  1  1  1  1
170       1  1  1  1  1
171       1  1  0  0  0
172       1  1  1  1  1
173       1  1  1  0  1
174       0  1  1  1  1
175       0  0  0  1  1
176       1  1  1  1  1
177       0  1  0  1  0
178       0  0  0  1  1
179       1  1  0  0  1
180       1  1  1  1  1
181       1  1  1  1  1
182       0  0  1  1  1
183       0  1  0  1  1
184       1  1  1  1  1
185       1  1  1  1  1
186       1  0  1  1  1
187       1  1  1  1  1
188       1  0  0  0  1
189       1  1  1  1  1
190       1  1  1  1  1
191       0  1  1  1  1
192       1  0  1  1  0
193       1  1  1  1  1
194       1  1  1  1  1
195       1  0  1  1  0
196       1  1  1  1  1
197       0  1  0  0  1
198       1  0  1  0  0
199       1  1  1  1  1
200       0  1  0  1  1
201       0  0  0  1  1
202       0  1  0  1  0
203       0  1  1  0  1
204       1  1  1  1  1
205       0  0  1  1  0
206       1  0  0  1  1
207       1  1  1  1  1
208       1  1  1  1  1
209       0  1  1  1  0
210       1  1  1  1  1
211       1  0  0  0  1
212       1  1  1  1  1
213       0  0  0  1  1
214       1  1  0  1  1
215       1  1  1  1  1
216       1  1  1  1  1
217       1  0  1  0  1
218       1  1  1  1  1
219       1  1  1  1  1
220       1  1  1  1  1
221       1  1  1  1  1
222       1  1  1  1  1
223       1  1  1  1  1
224       1  1  1  1  1
225       1  1  1  1  0
226       1  1  1  1  1
227       1  0  0  1  0
228       1  1  0  1  1
229       1  1  1  1  1
230       1  1  1  1  1
231       1  1  1  1  1
232       1  1  1  1  1
233       1  1  1  1  1
234       1  0  1  0  0
235       1  1  1  1  1
236       1  0  0  1  1
237       1  1  0  0  0
238       1  1  1  1  1
239       1  1  1  1  1
240       1  0  1  0  0
241       0  1  1  1  0
242       1  1  1  1  1
243       1  1  1  1  1
244       1  1  1  1  1
245       1  1  1  1  1
246       1  1  1  1  1
247       1  1  1  1  1
248       1  1  1  1  1
249       1  1  1  1  1
250       1  1  1  1  1
251       1  1  1  1  1
252       1  1  1  1  1
253       0  0  0  1  1
254       1  0  1  0  0
255       0  0  1  0  1
256       1  1  1  1  1
257       1  1  1  1  1
258       1  1  1  1  1
259       1  1  0  0  0
260       1  0  1  1  1
261       1  1  1  1  1
262       1  1  1  1  1
263       1  1  1  1  1
264       1  0  1  0  1
265       0  0  1  1  1
266       1  1  1  1  1
267       1  1  1  1  0
268       1  1  1  1  1
269       0  1  1  1  0
270       1  1  1  1  1
271       1  1  0  1  1
272       1  1  1  1  1
273       1  0  1  0  0
274       1  0  1  1  1
275       1  1  1  1  1
276       1  1  1  1  1
277       1  0  0  1  1
278       0  1  0  0  1
279       1  1  1  1  1
280       0  1  0  1  0
281       1  0  1  0  1
282       1  1  0  1  0
283       1  1  0  1  1
284       1  1  1  1  1
285       0  1  1  1  0
286       1  1  1  1  0
287       1  1  1  1  1
288       0  1  1  0  0
289       0  0  1  1  0
290       1  1  1  1  1
291       0  1  0  1  1
292       1  1  1  1  1
293       1  1  0  0  1
294       0  1  0  0  1
295       1  1  1  1  1
296       1  1  1  1  1
297       1  1  1  1  1
298       0  0  1  1  1
299       1  1  1  1  1
300       1  0  0  0  1
301       1  1  1  1  1
302       1  1  1  1  1
303       0  0  1  1  0
304       1  1  0  0  0
305       0  1  0  1  1
306       1  0  1  0  1
307       1  0  1  0  0
308       0  1  1  0  1
309       1  1  1  1  1
310       0  1  0  1  0
311       1  1  0  1  0
312       1  1  1  1  1
313       1  1  0  0  0
314       1  1  1  1  1
315       1  1  1  1  1
316       1  1  1  0  1
317       1  1  1  1  1
318       1  1  1  1  1
319       1  1  1  1  1
320       1  1  1  1  1
321       1  1  1  1  1
322       1  1  1  1  1
323       0  0  1  1  1
324       1  0  1  0  1
325       1  1  0  0  1
326       1  1  0  0  1
327       1  0  0  1  0
328       1  1  1  1  1
329       1  1  1  1  1
330       1  1  1  1  1
331       1  1  1  1  1
332       1  0  0  0  1
333       1  0  1  1  1
334       0  1  1  1  0
335       1  0  1  1  1
336       1  0  0  1  0
337       1  1  1  1  1
338       1  1  1  1  1
339       1  1  1  1  1
340       1  1  1  1  1
341       1  1  1  1  1
342       0  1  0  0  1
343       1  1  1  1  1
344       1  0  1  0  0
345       1  1  1  1  1
346       1  1  1  1  0
347       1  1  1  1  1
348       1  0  0  1  1
349       1  1  1  1  1
350       1  1  1  1  1
351       0  0  1  1  0
352       0  0  0  1  1
353       1  1  1  1  1
354       0  0  1  1  1
355       1  1  1  1  1
356       1  1  1  1  1
357       1  1  1  0  0
358       1  1  1  1  1
359       1  1  1  1  1
360       1  1  1  1  1
361       1  1  1  1  1
362       0  1  0  1  0
363       1  1  1  1  1
364       1  1  1  0  0
365       1  1  1  1  1
366       1  1  1  1  1
367       1  1  1  1  1
368       1  1  0  0  0
369       1  1  1  1  1
370       1  0  0  0  1
371       0  0  1  1  1
372       0  0  0  1  1
373       0  1  1  1  1
374       1  0  0  0  1
375       1  1  1  1  1
376       1  1  1  1  1
377       1  1  1  1  1
378       1  1  1  1  1
379       1  1  0  1  1
380       1  1  1  1  1
381       1  1  1  1  1
382       1  1  1  1  1
383       1  1  1  1  1
384       0  1  1  1  1
385       1  1  1  1  1
386       1  1  1  1  0
387       1  1  1  0  0
388       0  1  1  0  1
389       1  0  1  0  1
390       1  1  0  1  0
391       1  1  1  1  1
392       1  1  1  1  1
393       0  1  1  0  1
394       1  1  1  1  1
395       0  1  1  1  0
396       1  1  1  0  1
397       1  1  1  1  1
398       1  1  1  1  1
399       1  1  1  1  1
400       1  1  1  1  1
401       0  0  1  1  1
402       1  1  1  0  0
403       1  0  1  1  1
404       0  1  1  0  0
405       1  0  1  1  0
406       1  1  1  1  1
407       1  1  1  1  1
408       1  1  1  0  0
409       1  1  1  1  1
410       1  1  1  1  1
411       1  1  1  1  1
412       1  1  1  1  1
413       1  1  1  1  1
414       1  1  0  0  1
415       1  1  1  1  0
416       1  0  1  0  0
417       1  1  0  1  0
418       1  1  1  1  1
419       1  1  1  1  1
420       0  1  1  1  1
421       1  1  1  1  1
422       0  1  1  0  1
423       1  1  1  1  1
424       1  1  1  0  1
425       0  1  0  1  1
426       1  1  1  1  1
427       1  1  1  1  1
428       1  1  1  1  1
429       0  0  0  1  1
430       1  1  1  1  1
431       1  1  0  1  0
432       1  1  1  1  1
433       0  1  1  1  1
434       1  1  0  1  0
435       1  0  1  1  1
436       0  1  0  1  0
437       1  1  1  1  1
438       1  0  0  0  1
439       1  1  1  1  1
440       1  1  1  1  1
441       1  1  1  1  1
442       1  1  1  1  1
443       0  1  1  0  1
444       1  1  1  1  1
445       1  1  1  1  1
446       0  0  1  1  1
447       0  1  1  1  1
448       0  0  1  1  0
449       1  1  1  1  1
450       1  0  0  1  1
451       1  0  1  0  0
452       1  1  0  1  0
453       0  1  1  1  0
454       1  1  1  1  1
455       1  0  0  0  1
456       0  1  1  1  1
457       1  1  1  1  1
458       1  1  1  1  1
459       1  1  1  1  1
460       1  1  1  1  1
461       0  0  0  1  1
462       1  0  0  1  1
463       1  1  1  1  1
464       0  0  1  0  1
465       1  0  1  1  1
466       1  1  0  0  0
467       1  1  1  1  1
468       0  0  0  1  1
469       1  1  1  1  1
470       1  1  1  1  1
471       1  0  1  1  0
472       1  0  0  1  0
473       1  1  0  1  1
474       1  1  1  1  1
475       1  1  0  1  0
476       1  1  1  1  1
477       1  1  1  1  1
478       1  1  1  1  1
479       0  0  1  1  1
480       1  1  1  1  1
481       0  1  1  0  1
482       1  1  1  1  1
483       1  0  1  1  1
484       1  0  1  0  0
485       1  1  1  0  0
486       1  1  1  1  1
487       1  1  1  1  1
488       0  1  1  1  0
489       1  1  1  1  1
490       1  1  1  1  1
491       1  1  1  1  1
492       1  1  1  1  1
493       1  1  1  1  1
494       1  1  1  1  1
495       1  1  0  1  0
496       1  1  1  1  1
497       1  1  1  0  1
498       0  0  1  1  1
499       0  1  1  1  0
500       0  1  1  1  1
501       1  1  1  0  0
502       1  0  0  0  1
503       1  1  1  1  1
504       1  1  1  1  1
505       0  1  1  0  0
506       1  1  1  1  1
507       1  1  1  1  1
508       1  1  1  1  1
509       1  1  1  1  1
510       1  1  1  1  1
511       1  1  1  1  1
512       1  1  1  1  1
513       1  1  1  1  1
514       1  1  1  1  1
515       1  1  1  1  1
516       1  1  1  1  1
517       1  1  1  0  0
518       1  1  0  0  0
519       1  1  1  1  1
520       1  1  1  1  1
521       1  0  1  0  0
522       1  1  1  1  1
523       0  1  1  0  0
524       0  0  1  1  1
525       1  1  1  1  1
526       1  1  1  1  1
527       0  0  1  1  0
528       1  1  1  1  1
529       1  1  1  1  0
530       1  1  1  1  1
531       1  1  0  1  1
532       1  1  1  1  1
533       1  1  1  1  1
534       0  0  0  1  1
535       1  1  1  1  1
536       1  1  0  0  1
537       1  1  1  1  1
538       1  1  1  1  1
539       1  1  1  0  0
540       1  1  1  1  1
541       1  1  1  1  1
542       1  0  1  1  0
543       1  0  1  0  1
544       1  1  1  1  1
545       1  1  1  1  1
546       0  0  1  1  0
547       1  1  1  0  0
548       0  0  1  1  0
549       0  0  1  0  1
550       1  1  1  1  1
551       1  1  1  1  1
552       1  1  1  1  1
553       1  1  0  0  1
554       1  1  1  1  1
555       0  1  1  0  1
556       0  1  0  0  1
557       1  1  0  0  1
558       0  1  1  1  1
559       1  1  0  0  1
560       0  1  1  0  0
561       1  1  1  1  1
562       1  1  1  1  1
563       0  0  1  0  1
564       1  1  0  0  0
565       1  1  1  1  1
566       1  1  1  1  1
567       1  1  1  1  1
568       1  1  1  1  1
569       1  1  1  1  1
570       1  1  1  1  1
571       1  0  1  0  1
572       0  0  0  1  1
573       1  1  1  1  1
574       1  1  1  1  1
575       1  1  1  1  1
576       1  1  0  1  1
577       1  1  0  0  1
578       0  0  1  1  1
579       1  1  1  1  1
580       1  1  1  1  1
581       1  1  1  1  1
582       0  1  1  0  0
583       1  1  1  1  1
584       1  1  1  1  1
585       1  1  0  1  1
586       0  1  0  1  1
587       1  1  1  1  0
588       1  0  0  1  0
589       1  1  1  1  1
590       1  0  1  0  0
591       1  1  1  1  1
592       1  1  1  1  1
593       1  1  1  1  1
594       0  1  0  0  1
595       1  1  1  1  1
596       1  1  1  1  1
597       1  1  1  1  1
598       1  1  1  1  1
599       1  1  1  1  1
600       0  0  0  1  1
601       1  1  1  1  1
602       1  1  1  1  1
603       1  1  1  1  1
604       0  1  0  0  1
605       0  0  1  1  0
606       1  1  1  1  1
607       1  1  1  1  1
608       0  1  0  1  0
609       0  1  1  1  1
610       0  0  1  1  0
611       1  1  1  0  0
612       1  1  1  1  1
613       0  0  1  1  0
614       1  1  1  1  1
615       1  1  1  1  1
616       1  0  1  1  1
617       1  1  1  1  1
618       1  1  1  1  1
619       1  1  1  1  1
620       0  1  1  1  1
621       0  1  0  1  0
622       1  0  0  1  1
623       1  1  1  0  0
624       1  1  1  1  1
625       1  0  1  1  0
626       1  1  1  1  1
627       1  1  1  1  1
628       1  1  1  1  1
629       1  1  1  1  1
630       1  1  1  1  1
631       1  1  1  1  1
632       1  1  1  1  1
633       1  1  1  1  1
634       1  1  1  1  1
635       1  1  1  0  0
636       1  1  1  1  1
637       0  0  0  1  1
638       1  0  0  1  1
639       1  0  1  1  1
640       0  1  1  1  1
641       1  1  1  1  1
642       1  0  0  1  1
643       1  1  1  1  1
644       0  0  1  0  1
645       1  1  1  1  1
646       1  1  1  1  1
647       1  1  1  1  1
648       1  1  0  1  0
649       1  1  1  1  1
650       1  1  1  1  0
651       1  0  1  1  1
652       1  1  1  1  1
653       0  0  1  1  1
654       1  0  0  1  1
655       0  1  0  1  0
656       1  1  0  0  0
657       1  1  1  1  0
658       1  1  1  1  1
659       1  1  1  1  1
660       1  1  1  1  1
661       1  1  1  1  1
662       1  1  1  0  0
663       1  1  1  1  0
664       0  1  0  1  1
665       1  1  1  1  0
666       0  1  0  0  1
667       1  1  1  1  1
668       1  1  1  1  1
669       1  1  1  1  1
670       0  1  1  0  0
671       0  0  1  1  0
672       1  1  1  1  1
673       1  1  1  1  1
674       1  0  0  1  0
675       1  1  1  1  1
676       1  1  1  1  1
677       1  1  1  1  1
678       1  1  1  1  1
679       1  1  1  1  1
680       1  1  1  1  1
681       1  1  1  1  1
682       1  1  1  1  1
683       0  1  0  1  0
684       1  0  0  1  1
685       1  0  0  1  1
686       0  0  1  1  0
687       1  1  1  0  0
688       1  1  1  1  1
689       1  1  1  1  1
690       0  1  1  0  1
691       1  1  1  0  0
692       0  1  1  0  0
693       1  0  0  0  1
694       1  0  0  1  1
695       1  0  1  1  1
696       1  1  1  0  1
697       1  0  0  1  1
698       1  1  1  1  1
699       1  1  1  1  1
700       1  1  1  1  1
701       1  1  1  1  1
702       1  0  1  1  1
703       1  0  1  0  0
704       1  1  1  1  1
705       1  1  0  0  1
706       1  1  1  1  1
707       1  1  1  1  1
708       1  1  1  1  1
709       0  0  0  1  1
710       1  1  1  1  1
711       1  1  1  1  1
712       0  0  1  0  1
713       1  1  1  1  1
714       0  0  1  1  1
715       0  0  1  0  1
716       1  1  1  1  1
717       1  1  0  0  1
718       1  1  1  1  1
719       1  1  1  1  1
720       1  1  1  1  1
721       1  1  1  0  0
722       1  1  1  0  1
723       1  1  1  1  1
724       1  0  1  0  1
725       1  1  1  1  1
726       1  1  1  1  1
727       1  1  0  0  0
728       1  1  1  0  0
729       1  1  0  1  1
730       0  1  1  1  0
731       0  0  1  1  1
732       1  0  0  0  1
733       1  1  1  0  1
734       0  1  0  0  1
735       1  1  1  1  1
736       1  1  1  1  1
737       1  0  1  0  0
738       1  1  1  1  1
739       1  1  1  1  1
740       1  0  1  0  0
741       0  1  0  1  0
742       1  1  1  1  1
743       1  1  1  1  1
744       0  1  1  0  1
745       1  1  1  1  1
746       1  1  1  1  1
747       1  1  1  1  1
748       1  1  1  1  1
749       1  1  1  0  0
750       1  1  1  1  1
751       1  1  1  1  1
752       0  0  1  1  0
753       0  1  0  0  1
754       1  1  1  1  1
755       1  1  1  1  1
756       1  1  1  1  1
757       1  1  1  1  1
758       1  1  1  1  1
759       1  1  1  1  1
760       1  1  1  1  1
761       1  1  0  1  0
762       0  1  1  1  1
763       1  1  1  1  1
764       0  1  1  0  1
765       0  1  1  0  1
766       1  0  1  0  0
767       1  1  1  1  1
768       1  0  1  1  1
769       0  1  0  1  1
770       1  1  0  0  0
771       1  0  1  1  1
772       1  1  1  1  1
773       1  1  1  1  1
774       1  0  0  1  1
775       1  1  1  1  0
776       1  1  0  0  1
777       1  1  1  1  1
778       1  1  1  1  1
779       0  1  1  1  1
780       1  1  0  0  1
781       0  1  0  0  1
782       0  1  1  0  0
783       0  0  1  1  1
784       1  1  1  1  1
785       0  0  1  1  1
786       0  1  1  1  1
787       0  1  0  1  0
788       1  0  0  1  1
789       0  1  0  1  1
790       0  1  0  1  1
791       0  1  1  1  0
792       0  0  1  0  1
793       0  1  0  0  1
794       1  1  0  0  0
795       0  1  1  0  0
796       1  0  1  0  1
797       0  0  1  0  1
798       0  1  1  0  0
799       0  0  1  1  0


0             50        50
1         88.434    65.616
2         75.464    26.891
3           80.2    89.945
4         73.039    24.592
5         49.247    10.353
6         78.591    18.257
7          19.18     78.07
8         58.276     48.14
9         67.777    73.698
10         35.084    83.296
11         43.884    17.104
12         73.079    24.026
13         54.208    10.314
14         41.749     85.09
15         16.687    44.714
16          31.67    71.988
17         56.011    15.913
18         59.767    25.613
19         53.072    61.148
20         19.928     40.36
21         45.983    48.278
22          14.22    87.939
23         14.107    61.503
24         49.432    16.064
25         69.585    45.388
26         43.835    28.887
27         23.981    78.695
28         65.865    40.661
29         79.145    10.118
30         47.175    87.206
31         18.273    69.008
32         43.745    63.678
33         12.125    75.206
34         72.593    23.042
35         41.187    10.419
36         85.558    68.975
37         55.112    17.685
38         51.416    24.838
39         40.983    31.448
40         44.151    41.178
41         19.341    69.296
42         65.098     71.38
43         40.497    69.448
44         27.276    31.207
45         40.184     21.41
46         89.931    56.136
47         25.859    17.824
48         61.483    75.809
49         64.962    31.915
50         25.795    67.107
51         38.703     64.02
52         41.429    61.544
53         36.252    45.247
54         68.471    17.604
55         79.714      79.1
56         85.098    42.114
57         80.677     72.07
58         71.581    50.498
59         35.164    36.284
60         52.695    22.369
61         30.244     20.53
62         69.233    69.119
63         16.944    89.773
64         24.988    60.378
65         46.866     70.75
66         12.787    64.008
67         83.779    33.665
68         42.663    86.704
69         48.731    55.457
70         25.828    18.456
71         78.511    76.184
72         50.903    41.266
73         34.204    34.114
74         57.201    64.874
75         79.705    39.132
76         69.714    63.474
77         52.135     21.71
78         28.998    73.616
79         33.717    13.273
80         19.604    53.406


1    83.039    59.516
2    87.243    64.441
3    85.907    70.619
4    97.991    64.218
5    91.719    65.704
6    89.076    70.131
7    83.545    70.901
8    88.188    66.286
9    85.432    63.917
10    87.681    57.266
11    66.244    23.049
12    68.457    27.694
13    75.717    24.575
14     80.04    18.751
15    74.588    28.588
16     75.25    36.615
17    84.037    27.513
18    76.275    26.052
19    70.649    21.799
20    71.887    24.288
21    85.812    88.157
22     75.97      97.3
23    83.431    91.193
24    75.549    91.315
25    84.867    89.329
26    74.081    85.678
27    84.905    96.897
28    72.323     90.49
29    80.188    92.352
30    89.122    91.131
31    69.673    23.051
32    64.473    25.767
33    66.421    27.071
34    72.368     16.43
35    76.041    16.439
36    72.275    26.231
37    72.531    25.924
38    72.107    22.598
39     78.23    22.895
40    73.658    30.848
41    49.499    11.966
42    54.435     9.546
43    44.977    10.906
44    48.568     17.99
45    52.996     9.413
46    49.497    10.621
47     42.69     2.827
48    47.009     9.154
49    45.302     8.045
50    49.288     9.536
51    77.246    19.353
52    85.092    15.114
53    84.315    19.151
54    79.984    15.561
55    80.418    11.747
56    78.224    18.015
57    74.355    14.743
58    77.272     8.865
59    79.639    22.165
60     77.76    18.688
61    19.999     76.48
62    21.369     76.25
63    22.468    82.117
64    22.452    84.694
65    19.505    77.192
66    22.647    74.876
67    18.842    84.809
68    19.173    77.443
69      19.1    77.419
70    21.558    74.581
71    67.549    46.741
72    57.964    47.227
73    57.244    49.753
74    62.956    46.866
75    52.603    53.349
76    59.514    43.119
77    54.238    50.528
78    58.176    54.657
79    56.949    50.903
80    52.987    46.009
81     66.83    81.888
82    75.366    67.297
83    66.973        73
84    68.089    73.994
85    74.983    79.664
86     73.41    75.969
87    71.163    76.414
88    67.601    63.723
89    70.024    82.962
90    73.224    71.172
91    30.346    80.837
92    42.601     87.15
93    30.822    76.655
94    29.983    84.177
95    31.541    84.889
96    38.622    92.174
97    33.169    77.576
98     40.04    76.503
99    35.749    86.565
100    33.851    76.107
101     42.28    26.446
102    39.829    14.703
103     34.75    14.282
104    43.206    16.998
105    43.496    13.036
106    43.287    25.794
107    40.281    24.345
108    42.683    17.566
109    44.331    20.351
110    44.239    14.958
111    72.592    18.596
112    71.926    23.785
113    72.625    23.963
114    75.639    20.859
115    73.233      24.9
116    75.997    24.122
117    76.335    27.888
118    76.005    31.405
119    73.857    15.529
120    73.145    24.155
121    44.897     8.162
122    49.405    11.114
123     59.74     4.714
124    54.332    10.579
125    62.537    10.006
126    55.173     5.662
127     60.31     15.78
128    50.156      2.68
129    58.197     5.586
130    54.184    10.158
131    41.688    84.991
132    40.231    84.591
133    39.239    90.503
134    48.909     79.81
135    44.623     92.27
136    38.137    83.683
137    38.711    80.798
138    32.178    86.661
139     38.28     80.56
140    44.682    84.125
141     16.82    45.072
142    13.768    52.856
143    16.637    54.612
144    17.685    36.422
145    16.726    43.259
146     15.54    53.563
147      16.1    45.815
148    24.061    47.111
149     16.54    44.597
150    12.596    37.131
151    29.905    71.768
152    25.541     65.34
153    32.979    63.012
154    31.554    72.159
155    36.116    68.706
156    41.538    70.678
157    29.384    67.517
158    28.476    71.106
159    37.208    77.665
160    34.194    71.819
161    55.158    16.969
162    48.752     21.08
163    56.069    19.079
164    63.592    21.146
165    47.178    15.461
166    54.893    16.417
167    56.783    16.899
168      49.7     8.761
169    54.943    15.713
170    59.871    20.823
171    58.868    20.356
172    66.252    30.143
173    67.893    25.435
174    54.004    23.098
175    61.166      30.9
176    65.647    27.379
177    57.334    24.042
178    54.213    28.348
179    51.277    29.532
180    56.759    27.474
181    53.671    58.156
182    50.668     56.93
183    45.437    67.412
184    53.185    61.564
185    52.399     53.02
186    56.121    60.826
187    57.375    61.646
188    55.452    61.283
189    54.716    65.914
190      53.1    63.332
191    18.023    36.503
192    16.576    39.439
193    26.251    35.719
194    12.488    46.611
195    18.435    41.034
196    17.173    46.238
197    19.551    45.107
198    24.751    40.143
199    19.914    41.702
200    16.935    42.403
201    39.532    44.462
202    39.534    52.988
203    51.249    47.142
204    49.577    42.598
205    40.912    46.496
206    38.295    50.293
207    48.022    56.896
208    46.308    48.497
209    46.325    48.418
210    45.741    41.397
211    14.955    87.401
212    17.051    88.056
213    15.049    78.666
214    14.419    88.153
215    16.444    85.817
216    14.962    92.447
217    16.126    97.019
218    17.408     85.72
219    14.713    82.214
220    21.109    94.628
221    18.571    54.878
222    13.741    56.077
223    13.231    61.987
224    11.471    57.548
225    19.812    64.217
226    12.027    64.666
227     14.06    60.218
228    13.947    61.847
229    13.143    60.414
230    17.357    64.281
231    52.966     11.02
232    49.594    25.278
233    45.879    16.443
234     59.01    18.633
235    45.259    21.972
236    51.374    15.534
237    55.586    14.305
238    51.019    15.027
239    49.518    15.664
240    52.186    18.247
241    63.617    39.177
242    60.257    43.937
243     68.06    44.185
244    61.855    46.824
245    68.735    39.846
246    69.818    43.566
247    66.054    40.504
248     62.53     46.11
249    78.146    43.103
250    68.011    42.599
251     48.09    33.159
252    42.971    27.741
253    42.467    28.656
254    40.031    26.032
255    40.146    21.573
256    43.906     25.89
257    38.249    20.773
258    44.701    35.998
259    42.151    28.242
260    47.444     21.99
261     19.82    79.421
262    22.582     79.09
263    27.233    80.341
264    32.037     83.24
265    24.396    78.882
266    27.345    81.226
267    28.903    80.352
268    17.906    82.317
269    24.616    72.472
270    30.782    76.567
271    66.413    36.281
272    62.102      36.1
273    57.824    40.544
274    62.433    36.344
275    64.332    34.164
276    60.428     39.49
277    64.677    48.263
278    62.442    39.534
279    65.483    35.476
280    65.085    38.226
281    78.952     7.722
282    84.368     6.056
283    77.765    10.663
284     74.39      3.34
285    84.256     8.874
286    83.138    18.724
287    79.094     9.801
288    70.358    12.223
289    70.374     8.423
290    84.876     9.478
291    39.442    80.982
292    44.469    80.821
293    51.803    86.622
294    48.131    86.643
295    48.933    87.073
296    40.702    94.752
297    38.703     89.41
298    48.156    86.496
299    49.149    85.665
300    43.902    93.228
301    13.354    69.859
302    16.918    78.507
303    24.857    74.803
304     9.489    71.653
305    20.246    71.859
306    13.236    67.497
307    11.682     71.61
308    17.489    68.497
309     9.477    71.934
310    13.772    68.963
311    37.557    63.728
312    47.508    63.365
313    45.414    53.852
314    44.645    70.586
315     45.35    64.676
316    40.597    72.511
317    42.911    62.317
318    36.753    59.191
319    40.117    70.043
320    40.965    70.061
321    16.677    71.005
322    10.797    76.674
323    12.941    77.921
324    11.505    79.636
325     7.851    75.058
326     7.379    73.866
327    11.217    73.032
328    11.899    75.556
329     6.503    78.656
330    15.346     71.16
331    71.929    24.012
332     80.81    19.803
333    72.128     22.69
334     76.77     29.33
335     80.92    27.727
336    72.903    23.164
337    80.735    26.808
338    63.251    22.901
339    77.795    15.519
340     73.46     21.12
341    36.141    13.918
342    47.152     7.709
343    45.513     5.665
344     40.54    20.048
345    40.574    10.277
346    39.163    15.661
347    43.737     8.972
348     36.32    13.082
349    40.928     6.478
350    44.357    10.678
351    85.451    69.439
352    85.727    69.038
353    84.769    69.534
354    85.199    68.364
355     89.38    76.358
356    84.334    67.975
357    83.791    63.427
358    76.956    64.854
359    89.246     77.35
360    85.526    69.095
361    63.423    20.547
362    60.697    18.642
363    47.453     20.29
364    55.175    17.701
365    52.517    16.651
366    47.462    16.348
367    52.182    16.369
368    53.598    19.834
369    57.257    15.685
370    58.535    22.388
371    51.441    24.872
372    50.489    18.584
373    52.278    22.225
374    51.411    24.439
375    48.358    26.156
376    52.703    29.059
377    52.911    30.656
378    51.152    19.752
379    49.973    24.471
380    51.865    24.098
381    45.176      29.1
382    36.281    25.544
383    47.281    30.924
384    35.315    30.766
385    47.955    28.834
386    39.526     22.53
387    48.124    29.159
388    38.908    32.146
389     37.65    31.385
390    47.119    34.648
391    43.858    33.846
392    45.223    38.169
393    52.343    43.913
394     46.89    45.384
395    40.593    41.677
396    48.531    46.882
397    42.997    34.994
398    39.245     44.62
399    43.484    36.361
400    44.783    50.146
401    27.672    73.326
402    26.567    65.006
403    19.907    69.699
404    25.147    65.667
405    22.096    61.583
406    19.148    66.687
407    19.281    69.375
408    26.965    73.381
409    18.539    62.905
410    16.673    73.533
411    64.791    71.787
412    56.053    70.975
413    65.491    71.197
414    63.194    72.041
415    57.066    74.453
416    65.482    69.633
417    65.682    75.144
418    64.728    70.241
419    71.479    73.695
420    70.757     69.16
421    47.755    70.176
422    36.596    67.241
423    39.858    69.426
424     40.73    69.252
425    46.871    67.058
426    36.369    77.863
427    40.244    69.439
428    41.403    69.011
429    41.651    69.257
430    40.897    68.714
431    27.612    30.781
432    27.518     30.65
433    33.291    34.598
434    26.087    34.117
435    22.271    29.767
436    27.429    27.127
437    30.908    29.034
438    29.227    40.191
439    29.136    35.472
440     26.25    32.668
441    37.986    18.653
442    40.164    18.149
443    43.646    24.421
444    43.245    23.147
445    34.114    14.099
446    31.651    26.413
447     39.75    22.367
448    37.047    18.203
449    40.107    24.165
450    46.859     27.75
451    94.332    56.943
452    94.285    55.964
453    90.266    50.171
454    87.768    49.373
455    85.538    56.909
456    85.222    56.825
457    99.358    57.801
458    92.105    53.865
459    92.607    55.694
460    86.969        52
461    27.158    18.859
462     27.52    19.604
463     32.44    17.586
464    30.027    14.275
465     25.57    17.131
466    25.377    15.241
467     25.84    17.812
468    30.133    18.649
469    27.297    14.987
470    25.076    15.454
471    55.605    78.187
472    60.613    75.685
473    55.742    73.259
474    61.571    77.879
475     57.03    73.221
476    62.285    75.092
477    68.135    71.753
478     68.35    82.925
479    64.785    75.146
480    60.005    78.556
481    63.514    27.981
482    70.641    32.798
483    62.984    30.564
484    66.516    31.113
485     67.97    36.391
486    62.926    31.194
487    64.855    37.603
488    63.439    25.416
489    59.828    28.442
490    73.533     30.98
491    21.973    63.354
492    24.313    61.386
493    23.509     67.52
494    18.006    68.215
495     18.43    61.785
496    17.162    65.946
497    22.001    69.889
498    34.257    68.042
499    23.099    62.986
500    24.914    67.472
501    39.683    67.006
502    41.132    64.785
503    38.213    64.762
504    41.525    68.343
505    42.768    67.693
506    41.408    68.518
507    35.086    66.869
508    40.347    64.752
509    36.412    66.065
510    38.243    59.821
511    41.198    61.596
512    48.579    59.312
513     41.98    59.778
514    43.936    53.895
515     39.64    63.171
516    40.632    62.235
517    43.418    60.957
518    40.315    66.955
519    49.958    60.489
520    47.044      55.4
521    36.571    47.964
522    37.719    44.702
523    38.938    43.419
524    28.526    47.668
525      31.3    49.234
526    38.304     48.96
527    36.179    44.888
528    36.241    45.242
529    31.313    46.097
530    36.505    45.505
531    67.869     7.873
532    71.542    13.862
533    60.571    14.963
534    63.026    15.303
535    68.298    17.074
536     68.86    26.584
537    61.047     12.69
538    65.623    22.259
539    69.834    25.602
540    63.668    10.998
541    75.042    84.945
542    77.836    81.129
543     78.08     80.42
544    75.825    78.424
545    79.366     76.84
546    79.883     79.94
547     80.86     79.66
548    87.901    84.253
549    75.562    75.759
550    81.838    87.961
551     83.29    42.166
552    79.185    46.195
553    92.645    46.537
554    81.798    43.142
555    81.579    50.818
556    82.168    42.141
557    79.062    34.689
558    91.214    34.922
559    85.988    34.827
560    91.851    38.225
561    74.753    76.203
562    81.852    72.175
563    77.456    63.261
564    80.626    72.194
565    80.433     76.92
566    88.693    76.155
567    79.711    71.822
568    86.044    71.928
569    81.237    69.895
570    89.091    69.758
571    76.511    50.286
572    65.727    44.868
573    74.267     47.99
574    67.426    59.105
575     67.28    46.871
576    71.302    50.868
577    66.347    45.164
578     70.76    50.211
579    70.719    50.326
580    69.032    47.002
581    35.604    36.342
582    35.135     36.29
583    36.426    37.573
584    35.569    40.137
585    36.677    36.215
586    32.661    35.118
587    38.875    35.598
588    38.755    35.579
589    37.463    42.209
590    36.146    34.929
591    53.929    16.943
592    58.722    29.414
593     52.21    17.404
594    58.706    20.726
595    52.193     25.51
596    49.007    28.274
597    52.094     25.85
598    54.116    20.409
599    52.504    22.472
600    54.727    31.756
601     27.09    11.311
602    27.612    25.595
603    26.365    23.123
604    30.469    20.855
605    33.215    22.102
606    22.238    15.395
607    28.868    20.287
608    33.422    29.482
609    27.725    15.739
610    34.036    21.049
611    62.419    66.429
612    62.775    62.602
613     63.54    61.749
614    67.079    62.108
615    69.457    70.964
616    69.548    60.503
617    69.105    67.892
618    70.704    62.183
619     71.07    71.594
620     62.26    73.045
621    25.243    91.137
622    20.341    96.967
623    17.644    90.634
624    18.083    90.337
625    22.128    91.418
626    15.612    89.402
627    18.192    93.033
628    19.893    94.817
629    17.526    98.794
630    18.029    85.804
631     24.91    60.931
632    25.962    55.293
633    29.829    54.129
634    27.877    61.028
635    29.729    67.241
636    32.874    62.782
637    23.977    59.105
638    20.826    61.596
639    30.307    58.786
640    24.214    61.175
641     47.15    74.517
642    50.857    63.045
643    45.073    69.884
644    51.663    75.244
645    50.836    69.556
646    54.509    70.636
647    45.997    77.287
648    48.453    66.745
649    50.604    79.015
650    43.683    71.494
651    12.152    69.616
652    13.988    62.429
653      6.79    62.778
654    12.023    64.861
655    13.513    64.862
656    14.837    60.777
657    11.984     65.43
658     7.117    58.834
659    15.716     68.07
660    11.889    63.815
661    83.287    36.619
662    74.958    32.866
663      84.5    33.977
664    83.795    32.232
665    89.344    28.692
666    83.837    28.004
667    90.543    36.969
668    85.079    33.637
669    82.465    32.539
670    79.436    31.736
671    42.977    88.923
672    43.343    86.415
673    39.739    80.417
674    39.635    82.963
675    47.002     89.39
676    42.223    83.251
677     50.25    92.092
678     46.57    94.771
679    41.327    88.674
680    38.247    88.476
681    56.308    61.349
682    48.446    56.595
683    54.392    51.918
684    55.959    53.901
685    47.806    61.854
686    44.842    54.581
687    39.469    58.582
688    48.105    54.008
689    45.964    53.655
690    42.919    58.995
691    25.831    17.647
692    26.776    14.061
693    19.508    22.684
694    28.331    14.839
695    28.709    19.678
696    19.369    24.859
697    29.126    24.645
698    23.833     9.212
699    24.658    17.687
700    26.806    26.621
701    77.705    75.598
702    77.268    73.994
703    86.532    76.942
704    86.425    81.077
705    84.242    70.475
706    80.956    76.997
707    75.007    72.293
708    75.571    75.089
709    78.309    75.987
710    80.816     72.85
711    47.129    48.535
712    50.906    36.402
713    52.685    48.398
714    56.882    39.221
715    50.155    43.593
716    44.076    37.212
717    51.777    41.443
718     50.23    34.225
719    48.787    39.868
720    46.415    35.844
721    37.706     36.02
722    33.601    35.178
723    41.653    30.938
724    32.159     30.69
725    34.285    34.143
726    31.203    34.624
727     43.47    34.428
728    36.172    30.657
729    34.625    33.614
730    42.789    35.392
731    63.301    66.365
732    54.577    60.775
733    57.264    64.132
734    53.277    62.298
735    57.373    66.508
736    50.201    61.112
737    61.436    62.605
738    66.289    65.686
739    57.145    66.174
740    51.933    71.437
741    76.971    31.005
742    78.363    43.148
743    78.606     29.59
744    77.309    39.349
745    81.518    31.492
746    84.226    38.921
747    73.834    43.859
748    79.198    39.591
749    86.143    33.573
750    78.255     41.65
751    69.024    63.907
752    72.207    69.999
753    74.211    61.344
754    71.659    67.142
755    68.705    55.095
756    72.775    62.219
757    68.555    70.328
758    66.024    68.828
759    65.088    66.716
760    73.168     57.97
761    54.268    19.063
762    48.803    24.725
763    47.222    20.383
764    52.734    21.768
765    52.335    21.017
766    56.652    17.012
767    43.334    19.844
768    60.178    16.523
769    52.632    21.093
770    48.633    24.345
771    31.106    69.246
772    34.546      69.6
773    33.712    69.054
774    35.161    78.153
775    29.541    72.181
776    28.679    73.404
777    29.515    74.697
778    30.351     72.26
779    28.166    71.796
780    28.507    72.709
781    28.911     9.791
782    36.346    15.966
783    32.956    16.996
784    37.048    12.923
785    35.602    13.978
786    35.714     9.029
787     39.63    11.547
788    30.675    10.853
789    29.888    10.198
790    37.885    17.226
791    13.355    55.654
792    18.695    52.895
793    16.163    57.759
794    13.048    56.398
795    13.479    57.518
796    21.481    49.825
797    19.394     54.37
798    15.273    52.874
799    24.638    52.267
800     21.26    53.995
