81 Stops, 800 Students, 20 Max_Walking, 50 Capacity, 5 Days 

0       0  0  1  0  1
1       1  1  1  1  1
2       0  0  1  1  0
3       1  1  1  1  1
4       1  1  1  1  1
5       1  1  1  1  1
6       1  1  1  1  1
7       1  1  1  1  1
8       1  1  1  1  1
9       1  1  1  1  1
10       1  1  1  1  1
11       1  1  1  1  1
12       1  1  1  1  1
13       0  0  1  0  1
14       1  0  0  1  0
15       1  1  1  1  1
16       1  1  1  1  1
17       1  1  1  1  1
18       1  1  1  1  1
19       1  1  1  1  1
20       1  1  1  1  1
21       1  1  1  1  1
22       1  1  1  1  1
23       1  1  1  1  1
24       1  1  1  1  1
25       0  0  1  1  1
26       0  0  0  1  1
27       1  1  1  1  1
28       1  1  1  1  1
29       1  1  1  1  1
30       1  1  1  1  1
31       1  1  1  1  1
32       1  1  1  1  1
33       1  1  1  1  1
34       1  1  1  1  1
35       1  1  1  1  1
36       1  1  1  1  1
37       1  1  1  1  1
38       1  1  1  1  1
39       1  1  1  1  1
40       1  1  1  1  1
41       1  1  1  1  1
42       0  1  1  1  1
43       1  1  1  1  1
44       1  1  1  1  1
45       1  1  1  1  1
46       1  1  1  1  1
47       1  1  1  1  1
48       1  1  1  1  1
49       1  1  1  1  1
50       1  1  1  1  1
51       1  1  1  1  1
52       1  1  1  1  1
53       1  1  1  1  1
54       1  1  1  1  1
55       1  1  1  1  1
56       1  1  1  1  1
57       1  1  1  1  1
58       0  1  1  0  1
59       1  1  1  1  1
60       1  1  1  1  1
61       1  1  1  1  1
62       1  1  1  1  1
63       1  1  1  1  1
64       1  1  1  1  1
65       1  1  1  1  1
66       0  0  1  1  0
67       1  1  1  1  1
68       1  1  1  1  1
69       1  1  0  0  0
70       1  1  1  1  1
71       1  0  1  1  0
72       1  0  0  1  1
73       1  1  1  1  1
74       1  1  1  1  1
75       1  1  1  1  1
76       1  0  1  0  1
77       0  1  0  1  1
78       1  1  1  1  1
79       1  1  1  1  1
80       1  1  1  1  1
81       1  1  1  1  1
82       1  1  1  1  1
83       1  0  1  0  0
84       0  0  1  0  1
85       1  1  1  1  1
86       1  1  1  1  1
87       1  1  0  0  0
88       1  1  1  1  1
89       1  1  1  1  1
90       1  1  1  1  1
91       1  1  1  1  1
92       1  1  1  1  1
93       1  1  1  1  1
94       1  1  1  1  1
95       1  1  1  1  1
96       1  1  1  1  1
97       1  1  1  1  1
98       1  1  1  1  1
99       1  1  1  1  1
100       1  1  1  1  1
101       0  1  1  0  1
102       0  0  1  1  1
103       1  1  1  1  1
104       1  1  1  1  1
105       1  1  1  1  1
106       1  1  1  1  1
107       1  1  0  1  0
108       1  1  1  1  1
109       1  1  1  1  1
110       1  1  1  1  1
111       1  1  1  1  1
112       1  0  1  1  0
113       1  1  1  1  0
114       1  1  1  1  0
115       1  1  1  1  1
116       1  1  1  1  1
117       1  1  1  1  1
118       1  1  1  1  1
119       0  0  1  0  1
120       1  1  1  1  1
121       1  1  1  1  1
122       1  1  1  1  1
123       1  1  1  1  1
124       1  1  1  1  1
125       1  1  1  1  1
126       0  1  0  1  1
127       1  1  1  1  1
128       1  1  1  1  1
129       1  1  1  1  1
130       1  1  1  1  1
131       1  1  1  1  1
132       1  1  1  1  1
133       1  1  1  1  1
134       1  1  1  1  1
135       1  1  1  1  1
136       1  1  1  1  1
137       1  1  1  1  1
138       1  1  1  1  1
139       1  1  1  1  1
140       0  0  1  1  0
141       1  1  1  1  1
142       1  1  1  1  1
143       1  1  1  1  1
144       0  0  1  1  1
145       0  0  1  0  1
146       1  1  1  1  1
147       1  0  0  1  0
148       1  1  1  1  1
149       1  1  1  1  1
150       1  0  1  0  1
151       1  1  0  1  1
152       1  1  1  1  1
153       1  1  1  1  1
154       1  1  1  1  1
155       0  1  0  1  0
156       1  1  1  1  1
157       1  1  1  1  1
158       1  1  1  1  1
159       1  1  1  1  1
160       1  1  1  1  1
161       0  0  1  1  1
162       1  1  1  1  1
163       1  1  1  1  1
164       1  1  1  1  1
165       1  1  1  1  1
166       1  1  1  1  1
167       1  1  1  1  1
168       1  1  1  1  1
169       1  1  1  1  1
170       1  1  1  1  1
171       1  1  1  1  1
172       1  1  1  1  1
173       0  0  1  1  1
174       1  1  1  1  1
175       1  1  1  1  1
176       1  1  1  1  1
177       0  1  1  0  0
178       0  1  0  0  1
179       1  1  1  1  1
180       1  1  1  1  1
181       1  1  0  1  0
182       0  1  1  0  0
183       1  1  1  1  1
184       1  1  1  1  1
185       1  1  1  1  1
186       1  1  1  1  1
187       1  1  1  1  1
188       0  0  1  1  1
189       1  1  1  1  1
190       0  1  1  1  1
191       1  1  1  1  1
192       1  1  1  1  1
193       1  1  1  1  1
194       1  1  1  1  1
195       1  1  1  1  1
196       1  1  1  1  1
197       1  1  1  1  1
198       1  1  1  1  1
199       0  1  0  0  1
200       0  0  1  1  0
201       1  1  1  1  1
202       1  1  1  1  1
203       1  1  1  1  1
204       1  1  1  1  1
205       1  0  1  1  1
206       1  1  1  1  1
207       1  1  1  1  1
208       1  1  1  1  1
209       1  1  1  1  1
210       0  0  1  0  1
211       1  1  1  1  1
212       1  1  1  1  1
213       1  1  1  1  1
214       1  1  1  1  1
215       1  1  1  1  1
216       1  0  0  1  1
217       1  1  1  1  1
218       1  1  1  1  1
219       1  1  1  1  1
220       1  1  1  1  1
221       1  1  1  1  1
222       1  1  1  1  1
223       1  1  1  1  1
224       1  1  1  1  1
225       1  1  1  1  1
226       1  1  1  1  1
227       1  1  1  1  1
228       1  1  1  1  1
229       1  1  1  1  1
230       1  1  1  1  1
231       1  1  1  1  1
232       1  1  1  1  1
233       1  1  1  1  1
234       1  1  1  1  1
235       1  1  1  1  1
236       1  1  1  1  1
237       1  1  0  0  1
238       1  1  1  1  1
239       1  1  1  1  1
240       1  1  1  1  1
241       1  1  1  1  1
242       1  1  1  1  1
243       1  0  0  0  1
244       1  1  1  1  1
245       1  1  1  1  1
246       1  1  1  1  1
247       1  1  1  1  1
248       1  1  1  1  1
249       0  1  0  1  0
250       1  0  1  0  0
251       1  1  1  1  1
252       0  1  1  1  0
253       1  1  1  1  1
254       1  1  1  1  1
255       0  0  1  0  1
256       1  1  1  1  1
257       1  1  1  1  1
258       1  1  1  1  1
259       1  1  1  1  1
260       1  0  1  1  1
261       1  1  1  1  1
262       1  1  1  1  1
263       0  1  1  0  0
264       1  1  1  1  1
265       0  1  1  1  0
266       1  1  1  1  1
267       1  1  1  1  1
268       1  1  1  1  1
269       1  1  1  1  1
270       0  1  0  0  1
271       1  1  1  1  1
272       1  1  1  1  1
273       1  1  0  0  1
274       0  1  1  0  0
275       1  1  1  1  1
276       1  1  1  1  1
277       1  1  1  1  1
278       1  1  1  1  1
279       1  1  1  1  1
280       1  1  1  1  1
281       1  1  1  1  1
282       1  1  1  1  1
283       1  1  1  1  1
284       1  1  1  1  1
285       1  1  1  1  0
286       1  1  1  1  1
287       1  1  1  1  1
288       1  1  1  1  1
289       1  1  1  1  1
290       1  1  1  1  1
291       1  1  1  1  1
292       1  1  1  1  1
293       1  1  1  1  1
294       1  1  1  1  1
295       1  1  1  1  1
296       1  1  0  1  0
297       1  1  1  1  1
298       1  1  1  1  1
299       1  1  1  1  1
300       1  1  0  0  0
301       1  1  1  1  1
302       1  1  1  1  1
303       1  1  1  1  1
304       1  0  0  1  1
305       1  1  1  1  1
306       1  1  1  1  1
307       1  1  1  1  1
308       1  1  1  1  1
309       1  1  1  1  1
310       1  1  1  1  1
311       1  1  1  1  0
312       1  1  0  1  1
313       1  1  1  1  1
314       1  1  1  1  1
315       0  1  0  0  1
316       0  1  1  0  0
317       1  1  1  1  1
318       1  1  1  1  1
319       1  1  1  1  1
320       1  1  1  1  1
321       1  1  1  0  0
322       0  0  1  1  0
323       1  1  1  1  1
324       1  1  1  1  1
325       1  1  1  1  1
326       1  0  0  0  1
327       1  1  1  1  1
328       1  1  1  1  1
329       1  1  1  1  1
330       0  1  0  1  1
331       1  1  1  1  1
332       1  1  1  1  1
333       0  1  1  1  0
334       1  1  1  1  1
335       1  1  1  1  1
336       1  1  1  1  1
337       1  1  1  1  1
338       1  1  1  1  1
339       1  1  1  1  1
340       1  1  1  1  1
341       1  1  1  1  1
342       1  1  1  1  1
343       1  1  1  1  1
344       1  1  1  1  1
345       1  1  0  0  1
346       1  1  1  1  1
347       1  1  1  1  1
348       1  1  1  1  1
349       1  1  1  1  1
350       1  1  1  1  1
351       1  1  0  0  0
352       1  1  1  1  1
353       1  1  1  1  1
354       1  1  1  1  1
355       0  1  1  0  1
356       1  0  1  0  0
357       1  0  0  1  1
358       1  1  1  1  1
359       1  1  1  1  1
360       1  1  1  1  1
361       1  1  1  1  1
362       1  1  1  1  1
363       1  1  1  1  1
364       1  1  1  1  1
365       1  1  1  1  1
366       1  1  1  1  1
367       1  1  1  1  1
368       1  1  0  0  1
369       1  1  1  1  1
370       1  1  1  1  1
371       1  1  1  1  1
372       1  0  1  1  0
373       1  1  1  1  1
374       0  1  0  1  1
375       1  1  1  1  1
376       1  1  1  1  1
377       0  1  0  0  1
378       1  1  1  1  1
379       1  1  1  1  1
380       0  0  1  1  0
381       1  1  1  1  1
382       1  1  1  1  1
383       1  1  1  1  1
384       1  1  1  1  1
385       1  1  1  1  1
386       1  1  1  1  1
387       1  1  1  1  1
388       1  1  1  1  1
389       1  1  1  1  1
390       1  1  1  1  1
391       1  1  1  1  1
392       1  1  1  1  1
393       1  1  1  1  1
394       1  1  1  1  1
395       1  1  1  1  1
396       1  1  1  1  1
397       1  1  1  1  1
398       1  1  1  1  1
399       0  1  1  0  0
400       1  1  1  1  1
401       1  0  1  0  1
402       0  0  0  1  1
403       1  1  1  1  1
404       0  0  1  1  0
405       1  1  0  1  1
406       1  1  1  1  1
407       0  1  1  1  0
408       1  1  1  1  1
409       1  1  1  1  1
410       1  1  1  1  1
411       1  1  1  1  1
412       0  1  1  1  1
413       1  1  1  1  1
414       1  1  1  1  1
415       1  1  1  1  1
416       1  1  1  1  1
417       1  1  1  1  1
418       1  1  1  1  1
419       1  1  1  1  1
420       1  1  1  1  1
421       0  0  0  1  1
422       1  1  1  1  1
423       1  1  1  1  1
424       0  1  0  1  0
425       0  1  0  1  1
426       1  1  0  1  0
427       1  1  1  1  1
428       1  1  1  1  1
429       1  1  1  1  1
430       1  1  1  1  1
431       1  1  1  1  1
432       0  1  0  0  1
433       1  0  1  1  1
434       1  1  1  1  1
435       1  1  1  1  1
436       1  1  1  1  1
437       1  1  1  1  1
438       0  1  1  0  1
439       1  1  1  1  1
440       0  1  1  1  0
441       1  1  1  1  1
442       1  1  1  1  1
443       1  1  1  1  1
444       1  1  1  1  1
445       1  1  1  0  0
446       1  1  1  1  1
447       1  1  1  1  1
448       1  0  1  1  0
449       1  1  0  1  1
450       1  1  1  1  1
451       1  1  1  1  1
452       1  1  1  1  1
453       1  1  0  1  0
454       1  1  1  1  1
455       1  1  1  1  1
456       1  1  1  1  1
457       1  1  1  1  1
458       1  1  1  1  1
459       1  1  1  1  1
460       1  1  0  1  0
461       1  0  1  1  0
462       1  1  1  1  1
463       1  1  1  1  1
464       1  1  1  1  1
465       1  0  1  1  1
466       1  1  1  1  1
467       1  1  1  1  1
468       1  1  1  1  1
469       1  1  1  1  1
470       1  1  1  1  1
471       1  1  1  1  1
472       1  0  1  1  0
473       1  1  1  1  1
474       0  0  0  1  1
475       1  0  1  0  1
476       1  1  1  1  1
477       1  1  1  1  1
478       1  1  1  0  1
479       1  1  1  1  1
480       0  1  1  1  1
481       1  1  0  1  0
482       1  1  1  1  1
483       1  1  1  1  1
484       1  1  1  1  1
485       1  1  0  1  0
486       1  1  1  1  1
487       1  1  1  1  1
488       1  1  1  1  1
489       0  0  1  0  1
490       1  1  1  1  1
491       1  1  1  1  1
492       1  1  1  1  1
493       1  1  1  1  0
494       1  1  1  1  1
495       1  1  0  0  0
496       1  1  1  1  1
497       1  1  0  0  0
498       1  1  1  1  0
499       1  1  1  1  1
500       1  1  1  1  1
501       1  1  1  1  1
502       1  1  1  1  1
503       1  1  1  1  1
504       1  1  1  1  1
505       1  1  1  1  1
506       1  1  1  1  1
507       1  1  1  1  1
508       1  1  1  1  1
509       1  1  1  1  1
510       1  1  1  1  1
511       1  1  1  1  1
512       1  1  1  1  1
513       1  1  1  1  1
514       1  1  1  1  1
515       1  1  1  1  1
516       1  1  1  1  1
517       1  1  1  1  1
518       1  1  1  1  1
519       1  1  1  1  1
520       1  0  1  0  0
521       1  1  1  1  1
522       1  1  1  1  1
523       1  1  1  1  1
524       1  1  1  1  1
525       1  1  1  1  1
526       1  1  1  1  1
527       1  1  1  1  1
528       1  1  1  1  1
529       1  1  1  1  1
530       1  1  1  1  1
531       1  1  1  1  1
532       0  1  1  0  1
533       1  1  1  1  1
534       1  1  1  1  1
535       1  1  1  1  1
536       1  1  1  1  1
537       1  0  1  0  0
538       1  1  1  1  1
539       0  1  0  0  1
540       1  1  1  1  1
541       1  1  1  1  1
542       0  1  0  1  0
543       0  1  0  1  0
544       0  0  1  0  1
545       1  1  1  1  1
546       1  1  1  1  1
547       1  1  1  1  1
548       1  1  1  1  1
549       0  0  1  1  1
550       1  1  1  1  1
551       1  1  1  1  1
552       1  0  1  1  0
553       1  1  1  1  1
554       1  1  1  1  1
555       1  1  1  1  1
556       0  0  1  1  0
557       1  1  1  1  1
558       1  1  1  1  1
559       1  1  1  1  1
560       1  1  1  1  1
561       1  1  1  1  1
562       1  1  1  1  1
563       1  1  1  1  1
564       1  1  1  1  1
565       1  0  1  0  1
566       1  1  1  1  1
567       1  1  1  1  1
568       1  1  1  1  1
569       1  1  1  1  1
570       0  1  0  1  1
571       1  0  1  1  0
572       0  1  1  1  1
573       1  1  1  1  1
574       0  1  1  1  1
575       1  1  1  1  1
576       1  1  1  1  1
577       1  1  1  1  1
578       1  0  1  1  0
579       1  1  0  1  1
580       1  1  1  1  1
581       1  1  1  1  1
582       0  0  1  1  1
583       1  1  1  1  1
584       1  1  1  1  1
585       1  1  1  1  1
586       1  1  1  1  1
587       1  1  1  1  1
588       1  1  0  0  0
589       1  1  1  1  1
590       1  1  1  1  1
591       1  1  1  1  1
592       1  1  1  0  1
593       1  1  1  1  1
594       1  1  1  1  1
595       1  1  0  0  1
596       1  1  1  1  1
597       1  1  1  1  1
598       1  1  1  1  1
599       1  1  1  1  1
600       1  1  1  1  1
601       1  0  0  1  1
602       1  1  1  1  1
603       1  1  1  1  1
604       1  1  1  1  1
605       1  1  1  1  1
606       1  1  1  1  1
607       1  1  1  1  0
608       1  1  1  1  1
609       1  1  1  1  1
610       1  1  1  1  1
611       1  1  1  1  1
612       1  1  1  1  1
613       1  1  1  1  1
614       1  1  1  0  0
615       1  1  0  1  0
616       1  1  1  1  1
617       1  0  1  0  0
618       1  1  1  1  1
619       1  1  1  1  1
620       1  1  1  1  1
621       1  1  1  1  1
622       1  1  1  1  1
623       1  1  1  1  1
624       1  1  1  1  1
625       1  1  1  1  1
626       1  1  1  1  1
627       1  0  1  0  1
628       1  1  1  1  1
629       1  1  0  1  0
630       1  1  1  1  1
631       1  1  1  1  1
632       1  1  1  1  1
633       1  1  1  1  1
634       1  1  1  1  1
635       1  1  1  1  1
636       1  0  0  0  1
637       1  1  1  1  1
638       0  1  1  0  0
639       0  1  0  1  1
640       1  1  1  1  1
641       1  1  1  1  1
642       1  1  1  1  1
643       1  1  1  1  1
644       1  1  1  1  1
645       1  1  1  1  1
646       1  1  1  1  1
647       1  1  1  1  1
648       1  1  1  1  1
649       1  1  1  1  1
650       1  1  1  1  1
651       1  1  1  1  1
652       1  1  1  1  1
653       1  1  1  1  1
654       1  1  1  1  1
655       0  0  1  1  1
656       1  1  1  1  1
657       1  1  1  1  1
658       1  1  1  1  0
659       1  1  1  1  1
660       1  1  1  1  1
661       1  1  1  1  1
662       1  1  1  1  1
663       1  1  1  1  1
664       1  1  1  1  1
665       1  1  1  1  1
666       1  1  1  1  1
667       1  1  1  1  1
668       1  1  1  1  1
669       1  1  1  1  1
670       1  1  1  1  1
671       1  1  1  1  1
672       0  1  1  1  1
673       1  0  1  0  0
674       1  1  1  1  1
675       1  1  1  1  1
676       1  1  1  1  1
677       0  1  0  0  1
678       1  1  1  1  1
679       1  1  1  1  1
680       1  1  0  1  0
681       1  1  1  1  1
682       1  1  1  1  1
683       1  1  1  1  1
684       1  1  1  1  1
685       1  1  1  1  1
686       1  0  0  1  1
687       1  1  1  1  1
688       1  1  1  1  1
689       0  1  0  1  1
690       1  1  1  1  1
691       1  1  1  1  1
692       1  1  1  1  1
693       1  1  1  1  1
694       1  0  1  1  1
695       0  1  1  0  0
696       1  1  1  1  1
697       1  1  1  1  1
698       1  1  1  1  1
699       1  1  1  1  1
700       1  1  1  1  1
701       1  1  1  1  1
702       1  0  1  1  1
703       1  1  1  1  1
704       1  1  1  1  1
705       0  0  0  1  1
706       1  1  0  0  1
707       1  1  1  1  1
708       1  1  1  1  1
709       1  1  1  1  1
710       0  1  0  1  1
711       1  1  1  1  1
712       1  1  1  1  1
713       1  1  1  1  1
714       1  1  1  1  1
715       1  1  1  1  1
716       0  1  0  1  1
717       1  1  1  1  1
718       1  1  1  1  1
719       1  0  0  1  1
720       1  1  1  1  1
721       1  1  1  1  1
722       1  1  1  1  1
723       1  1  1  1  1
724       1  1  1  1  1
725       1  1  1  1  1
726       1  1  1  1  1
727       1  1  1  1  1
728       1  1  1  1  1
729       1  1  1  1  1
730       0  0  1  0  1
731       1  1  1  1  1
732       0  0  0  1  1
733       1  1  1  1  1
734       1  1  0  1  0
735       1  1  1  1  1
736       1  0  1  1  1
737       0  1  0  0  1
738       1  0  0  1  0
739       1  1  1  1  1
740       1  1  1  1  1
741       1  1  1  1  1
742       1  1  1  1  1
743       1  0  1  0  0
744       1  1  1  1  1
745       1  0  0  0  1
746       0  1  1  1  1
747       1  1  1  1  1
748       1  1  0  0  1
749       1  1  1  1  1
750       1  0  0  0  1
751       1  1  1  1  1
752       1  1  0  1  1
753       1  1  1  1  1
754       1  1  1  1  1
755       1  1  1  1  1
756       1  0  1  1  1
757       1  0  0  1  0
758       1  1  1  1  1
759       0  1  1  0  0
760       1  1  1  1  1
761       1  1  1  1  1
762       1  0  1  1  1
763       1  1  1  1  1
764       1  1  1  1  1
765       1  1  1  1  1
766       1  1  1  1  1
767       1  1  1  1  1
768       1  1  1  1  1
769       1  1  0  0  1
770       1  1  1  1  1
771       1  1  1  1  1
772       1  1  1  1  1
773       1  1  1  1  1
774       0  1  0  0  1
775       0  1  1  1  1
776       1  1  0  0  0
777       1  1  1  1  1
778       1  1  1  1  1
779       1  0  1  0  0
780       1  0  1  1  0
781       1  0  1  1  0
782       1  1  1  1  1
783       1  1  1  1  1
784       1  1  1  1  1
785       0  1  1  1  1
786       1  1  1  1  1
787       1  1  1  1  1
788       1  0  1  0  0
789       1  1  1  1  1
790       1  1  1  0  1
791       0  1  0  1  0
792       1  1  1  1  1
793       1  1  1  1  1
794       0  0  1  1  0
795       0  1  0  0  1
796       1  0  1  1  0
797       1  1  1  1  1
798       1  0  1  1  0
799       0  1  1  0  0


0             50        50
1          74.35     63.07
2         71.655     61.99
3         66.821    28.227
4         27.502    43.385
5         71.249    65.059
6          51.96    41.389
7         20.169    25.809
8         39.259    26.929
9         79.026    70.395
10             62     57.49
11         61.125    78.633
12         66.957    27.019
13         63.802      59.8
14          24.51    76.461
15         39.587    27.282
16         41.878    70.849
17         55.855    52.018
18          25.62    65.422
19         56.793    58.692
20         24.812    76.652
21         61.752    31.189
22         34.223    58.415
23         26.454    60.047
24         46.254    35.404
25         70.727    60.254
26         21.933    51.223
27         69.538    37.243
28         29.071     48.49
29         32.456    72.887
30         29.377    28.744
31         45.406    60.612
32         21.615    24.739
33         27.636    38.263
34         45.315    32.231
35         50.938    67.789
36         43.121    40.981
37         29.156    44.645
38         27.491    63.168
39         20.568    72.633
40         76.792    49.444
41         25.998    72.656
42         70.135    49.848
43         67.465    37.673
44         49.272    20.219
45         32.621    32.554
46         20.759    68.865
47         60.473    44.606
48         72.558    48.103
49         38.009     74.61
50           53.6    68.411
51         63.851    68.089
52         27.378     27.11
53         75.283    22.946
54         37.101    60.229
55         32.478    34.859
56         72.129    47.288
57         58.959    57.095
58         71.539    22.399
59         59.304    35.928
60         41.753    51.861
61         40.792    76.234
62         79.231    42.508
63         64.876     72.83
64         23.096    25.737
65          31.68    35.821
66         22.779    51.717
67         59.825      37.1
68         78.372      73.1
69         37.401    51.335
70         56.736    57.204
71         23.427    69.975
72         57.139     77.18
73         60.326    76.531
74         69.965    33.277
75         54.057    22.378
76         67.773     58.44
77         75.872    60.335
78         35.904    62.195
79         33.156    67.505
80         45.084     65.82


1    74.111    76.747
2    87.321    66.965
3    76.672    63.797
4    68.105    66.719
5    73.525    78.379
6    82.195    54.408
7    74.237    66.031
8    85.111    49.463
9      89.2    58.457
10    87.032    58.714
11    72.508    62.008
12    82.785    47.379
13    57.713    66.568
14     67.57    60.308
15    80.243    60.723
16    68.801    61.129
17    73.513    67.942
18    69.949     63.79
19    74.702    77.141
20    62.602    72.899
21    53.928    29.144
22    75.643    28.952
23    74.658    23.442
24    71.342    22.224
25     62.54    30.873
26    59.335    31.602
27    64.851     8.813
28    70.047    42.108
29    66.819    27.919
30    60.321    36.598
31    27.227    34.799
32     40.69    38.702
33    20.353     35.18
34    18.113    41.287
35    30.661    45.186
36    27.632    40.922
37    31.011    53.841
38    27.118    30.479
39    24.419    47.127
40    32.561    45.382
41    57.575    50.835
42      60.4    70.131
43    52.301    61.305
44    76.815    67.267
45    71.003    53.388
46    69.687     68.46
47    80.063    68.179
48    75.905    53.946
49    71.486    65.617
50    69.507    60.013
51     50.22    42.657
52    46.029    53.069
53    33.118    43.704
54    37.777    37.017
55    58.562    31.677
56    65.546    29.162
57    48.373    41.357
58    49.615    44.443
59    55.673    54.869
60    57.749    32.094
61    36.781    36.082
62     1.559    26.522
63     6.885    25.412
64    20.288    25.975
65    18.215    43.042
66     8.231     9.974
67    20.356    37.392
68    12.247    28.906
69     8.405    32.309
70    17.088    35.422
71    35.917    34.171
72    49.523    41.637
73    34.348    39.494
74    32.215    26.859
75    28.609    35.344
76     41.54    12.163
77     37.46    20.308
78    31.783    29.185
79    50.501    25.714
80    40.038    26.128
81    86.039    72.603
82    97.816    68.277
83    71.697    62.978
84    73.991    64.908
85    86.981    56.998
86    84.421    78.988
87    76.967     79.99
88    79.527    89.265
89    97.777    68.846
90    74.205    54.203
91    51.249    69.397
92    47.245    58.487
93    63.494    50.897
94    61.373    62.056
95    72.235    50.111
96    47.525    65.924
97    65.303    58.069
98    63.783    56.141
99    66.169    75.162
100    54.504    40.522
101    58.772    93.264
102    67.755    80.537
103    61.921    81.699
104      69.8    90.167
105    60.815    78.417
106    60.252    76.032
107    75.562     81.25
108    63.203    72.459
109    45.032    86.304
110    51.304    80.444
111    82.343    29.703
112    59.674    37.738
113    57.832    19.403
114    79.733    37.576
115    69.919     42.53
116    63.364    17.109
117    47.809    22.868
118    57.497    17.336
119    71.648    45.372
120    64.997    23.246
121      63.8    60.282
122    62.783    63.447
123    66.442    60.739
124    62.371    43.449
125    63.208    60.182
126    63.529    52.715
127    66.231    60.152
128    68.962    61.201
129    65.147    59.187
130    62.624    61.507
131     7.847    66.789
132    24.663    76.071
133    18.408    83.022
134    21.999    87.855
135    26.507    70.723
136    37.663    66.304
137    23.735    76.077
138    19.057    65.051
139     17.86    76.437
140    34.502    87.584
141    41.063    28.567
142    34.077      20.5
143    36.732    26.195
144    36.261     8.186
145        35    31.807
146    43.574    13.807
147    57.502    18.917
148    36.466    33.719
149    27.408    36.167
150    57.127    21.546
151    45.191    70.259
152    43.714    71.559
153    36.966    75.114
154    44.675    78.234
155    57.581    80.293
156    24.404     71.42
157     43.27    76.007
158    46.196    70.953
159    48.574    81.168
160    27.637     70.31
161    59.218    49.162
162    45.523    57.432
163    62.459    52.982
164     51.88     60.54
165    56.701    39.335
166    68.442     52.77
167    41.423    49.825
168    42.916    41.784
169    50.023    42.141
170    43.699    45.351
171    12.223    62.234
172     42.19    72.482
173    44.985    70.335
174    17.897    73.533
175    41.369    56.644
176    30.164    55.574
177    31.028    76.969
178    31.048    80.712
179    24.871    50.601
180    23.262     69.35
181    54.913    45.156
182    49.362    41.468
183     51.76    66.937
184    57.172    63.198
185    57.734    54.998
186    58.443    58.086
187     61.53    41.882
188     73.36    50.952
189    65.742     52.79
190    64.931    67.459
191    39.633    82.681
192    18.179    73.578
193    29.124    65.289
194    10.814    85.834
195    16.591    90.597
196    28.735    69.444
197    41.973    81.928
198    13.173    71.759
199    30.167    65.974
200    17.134    84.973
201    73.262     19.67
202    72.234    47.311
203    55.727    34.899
204    57.614    35.069
205    64.577    31.745
206    63.729    29.164
207    67.966     16.66
208     61.78    31.225
209    72.465    21.161
210    46.858    23.049
211    30.396    71.155
212    35.089    74.127
213     35.27    72.628
214     28.25    60.523
215    29.452    56.412
216    50.572    56.437
217    38.299    59.474
218    34.877    67.656
219    37.974    70.534
220    46.454    63.315
221    24.366    41.093
222    15.535    67.402
223    29.462    63.076
224    37.472    62.905
225    24.827    51.402
226    23.271    59.363
227    11.397    51.437
228    25.903    60.241
229     33.81    61.433
230    28.111     78.76
231    34.958    46.273
232    46.333    49.617
233    35.755    44.029
234    58.828    31.956
235    44.193    34.019
236     45.08    45.325
237    38.268     48.13
238    34.521     47.06
239    30.659    33.221
240    53.076    51.763
241    75.025     49.39
242    71.237    55.887
243    69.348    60.585
244    61.193    73.506
245    66.381    66.742
246    74.291    58.386
247    60.392    60.919
248     72.33      54.5
249    69.997     74.17
250    71.926    59.329
251    21.136    54.973
252    14.655    56.825
253    19.381    48.491
254    27.686     56.11
255    22.287     54.88
256    35.815    60.728
257    27.288     63.69
258     22.51    54.249
259    12.636    40.178
260    21.863    47.955
261    63.536     34.44
262    71.928    32.365
263    85.787    42.619
264    54.842    41.342
265    74.557    24.709
266    79.845    23.383
267    83.725    47.394
268    75.374    26.317
269    72.055    33.843
270    80.424     23.45
271     15.51    41.724
272    28.239    49.368
273    12.705    53.078
274    35.209    45.564
275    29.583    54.309
276    31.007    53.447
277    31.661    47.962
278    30.644    46.426
279    26.028    48.607
280     40.53    57.944
281    32.549    74.535
282    32.165    88.557
283    32.944     71.55
284    48.284     79.19
285    39.292    74.417
286    44.662    82.532
287    29.589    72.085
288     33.92    73.117
289    14.781    77.147
290    39.675     75.81
291    29.274    28.964
292    21.198    37.978
293    37.123    26.023
294    30.177    28.374
295    29.452    29.688
296    30.078    39.924
297    23.206    10.461
298    11.225    35.156
299    31.754     27.07
300    22.545    45.877
301    46.922     69.57
302    32.874    74.778
303    34.544    57.084
304    53.786    46.754
305    38.537    41.953
306    49.125    45.937
307    45.771    61.413
308    53.255    65.334
309    28.991    57.363
310    63.395      55.2
311     9.838    18.686
312    14.147    20.857
313     28.12    35.232
314    10.664    26.168
315    26.408    28.959
316    27.138    41.932
317    24.513     6.561
318    10.716    28.156
319    30.602      11.9
320    31.403    30.579
321    34.834    30.481
322    35.625    54.574
323    36.972    30.623
324    36.824    44.624
325    34.315    37.303
326    31.163    24.608
327     32.72    29.648
328    16.315     24.51
329    27.503    37.975
330     28.22    30.331
331    54.176    37.477
332    39.328    35.071
333    34.664    30.531
334    40.599    33.901
335    40.307     48.32
336    60.942    38.853
337    52.269     24.44
338    48.337    31.763
339    55.562    30.611
340    42.058     15.51
341     53.01    67.175
342    42.018    54.462
343     60.72    67.946
344    66.789    76.847
345    56.145     68.04
346    51.211    66.207
347    34.379    74.155
348    37.375    76.098
349      41.9    77.892
350    43.999    78.925
351    45.371    41.364
352    40.571    43.409
353    50.366    40.099
354    48.427    32.047
355    42.836    44.181
356    27.186     39.93
357    40.878    33.786
358     56.03    40.502
359    43.214    41.027
360    59.093    33.724
361    31.713     45.27
362    28.211    42.573
363    21.838    44.407
364    33.325    30.338
365    20.108      46.4
366    45.672    49.074
367    27.479     42.71
368     26.67    62.095
369    33.617    39.067
370    45.074    39.282
371    27.022    55.321
372     30.26    62.702
373    27.647    49.407
374    22.071    61.079
375    27.788    72.598
376     27.78    68.616
377    37.211    79.487
378    30.606    60.911
379    29.948    68.068
380    28.996     75.04
381    12.888    73.271
382    27.539    66.521
383    24.227     90.85
384    19.506    71.147
385    11.195    75.278
386    28.932    64.612
387    14.577    86.624
388    17.468    73.549
389     12.24    71.034
390    24.434    66.575
391    76.566    49.032
392    67.764    59.749
393    95.098    57.102
394    81.352    42.558
395    77.683    49.075
396    88.435     51.14
397    85.205    49.128
398    74.386     48.83
399    89.925    62.815
400    61.299    38.112
401    15.963    66.616
402    27.772    66.942
403    17.275    65.503
404    28.045    71.203
405    31.753    78.365
406     37.68    73.586
407    26.208    71.726
408    40.507    73.501
409     17.37    77.831
410     32.87    83.355
411    83.798    50.127
412     78.25    47.702
413    74.575    35.249
414    70.533    48.984
415     74.24    64.669
416    72.782    58.103
417    67.853    50.819
418    70.516      61.6
419    72.713    51.527
420    71.447     62.64
421    53.025    34.052
422    70.406    53.574
423    52.787    48.412
424    67.761     39.63
425    67.645    37.744
426    69.227    28.377
427    70.043    31.395
428    68.732    38.335
429    58.594    34.424
430    85.191    36.518
431    38.849    26.648
432    38.829     9.688
433    41.074    24.652
434    38.996    14.177
435    37.397    22.264
436    60.005    26.606
437    51.022    14.876
438     39.41    12.108
439    48.862    18.732
440    48.293    20.613
441    35.859    16.086
442    38.821     25.55
443    37.766    33.031
444    36.278    23.153
445    39.529    39.977
446    21.142    33.915
447    31.364     40.33
448    36.632    25.177
449    33.225    32.928
450     33.91    30.212
451    21.017     66.39
452    13.729    74.904
453     3.163    75.663
454    23.278    63.824
455    27.567    63.033
456     3.143    65.185
457    18.841    86.999
458    39.374    68.873
459    10.676    76.078
460    16.254    79.326
461     61.95     47.51
462    71.508    36.101
463    59.811    43.463
464    66.074    41.135
465    58.791    40.314
466    54.127    41.143
467    56.678    45.148
468     58.38    40.545
469    60.456    44.665
470    57.941    40.822
471    61.149    33.697
472    72.983    51.478
473     75.16    52.322
474    70.876    31.925
475    66.528    58.675
476    83.663    60.616
477    74.142    46.052
478    75.872    50.315
479    85.943    41.639
480    68.079    47.116
481    37.607    77.521
482    38.378    73.645
483      55.1    73.249
484    36.458    72.977
485    48.824     89.73
486    38.424    77.198
487    31.525    72.644
488    23.802    77.225
489    52.032    68.035
490    38.056    75.126
491    40.288    69.271
492    58.459    75.531
493    55.094    65.001
494     53.51    68.594
495    51.972    63.422
496    45.682    64.455
497    56.907    67.064
498    50.042    72.663
499    62.822    69.202
500    65.388    68.218
501    50.991    57.207
502    56.758    82.375
503    75.479    70.135
504    62.104    70.576
505    67.174    60.607
506    72.709    71.947
507    62.468    76.936
508    63.488    81.102
509    62.523    71.925
510    82.649    66.259
511     42.27    27.363
512    34.026     31.78
513    23.397    18.352
514    26.497    26.938
515    27.486    27.998
516    27.628    38.491
517    31.463     8.978
518    15.898    36.851
519    35.013    36.189
520    40.241    33.816
521     80.75    15.035
522    77.331     9.731
523    75.111    22.749
524    69.962    11.136
525    81.483    28.497
526    73.053    22.108
527     75.78    27.579
528    58.152     14.78
529    76.761    10.175
530    64.967    17.057
531    54.459     60.95
532    43.434    63.685
533    37.119    69.413
534    23.844    69.064
535    46.004    69.774
536    28.442    45.601
537    32.451    77.449
538    36.357    50.909
539    32.373     73.31
540    29.894     58.94
541    28.535    47.073
542    42.004    32.675
543    32.171    40.481
544     32.55    34.809
545    38.771    19.946
546    35.177    47.153
547    39.699    32.149
548    18.786    42.768
549    37.353    35.367
550     31.52    31.396
551    54.092    44.223
552    65.375    64.941
553    72.485    57.488
554    56.333     57.35
555    52.685    43.256
556    83.514    45.243
557    73.647    45.896
558    73.772    40.722
559    72.183    47.051
560    80.587    59.454
561    63.491    47.511
562    58.689    57.558
563    71.026    66.002
564    53.152    65.208
565    61.669    50.901
566    57.316    54.991
567    57.869     49.15
568    57.511    46.685
569    62.094    57.903
570    48.533    40.086
571    78.399     21.98
572    71.815    22.657
573    63.432    17.939
574    71.684     22.59
575    68.294    23.903
576    68.141    40.243
577    82.295     20.72
578    74.312    36.825
579    83.189    12.339
580    70.517     23.62
581    59.033    31.135
582    43.239    45.325
583    56.928    40.078
584    56.267    27.145
585     66.14    52.593
586    46.218    21.053
587    54.797    23.312
588    52.061    36.728
589    49.963    49.887
590    56.901    44.968
591    49.678     51.69
592    29.788    48.535
593    33.283    44.687
594      43.4    52.051
595    28.471    49.867
596    42.126    58.329
597    35.103    66.691
598    44.623    64.463
599    45.665    51.169
600    44.156    47.591
601    48.825     78.04
602    54.192    63.456
603    41.224    92.993
604    46.846    75.419
605    31.793     67.95
606    51.554    85.127
607    35.847    65.889
608    51.729    88.204
609    36.421    78.054
610    34.043    74.818
611    88.378    40.739
612    77.817    41.911
613    79.542     42.44
614    91.845    54.575
615    77.036    41.748
616    88.164    45.446
617    70.336     43.39
618    72.625    35.578
619    86.444    44.097
620    82.294    46.791
621    79.801    76.663
622    69.313    65.144
623    71.462    58.869
624    52.035    87.535
625    65.946    75.343
626    82.938    64.897
627    66.244    69.932
628     50.86    86.056
629    68.023    72.836
630     66.32     61.62
631    25.038    27.993
632    17.768      35.4
633    42.126    24.653
634    12.317    23.066
635     6.204    34.032
636    25.524    22.447
637    16.123    28.407
638     30.73    23.988
639    29.321    26.355
640    20.958    29.592
641    35.249    48.992
642    12.393    37.671
643    32.231    44.038
644    15.556    36.595
645    35.084    33.399
646    34.161    34.966
647    23.721    27.399
648    27.045     17.08
649    30.567    36.497
650    37.483    37.007
651    21.144    53.982
652    36.732    44.568
653     9.666    64.134
654    17.579    43.122
655      32.9    44.529
656    26.259     57.53
657    21.722    50.163
658    20.698    35.264
659    34.046    35.517
660    18.598     37.12
661    53.082    50.674
662    60.094    36.292
663    70.252    26.552
664    62.404    40.071
665     53.62    47.555
666    58.359     40.47
667    57.531    37.428
668    63.354    52.969
669     64.12     50.58
670    58.471    37.094
671    75.023    68.922
672    68.949    86.097
673    67.861    68.421
674    79.197    74.452
675    70.756    78.321
676    79.353      74.8
677    79.829    62.116
678    79.937    76.597
679    94.593    70.983
680    77.481    73.179
681    46.972    51.587
682     35.37    50.174
683    37.949    50.328
684    37.266    50.445
685    29.306    48.867
686    22.927    56.303
687    43.109    69.941
688    52.892     55.57
689    34.203    67.162
690    55.217    48.244
691     56.44    55.284
692    74.099    54.577
693    67.291    47.975
694    56.422    57.919
695    51.585    67.953
696    47.913    59.066
697    40.538    48.197
698    40.842    52.269
699    44.248    43.817
700     68.09     52.15
701    20.554    84.665
702    13.419    63.802
703    12.299    60.336
704    17.647    88.771
705    31.195    73.419
706    26.931    68.101
707    22.303    73.124
708    16.391    79.625
709    14.199    86.612
710    31.783     53.68
711    44.142    92.356
712    72.174    85.543
713    51.769    77.037
714    43.804    75.885
715    57.118    77.197
716    67.548    63.513
717    67.181    70.721
718    60.296    75.014
719    62.284    84.377
720    68.679    88.645
721    60.012    76.758
722    59.177    94.216
723    72.268      87.1
724    45.953    73.986
725    56.936    77.098
726    48.428    80.162
727    59.371    88.894
728    61.558    64.587
729    77.794     74.42
730    71.244    79.826
731    64.071     45.61
732    72.069    39.676
733    58.102    34.122
734    54.218    33.273
735    80.604    28.291
736    70.357    22.241
737    65.482     43.47
738    81.617    30.935
739    77.008    41.364
740    56.748    20.393
741      44.1    18.504
742    41.769      7.97
743    52.688    33.448
744    65.951    38.395
745    47.732    33.893
746    68.523    34.699
747    53.225    23.476
748    54.482    28.962
749    66.252     11.23
750    48.753    17.267
751    49.833    55.499
752    61.565    56.901
753    63.789    46.089
754    61.994    47.834
755    60.313    56.989
756     70.09    66.633
757    71.298    62.565
758    77.904    71.451
759    62.925    64.037
760    75.499    75.349
761     92.15    60.108
762    64.844    64.538
763    76.692    68.031
764    77.168    48.622
765    92.171    61.074
766    86.703    74.225
767    76.378      59.3
768    71.482    76.474
769    89.906    69.262
770    59.748    57.948
771    31.647    73.492
772     42.44     72.44
773    37.407    62.864
774    35.051    65.651
775     35.94    56.412
776    36.285    52.539
777    45.738    56.006
778    36.523    61.214
779    33.679    73.057
780    23.492    61.359
781    30.514    49.605
782    34.049    63.453
783    32.275    67.366
784    32.551    73.867
785     36.66     59.32
786    16.637    61.829
787    44.063    77.768
788    29.728    69.839
789    48.431    76.394
790     33.09    67.687
791    41.444    70.403
792    43.717    72.316
793    45.058    65.778
794    40.598    51.842
795    50.965    72.609
796    52.302    57.386
797     48.08    64.525
798     46.27    63.302
799    44.905    59.939
800    38.515    51.924
