81 Stops, 400 Students, 40 Max_Walking, 50 Capacity, 5 Days 

0       1  1  1  1  1
1       1  1  1  1  1
2       1  1  1  1  1
3       1  1  1  1  1
4       1  1  1  1  1
5       1  1  1  1  1
6       1  0  0  1  1
7       1  1  1  1  1
8       1  1  1  1  1
9       1  1  1  1  1
10       1  1  1  1  1
11       1  1  1  1  0
12       0  1  1  1  0
13       1  1  1  1  1
14       1  1  1  1  1
15       1  1  1  1  1
16       1  0  1  1  0
17       1  1  1  1  1
18       1  1  1  1  1
19       1  1  1  1  1
20       1  1  1  1  1
21       1  1  1  1  1
22       1  1  1  1  1
23       1  1  1  1  1
24       1  1  1  1  1
25       1  1  1  0  0
26       1  1  1  1  1
27       1  1  1  0  0
28       1  1  1  1  1
29       1  0  1  0  1
30       1  1  1  1  1
31       0  0  0  1  1
32       0  1  1  1  0
33       1  1  1  1  1
34       1  1  1  1  1
35       0  1  1  1  0
36       1  1  1  1  1
37       1  1  1  1  1
38       1  1  1  1  1
39       1  1  1  1  1
40       1  1  1  1  1
41       1  1  1  1  1
42       1  1  1  1  1
43       1  1  1  1  1
44       1  1  1  1  1
45       1  1  1  1  1
46       1  1  1  1  1
47       1  1  1  1  1
48       1  1  1  1  1
49       1  1  1  1  1
50       0  0  0  1  1
51       1  1  1  1  1
52       1  1  1  1  1
53       1  1  1  1  1
54       1  1  1  1  0
55       1  1  1  1  1
56       1  1  1  1  1
57       1  1  1  1  1
58       1  1  1  1  1
59       1  1  1  1  1
60       1  1  1  1  1
61       1  1  1  1  1
62       1  1  1  1  1
63       1  1  1  1  1
64       1  1  1  1  1
65       1  1  1  1  1
66       1  1  1  1  1
67       0  1  1  1  0
68       1  1  1  1  1
69       1  1  1  1  1
70       0  1  1  1  0
71       1  0  1  0  0
72       1  1  1  1  1
73       1  1  1  1  1
74       1  1  1  1  1
75       1  1  1  1  1
76       1  1  1  1  1
77       1  1  1  1  1
78       1  1  1  1  1
79       1  1  1  1  1
80       1  1  1  1  1
81       1  1  1  1  1
82       1  1  1  1  1
83       1  1  0  0  0
84       1  1  1  1  1
85       1  1  1  1  1
86       1  1  1  1  1
87       1  1  1  1  1
88       1  1  1  1  1
89       1  1  0  1  1
90       1  1  1  1  1
91       0  1  1  0  0
92       1  1  1  1  1
93       1  1  1  1  1
94       1  1  1  1  1
95       1  1  0  0  0
96       1  1  1  1  1
97       1  1  1  1  1
98       0  0  1  1  1
99       1  1  1  1  1
100       1  1  1  1  1
101       1  1  1  1  1
102       1  1  1  1  1
103       1  1  0  1  1
104       1  1  1  1  1
105       1  1  1  1  1
106       1  1  1  1  1
107       0  1  0  1  0
108       1  1  1  1  1
109       1  1  1  1  1
110       1  1  1  1  1
111       1  1  1  1  1
112       1  1  1  1  1
113       0  0  1  0  1
114       1  1  1  1  1
115       1  1  1  1  1
116       0  1  0  1  0
117       1  1  1  1  1
118       1  1  1  1  1
119       1  1  1  0  1
120       1  1  1  1  1
121       1  1  1  1  1
122       1  1  1  1  1
123       0  1  1  0  1
124       1  1  1  1  1
125       1  1  1  1  1
126       0  1  0  0  1
127       1  1  1  1  1
128       1  1  1  1  1
129       1  1  1  1  1
130       1  1  1  1  1
131       1  1  1  1  1
132       1  1  1  1  1
133       1  1  1  1  1
134       1  1  1  1  1
135       1  1  1  1  1
136       1  1  0  1  1
137       1  1  1  1  1
138       1  1  1  1  1
139       1  1  1  1  1
140       1  1  1  0  0
141       1  1  1  1  1
142       1  1  1  1  1
143       1  1  1  1  1
144       1  1  0  0  0
145       1  1  1  1  1
146       1  1  1  1  1
147       1  1  1  1  1
148       1  1  1  1  1
149       1  1  1  1  1
150       1  1  1  1  1
151       0  1  0  1  1
152       1  1  1  1  1
153       1  1  1  1  1
154       1  1  1  1  1
155       1  1  1  1  1
156       1  1  1  1  1
157       1  1  1  1  1
158       0  0  1  1  0
159       1  1  1  1  1
160       0  1  1  1  1
161       1  1  1  1  1
162       1  1  1  1  1
163       1  1  1  1  1
164       1  1  1  1  1
165       1  0  1  1  1
166       1  1  1  1  1
167       1  1  1  1  1
168       1  1  1  1  1
169       1  1  1  1  1
170       1  1  1  1  1
171       1  1  1  1  1
172       1  1  1  1  1
173       1  1  1  1  1
174       0  1  1  1  0
175       1  1  1  1  1
176       1  1  1  1  1
177       1  1  1  1  1
178       1  1  0  1  0
179       1  1  1  1  1
180       1  1  1  1  1
181       1  1  1  1  1
182       1  1  1  1  1
183       1  1  1  1  1
184       1  1  1  1  1
185       1  0  1  0  1
186       1  1  1  1  1
187       0  0  1  1  0
188       1  1  1  1  1
189       1  1  1  1  1
190       1  1  1  1  1
191       1  0  1  0  0
192       0  0  0  1  1
193       1  1  1  1  0
194       1  1  1  1  1
195       1  1  1  1  1
196       1  1  1  1  1
197       1  1  1  1  1
198       1  1  1  1  1
199       1  1  1  1  1
200       1  1  1  1  1
201       1  1  1  1  1
202       1  1  1  1  1
203       1  1  1  1  1
204       1  1  0  1  0
205       1  1  1  1  1
206       1  0  0  1  1
207       1  1  1  0  0
208       1  1  1  1  1
209       1  1  1  1  1
210       1  1  1  1  1
211       1  1  1  1  1
212       1  1  1  1  1
213       1  1  1  1  1
214       1  1  1  1  1
215       1  1  1  1  1
216       1  1  1  1  1
217       1  1  1  1  1
218       1  1  1  1  1
219       1  1  1  1  1
220       1  1  1  1  1
221       1  0  1  0  0
222       1  1  1  1  1
223       1  1  1  1  1
224       1  1  1  1  1
225       1  1  1  1  1
226       1  1  1  1  1
227       1  1  1  1  1
228       1  1  1  1  1
229       1  1  0  0  1
230       1  1  1  1  1
231       1  1  1  1  1
232       1  1  1  1  1
233       1  1  1  1  1
234       1  1  1  1  1
235       1  1  1  1  1
236       1  1  1  1  1
237       1  1  1  1  1
238       1  1  1  1  1
239       1  1  1  1  1
240       1  1  1  1  1
241       1  1  1  1  1
242       1  1  0  0  1
243       1  1  1  1  1
244       1  1  1  1  1
245       1  1  1  1  1
246       1  1  1  1  1
247       1  1  1  1  1
248       1  1  1  1  1
249       1  1  0  1  0
250       1  1  1  1  1
251       1  1  1  1  1
252       0  1  0  1  1
253       1  1  1  1  1
254       1  1  1  1  1
255       1  1  1  1  1
256       1  1  1  1  1
257       1  1  1  1  1
258       1  1  1  1  1
259       1  1  1  1  1
260       1  1  1  1  1
261       1  1  1  1  0
262       1  1  1  0  0
263       1  1  1  1  1
264       1  1  1  1  1
265       1  1  1  1  1
266       1  1  1  1  1
267       1  1  1  1  1
268       1  1  1  1  1
269       1  1  0  1  0
270       1  1  1  1  1
271       1  1  1  1  1
272       1  1  1  1  1
273       1  1  1  1  1
274       1  1  1  1  1
275       1  1  1  1  1
276       1  1  1  1  1
277       1  1  1  1  1
278       1  1  1  1  1
279       1  1  1  1  1
280       1  1  1  1  1
281       1  1  1  1  1
282       1  1  1  1  1
283       1  0  1  1  0
284       1  1  1  1  1
285       1  1  1  1  1
286       0  1  0  1  1
287       1  1  1  1  1
288       1  1  1  1  1
289       1  1  1  1  1
290       1  1  1  1  1
291       1  1  1  1  1
292       1  1  1  1  1
293       1  1  1  1  1
294       1  1  1  1  1
295       1  1  1  1  1
296       0  0  1  1  1
297       0  1  1  0  1
298       1  1  1  1  0
299       1  1  1  1  1
300       1  1  1  1  1
301       0  1  1  0  1
302       1  1  1  1  1
303       1  0  1  0  0
304       1  1  1  1  1
305       1  1  1  1  1
306       1  1  1  1  1
307       1  1  1  1  0
308       1  1  1  1  1
309       1  1  1  1  1
310       1  1  1  1  1
311       1  1  1  1  1
312       1  1  1  1  1
313       1  1  1  1  1
314       1  0  0  1  1
315       0  1  0  1  0
316       1  1  1  1  1
317       1  1  1  1  1
318       1  1  1  1  1
319       0  1  0  1  0
320       1  1  1  1  1
321       1  1  1  1  1
322       1  1  1  0  1
323       1  1  1  1  1
324       1  1  0  0  0
325       1  1  1  0  0
326       1  1  1  1  1
327       1  1  1  1  1
328       1  1  1  1  1
329       1  1  1  1  1
330       1  1  0  1  1
331       1  1  1  1  1
332       1  1  1  1  1
333       1  1  0  1  0
334       0  1  0  1  0
335       1  1  1  0  0
336       1  1  1  1  1
337       1  1  1  1  1
338       1  1  1  1  1
339       1  0  1  1  1
340       1  1  1  1  1
341       1  1  1  1  1
342       0  1  1  0  0
343       1  0  0  1  0
344       1  1  1  1  1
345       1  1  1  1  0
346       0  1  0  1  0
347       1  1  0  1  1
348       0  1  1  0  1
349       1  1  1  1  1
350       1  1  1  1  1
351       1  1  1  1  1
352       1  0  0  1  1
353       1  0  1  0  1
354       1  1  1  1  1
355       0  1  1  0  1
356       1  1  1  1  1
357       1  1  1  1  1
358       1  1  1  1  1
359       1  1  1  1  1
360       1  0  0  1  0
361       1  1  1  1  1
362       1  1  1  1  1
363       1  1  0  1  0
364       1  1  1  1  1
365       1  1  1  1  1
366       1  1  1  1  1
367       1  1  1  1  1
368       1  1  0  1  0
369       1  1  1  1  1
370       1  1  1  1  0
371       1  1  1  1  1
372       1  1  1  1  1
373       1  1  1  1  1
374       0  0  1  0  1
375       1  1  1  1  1
376       1  1  1  1  1
377       1  1  1  1  1
378       1  1  1  1  1
379       1  0  1  1  0
380       1  1  1  0  1
381       1  0  1  1  1
382       0  1  0  1  1
383       1  0  0  1  1
384       1  1  1  1  1
385       1  0  0  1  1
386       1  1  1  1  1
387       1  1  1  1  1
388       0  1  0  1  0
389       1  0  1  0  0
390       1  1  1  1  1
391       1  1  1  1  1
392       1  0  0  1  0
393       1  1  1  1  1
394       1  1  1  1  1
395       1  1  1  1  1
396       1  1  1  1  1
397       1  1  1  1  0
398       1  1  1  1  1
399       1  1  0  1  1


0             50        50
1         41.012    51.254
2          43.61    55.411
3         58.175    59.405
4          44.76    44.002
5         52.868    56.237
6         47.465    56.911
7         55.407    51.217
8         41.986    56.168
9         57.141    45.152
10         52.319    43.113
11         59.513    41.889
12         48.157    48.123
13         54.702    59.876
14         56.803    49.242
15         42.254    48.072
16         48.798    53.818
17         43.414    59.177
18         50.056    58.801
19         42.585    44.494
20         57.924    58.262
21         40.558     41.73
22         40.541    52.285
23         47.897    54.815
24         41.563    56.195
25         52.209    54.825
26         41.642    47.551
27         58.664    56.673
28         53.865     52.51
29         47.954     44.39
30         54.063    43.193
31          48.99    44.101
32         44.681    56.624
33         45.008    54.271
34         43.529    45.697
35          51.15    43.818
36         44.832    51.481
37         45.523    57.806
38         43.026    40.133
39         58.843    42.826
40         58.751    56.645
41         59.411    53.999
42         55.676    49.316
43         45.376    58.335
44         51.798    59.328
45         40.752    51.066
46         41.007    41.609
47         45.838     48.69
48         40.078    48.817
49         53.827    54.204
50         48.122    55.663
51         59.092    48.549
52         47.445    59.224
53         45.226    54.557
54         45.079    54.623
55         49.119    54.237
56         41.946    52.873
57         54.907    56.198
58          49.87    45.112
59         46.295    56.197
60         55.871    45.748
61         41.059    41.211
62         47.323    40.992
63         50.648    43.581
64         48.811    53.933
65          49.79    54.473
66         56.986    57.703
67         43.476    45.395
68         47.754    41.902
69         51.853    58.247
70         46.111    54.387
71         46.041    42.672
72         58.558     52.61
73         57.566    45.906
74         58.973    41.938
75         58.746    54.805
76         47.685    59.597
77         57.222     44.36
78         48.644    40.578
79         53.984    47.242
80         52.252     46.41


1    34.016     36.98
2    25.846    69.871
3    54.992     56.23
4    58.744    67.731
5    43.714    38.278
6    33.218    50.637
7    31.757    83.053
8    34.683    61.319
9    32.853    81.473
10    41.154     27.39
11    62.587    59.543
12    60.734    55.239
13    57.598    59.552
14    78.343     51.11
15    62.238    55.185
16    35.592    44.177
17    53.279    32.164
18    46.535     45.26
19    44.862     7.608
20    23.198    31.496
21    34.664    31.958
22    52.988    72.226
23    27.877    80.736
24    42.034     71.34
25    21.701    42.183
26    37.964     52.51
27    79.732    52.577
28    71.734    28.966
29    17.399    43.075
30    39.018    64.481
31    34.068    59.615
32     30.99    74.744
33    53.776    50.653
34    55.964    31.186
35      39.1    36.132
36    36.555    57.062
37    39.043    57.701
38    37.111    48.752
39    14.422    79.546
40    68.057    49.738
41    56.536    37.809
42    62.255    40.876
43    58.182    42.581
44    87.045    34.649
45    40.876    37.196
46    63.311     6.498
47    52.551    42.949
48    49.365     8.471
49    49.407    37.483
50    63.359    47.005
51    69.686     17.55
52    58.493    43.201
53    76.456    42.571
54    59.346    41.218
55     69.83    45.428
56    40.979     75.33
57    57.924     50.49
58    61.682    37.843
59    46.484     46.44
60    48.923    24.756
61     17.21    69.516
62    41.869    25.767
63    55.239    81.573
64    76.553    35.052
65    59.326    67.159
66     64.79    27.069
67    57.302    20.208
68    45.168    56.266
69    61.638    60.569
70    60.578    52.588
71    41.133    83.195
72     48.01    80.404
73    71.843    62.571
74    37.248    47.253
75    37.746    57.183
76    71.375    78.862
77    22.464    47.336
78    44.152    50.308
79    48.905    53.452
80    70.004    25.765
81    34.604    76.561
82    34.184    26.005
83    71.951    53.837
84    36.331    52.039
85    42.274    32.812
86    78.947    67.687
87     36.51     47.18
88    74.032    52.365
89    46.627    56.748
90     53.33    63.564
91    43.779    48.489
92    39.585    47.371
93    18.698    33.268
94    40.415    59.073
95    65.554     58.29
96    36.737    74.082
97    52.764    59.628
98     59.99    38.922
99    52.463    76.192
100    37.918     62.97
101    61.842     43.62
102    24.935    10.588
103    14.916     20.53
104    74.749    30.081
105    48.137    38.791
106    26.698    83.198
107    55.122    15.801
108    52.404    24.296
109    17.785    25.183
110    36.809    76.762
111    29.238    51.248
112    40.705    56.744
113    35.025     51.66
114    50.953    62.837
115    46.332    54.329
116    12.029    79.139
117    45.967     59.73
118    46.391    24.472
119    72.166    67.346
120     7.031    38.578
121    39.013    74.127
122    68.224    77.451
123    72.691    32.146
124     56.63    41.881
125    27.913    40.791
126    42.501    48.252
127     49.01    46.461
128    35.861    49.334
129     39.24    47.285
130    37.931    64.115
131    77.642    23.473
132    60.993    42.711
133    57.674    41.804
134    64.242    55.424
135    29.079    48.292
136    41.193    88.631
137    63.589    44.407
138    40.279    24.249
139    34.417    61.733
140    59.803    19.433
141     51.92    41.026
142    52.992    46.528
143     61.81    38.643
144    23.353    51.599
145    49.147    24.484
146    56.927    44.337
147    71.545    19.559
148    59.333    61.925
149    23.131    62.013
150    72.756    48.551
151    65.638      80.4
152    78.353    30.866
153    45.601     79.19
154    51.325    46.812
155    11.527    42.751
156     44.24    79.993
157    50.615    72.614
158    32.678    83.257
159    58.032    59.384
160    13.462    69.424
161    50.261    65.901
162     29.85    65.035
163    54.351    81.828
164    57.229    78.859
165    28.955    31.887
166    10.243    47.295
167    14.149     66.69
168    46.174    40.943
169    35.384    48.701
170    59.933    36.352
171    82.163      27.3
172    56.251    40.686
173    51.578    44.063
174    51.192    42.759
175    69.723    65.527
176    35.503    59.616
177    37.221    49.537
178    63.862    81.366
179    46.986    45.972
180    34.228    36.635
181    70.665    83.082
182    58.626    89.365
183    65.076    60.242
184    83.224    49.496
185    62.021    29.848
186    32.641    55.898
187    36.743    16.796
188    37.317     69.91
189    23.205    20.973
190     38.85    44.095
191    24.421    42.865
192    35.773    54.287
193    36.294    75.777
194    77.756    19.258
195    43.122     20.87
196     32.44    31.158
197    59.883    55.282
198    64.604    54.208
199    60.505    50.728
200    47.066    49.449
201    77.853    31.164
202     79.88    34.248
203    62.419    33.562
204     61.52     32.15
205    62.883    15.241
206     28.32    26.801
207    86.156    34.118
208    20.814    58.094
209    48.544    58.747
210    24.536    35.371
211    57.621    96.334
212    49.057    65.107
213    26.885    52.404
214     31.09    27.845
215    29.862    61.522
216    51.321    50.405
217    63.801    60.799
218     83.11    75.168
219    42.168    91.277
220    60.747    73.991
221    51.748    42.262
222    73.319    42.739
223    73.406    40.457
224      62.7     30.57
225    57.194    25.229
226    55.917    58.349
227    77.706    36.751
228    33.867    42.406
229    37.833    44.671
230    49.549    51.323
231    48.926    53.738
232     41.86    72.477
233    41.648    55.284
234    67.121    71.522
235    40.222    70.277
236    43.263    48.586
237    33.372     18.48
238    29.718    19.893
239    59.649    35.884
240    37.951    47.088
241    76.359    53.192
242    48.848    54.766
243    65.796    59.628
244    57.598    25.722
245    48.503      79.4
246    60.276    65.582
247    58.856    41.321
248    39.325    58.842
249     43.79    37.121
250    65.526    24.042
251    64.458    15.487
252    69.746    45.873
253    61.539    51.714
254    50.566    41.197
255     53.13    78.963
256    59.097    70.543
257    44.261    34.053
258    51.504    52.728
259    78.265    39.168
260    48.664    58.898
261    44.029    56.672
262    37.566    22.767
263    65.826    42.943
264    54.355    79.555
265    44.489    55.192
266    66.914    36.114
267    34.177    71.191
268    50.598    56.546
269    42.788    56.283
270    42.155    60.811
271    81.206    63.807
272      52.6    48.706
273    12.443    69.564
274    42.747    37.868
275    73.072    61.297
276    60.676    67.895
277    74.368    55.872
278    43.525    60.038
279    46.123    62.752
280    31.943    29.002
281        39    22.164
282    53.351    55.357
283     80.23    55.122
284    65.494    49.804
285    80.646    60.541
286    27.273    49.424
287    52.097    44.539
288     53.27    63.872
289    41.421    37.099
290    57.572    49.054
291    48.441    46.146
292    63.697    28.773
293    47.595    76.597
294    58.252    91.618
295    31.646    47.347
296    49.882    57.564
297    55.244    53.531
298    53.868    60.462
299    51.025    66.654
300    55.327     18.96
301    54.324    51.775
302     39.36    45.993
303    32.726    61.188
304    34.323    34.002
305    47.412     6.512
306    74.076     53.18
307    54.234    34.071
308    34.731    24.666
309    43.547    23.909
310    67.424    70.102
311    38.107    76.048
312    42.105     7.252
313    84.602    63.824
314    38.877    43.505
315    59.964    37.559
316    21.824      66.7
317     64.49     56.74
318     36.89    58.251
319    22.224    48.201
320    57.919    26.114
321    44.303    60.439
322    49.363    54.124
323    59.026     67.01
324    49.675    54.831
325    39.318     65.97
326    59.086    36.295
327     49.37    55.677
328    31.293    57.444
329    56.021    59.562
330    57.485     57.33
331    15.127    38.563
332    71.801    44.141
333    40.826     40.36
334    38.516    47.772
335     55.22    35.425
336    48.069    43.331
337    43.151    43.464
338    13.292    31.124
339    69.785     45.42
340    42.038    35.955
341    30.573    89.544
342     60.58    45.035
343    49.265    52.655
344    60.146    44.339
345    27.274    63.574
346    58.916    76.468
347    14.387    70.848
348    45.591    52.168
349    66.301    30.893
350    46.498    37.981
351    45.801    42.772
352    76.229     34.96
353    51.273     7.339
354    48.791    10.294
355    52.685    25.458
356    75.179    62.196
357    42.189    58.257
358    61.167      42.7
359     38.07    63.915
360    96.249    48.845
361    48.902    45.664
362    68.391    76.045
363    46.333    33.285
364     27.77    49.033
365    90.482    50.672
366    43.414    35.947
367    78.109    47.754
368    56.653    13.128
369    46.486     5.043
370    58.291      46.7
371    36.129    71.127
372    64.688    53.239
373    69.752    64.637
374    56.662    61.403
375    48.569    19.185
376    12.087    77.112
377    10.707    63.737
378    36.067    74.215
379    70.265    87.026
380    70.735    63.851
381    47.162    35.349
382    55.728    42.288
383    44.752    62.596
384    38.487    58.589
385    49.576    34.887
386    59.874    10.124
387    42.464      34.5
388    39.765    17.753
389    52.752    55.264
390    50.513    22.838
391    58.069    47.084
392    86.828    42.507
393    54.703    46.628
394    56.507    65.235
395    34.406    14.223
396    47.713    40.517
397    29.107    78.192
398    72.677    78.888
399    67.885    33.089
400     51.12    42.333
