81 Stops, 800 Students, 40 Max_Walking, 25 Capacity, 5 Days 

0       0  1  0  1  1
1       1  0  0  1  0
2       1  0  1  1  0
3       0  0  1  1  0
4       1  0  0  1  1
5       1  0  1  0  0
6       1  1  1  1  1
7       0  1  0  0  1
8       0  1  0  0  1
9       1  1  1  0  0
10       0  1  0  0  1
11       0  1  0  1  0
12       1  1  1  1  1
13       1  1  0  1  1
14       1  0  0  0  1
15       0  1  1  1  0
16       0  1  1  0  0
17       0  1  1  1  0
18       0  1  1  1  1
19       0  1  1  0  1
20       1  1  0  1  0
21       1  0  0  0  1
22       0  1  1  1  1
23       1  1  0  0  1
24       1  1  1  0  0
25       1  0  1  1  0
26       0  1  1  1  0
27       0  0  1  0  1
28       1  1  1  0  0
29       0  1  0  0  1
30       0  0  1  0  1
31       1  0  0  0  1
32       1  0  0  1  0
33       0  1  0  1  0
34       1  1  0  1  1
35       1  1  0  0  1
36       1  1  0  1  1
37       1  0  1  1  0
38       1  1  1  0  0
39       1  1  1  1  1
40       1  1  1  1  0
41       0  1  1  0  1
42       1  1  1  1  0
43       0  0  0  1  1
44       1  1  1  0  0
45       0  0  0  1  1
46       1  1  0  0  1
47       1  0  1  1  1
48       0  0  1  1  1
49       1  1  0  1  1
50       1  0  0  1  0
51       0  1  1  1  0
52       0  1  1  1  1
53       1  1  0  0  0
54       1  1  1  0  0
55       0  0  0  1  1
56       0  0  1  1  1
57       1  1  1  1  0
58       1  1  0  1  1
59       0  1  1  1  0
60       0  1  1  1  1
61       1  1  0  0  0
62       0  1  0  1  1
63       1  1  1  0  0
64       1  1  0  0  0
65       1  0  1  0  1
66       1  1  1  1  0
67       0  1  1  1  1
68       1  0  1  0  1
69       1  1  1  0  0
70       0  0  1  0  1
71       0  0  1  1  0
72       1  1  1  1  0
73       1  1  0  1  1
74       1  1  1  1  1
75       1  1  1  0  1
76       0  1  0  1  1
77       0  1  1  0  1
78       0  1  1  0  0
79       1  0  1  0  1
80       0  0  1  1  0
81       0  1  0  1  1
82       0  1  0  1  0
83       0  1  1  0  1
84       1  1  0  1  1
85       1  0  1  1  0
86       0  0  1  1  0
87       0  1  1  0  0
88       1  1  1  0  0
89       1  1  1  1  1
90       1  0  1  1  1
91       1  1  0  0  0
92       1  1  0  0  1
93       1  0  1  1  1
94       1  1  1  1  0
95       1  1  1  0  0
96       1  1  0  0  1
97       0  1  0  1  0
98       0  1  1  1  1
99       1  0  1  1  0
100       1  0  1  1  1
101       0  0  0  1  1
102       0  0  1  1  0
103       0  0  1  1  1
104       1  0  1  1  1
105       1  0  1  1  1
106       1  1  0  1  0
107       0  0  0  1  1
108       1  0  0  1  0
109       0  1  0  0  1
110       1  1  1  1  1
111       1  0  1  1  0
112       1  1  1  0  1
113       1  0  1  0  0
114       1  1  1  1  0
115       1  1  1  1  1
116       1  1  1  0  0
117       1  0  1  1  1
118       0  1  1  0  0
119       0  1  0  1  1
120       1  0  1  1  1
121       0  1  1  0  1
122       0  1  1  0  0
123       1  1  0  1  0
124       0  1  0  0  1
125       1  0  0  1  1
126       1  0  1  1  1
127       1  0  0  1  1
128       1  1  1  0  0
129       1  0  0  1  0
130       1  1  1  1  1
131       0  1  0  1  1
132       1  0  0  0  1
133       0  1  1  0  1
134       0  0  1  1  0
135       0  0  0  1  1
136       1  0  1  0  1
137       0  1  1  1  0
138       1  0  0  1  1
139       0  1  1  0  1
140       0  1  0  1  1
141       0  1  0  1  0
142       0  0  0  1  1
143       0  1  1  0  1
144       1  1  1  0  1
145       0  1  1  0  1
146       1  0  1  1  0
147       0  1  0  0  1
148       1  1  0  1  0
149       1  1  0  1  1
150       0  1  1  1  1
151       1  0  1  1  0
152       1  0  1  0  1
153       1  0  1  0  1
154       1  1  0  1  0
155       0  0  0  1  1
156       0  1  1  1  0
157       1  1  1  0  1
158       1  0  0  1  1
159       1  0  0  1  0
160       1  1  0  0  1
161       0  0  1  0  1
162       1  0  1  1  0
163       0  1  1  1  0
164       1  1  0  0  1
165       1  0  1  0  1
166       1  1  0  1  0
167       0  0  1  1  0
168       1  0  0  1  1
169       0  1  1  0  0
170       1  1  0  1  0
171       1  0  1  0  0
172       1  1  1  0  1
173       1  0  1  0  0
174       1  0  1  1  0
175       0  0  0  1  1
176       0  1  1  0  1
177       1  0  1  0  0
178       1  0  0  1  1
179       0  0  1  1  0
180       1  1  1  0  1
181       0  1  0  1  1
182       0  0  1  1  0
183       1  0  1  0  0
184       1  1  0  0  1
185       0  1  1  1  0
186       1  0  0  1  1
187       0  1  0  1  0
188       0  1  0  1  0
189       1  0  1  0  1
190       0  1  1  1  0
191       0  0  1  1  1
192       1  0  1  1  0
193       1  1  0  1  1
194       0  1  1  1  1
195       0  1  0  0  1
196       1  0  1  0  1
197       1  0  0  0  1
198       1  1  1  1  0
199       1  1  1  1  0
200       0  0  1  1  0
201       1  1  1  1  1
202       0  0  1  1  0
203       0  1  1  0  0
204       1  1  0  1  1
205       1  0  1  0  1
206       1  0  1  1  0
207       1  1  0  0  0
208       0  0  1  1  1
209       0  0  1  1  1
210       0  0  1  0  1
211       0  1  1  1  1
212       1  0  0  1  1
213       1  0  0  0  1
214       1  1  0  1  1
215       0  1  0  1  1
216       0  1  0  1  0
217       0  1  0  0  1
218       1  1  0  0  1
219       0  0  1  0  1
220       1  1  0  0  0
221       1  0  1  1  1
222       1  0  0  1  0
223       1  0  0  1  1
224       1  0  1  0  1
225       1  0  1  0  0
226       0  1  0  1  0
227       0  1  1  0  0
228       1  0  0  1  1
229       0  1  0  1  0
230       0  0  1  0  1
231       1  0  1  1  1
232       1  0  1  1  1
233       0  0  1  1  0
234       1  0  0  1  1
235       1  0  1  0  1
236       1  0  1  1  0
237       1  0  1  1  0
238       1  0  1  0  0
239       1  1  1  0  1
240       1  1  0  0  1
241       0  0  1  1  0
242       1  1  0  0  1
243       1  1  1  0  1
244       0  0  1  0  1
245       0  1  1  0  0
246       1  1  0  1  1
247       1  1  1  1  1
248       1  1  1  0  1
249       1  1  1  0  0
250       1  1  0  0  1
251       0  0  1  1  0
252       0  1  1  1  0
253       1  1  1  0  0
254       1  1  0  1  0
255       1  0  0  0  1
256       0  0  1  0  1
257       1  1  0  0  0
258       0  1  1  0  1
259       0  1  0  1  0
260       0  1  1  0  0
261       0  0  1  1  1
262       1  0  1  1  1
263       1  0  1  0  1
264       0  1  1  1  1
265       0  0  1  1  1
266       0  1  1  1  1
267       1  0  1  0  0
268       0  1  1  1  1
269       0  0  1  1  0
270       0  1  1  1  1
271       0  0  1  0  1
272       1  1  0  1  0
273       0  1  0  1  1
274       1  1  1  1  0
275       1  0  1  0  0
276       0  1  0  0  1
277       1  1  0  0  0
278       0  1  0  1  1
279       0  0  1  1  0
280       1  1  1  1  0
281       1  1  1  1  1
282       0  1  1  1  0
283       1  1  1  1  0
284       1  1  1  1  0
285       1  1  1  1  1
286       1  0  0  1  1
287       0  1  1  0  0
288       1  1  0  1  0
289       1  1  1  1  1
290       1  1  1  1  0
291       0  1  1  0  1
292       0  1  1  0  1
293       1  1  0  0  1
294       0  0  1  0  1
295       1  0  1  0  1
296       0  1  1  1  1
297       0  1  1  1  0
298       1  0  1  1  0
299       0  1  1  0  0
300       1  1  0  1  1
301       1  0  1  1  0
302       1  0  0  1  0
303       0  1  1  1  0
304       0  0  1  0  1
305       1  1  1  0  0
306       0  1  1  0  0
307       0  0  1  1  1
308       1  0  1  0  1
309       1  1  0  0  0
310       0  1  0  0  1
311       0  1  1  0  1
312       0  1  0  0  1
313       1  0  1  0  0
314       1  1  1  1  0
315       1  1  1  0  1
316       1  1  1  0  0
317       1  1  1  0  1
318       1  0  1  0  1
319       0  1  0  1  1
320       0  1  1  0  0
321       1  1  1  0  0
322       0  1  0  1  0
323       0  1  0  0  1
324       0  1  1  0  0
325       1  1  1  1  0
326       0  1  0  0  1
327       1  1  1  1  0
328       0  1  1  1  1
329       1  0  1  0  1
330       0  1  1  0  0
331       0  0  1  1  0
332       0  1  0  1  0
333       1  0  1  0  1
334       1  0  0  1  0
335       0  1  0  1  0
336       1  0  0  0  1
337       0  1  0  1  1
338       1  1  0  1  1
339       1  1  0  1  0
340       1  1  0  0  0
341       1  0  0  0  1
342       0  1  0  1  1
343       1  1  1  1  1
344       0  1  0  1  1
345       1  1  0  0  0
346       0  1  1  1  0
347       0  1  0  0  1
348       0  0  1  1  1
349       0  1  1  1  0
350       1  0  0  1  0
351       1  0  0  0  1
352       1  1  0  1  0
353       0  1  0  0  1
354       1  1  1  0  1
355       0  1  1  1  1
356       0  0  1  1  0
357       1  1  1  0  0
358       0  0  1  1  1
359       0  1  0  1  0
360       0  1  0  1  0
361       0  0  1  1  1
362       1  1  0  1  0
363       1  1  0  1  0
364       1  1  1  1  0
365       0  0  1  1  1
366       1  1  0  1  0
367       1  1  0  1  1
368       1  0  1  0  1
369       0  1  1  0  0
370       1  1  1  1  1
371       1  0  0  1  1
372       1  0  1  0  0
373       0  1  0  1  1
374       1  0  1  1  0
375       1  1  0  1  1
376       1  1  0  0  0
377       1  1  1  1  0
378       0  0  0  1  1
379       0  0  1  1  1
380       1  1  0  0  1
381       1  1  1  0  1
382       0  0  1  1  1
383       1  0  0  1  1
384       1  1  1  1  1
385       0  1  1  0  1
386       0  1  0  1  0
387       1  0  1  1  1
388       0  1  0  1  1
389       0  1  0  1  0
390       1  1  0  0  0
391       0  1  1  1  0
392       1  0  1  1  1
393       1  1  0  0  1
394       1  0  0  1  0
395       0  0  0  1  1
396       0  1  1  0  1
397       0  1  1  0  1
398       1  0  0  0  1
399       0  1  1  1  0
400       1  1  1  1  1
401       1  0  0  0  1
402       1  1  0  1  1
403       1  0  1  1  0
404       0  0  1  1  0
405       1  0  1  0  1
406       1  0  1  1  1
407       0  1  1  0  0
408       1  1  1  0  1
409       1  0  0  1  0
410       0  1  0  1  1
411       0  1  1  1  1
412       1  1  1  1  0
413       1  1  1  0  1
414       0  1  1  0  0
415       1  0  1  1  1
416       0  1  1  1  0
417       0  0  0  1  1
418       1  1  1  1  0
419       1  1  1  1  0
420       1  1  1  0  1
421       1  0  1  1  1
422       0  1  0  0  1
423       1  0  0  0  1
424       1  1  0  0  1
425       1  0  0  0  1
426       1  0  0  1  1
427       0  0  1  1  0
428       1  0  1  1  0
429       0  1  0  1  1
430       1  0  0  0  1
431       0  1  1  1  1
432       0  0  0  1  1
433       0  0  1  0  1
434       0  1  1  0  0
435       0  0  1  1  0
436       1  1  0  1  0
437       1  0  1  0  1
438       1  0  1  1  1
439       0  1  1  1  0
440       1  1  1  0  1
441       0  1  1  0  0
442       1  1  0  1  1
443       1  1  1  0  1
444       0  1  1  1  1
445       1  0  1  1  0
446       0  1  1  0  1
447       1  1  0  0  0
448       0  0  0  1  1
449       1  1  1  1  1
450       1  0  1  1  1
451       0  0  1  1  0
452       0  0  1  1  1
453       1  1  0  0  1
454       1  1  0  1  1
455       0  0  1  1  1
456       1  1  0  1  0
457       1  0  0  1  0
458       1  0  0  1  0
459       0  1  1  0  1
460       1  0  0  1  1
461       0  0  1  1  0
462       1  1  1  1  1
463       1  0  0  1  0
464       0  1  0  1  0
465       0  0  1  1  0
466       0  1  1  0  0
467       1  1  1  0  0
468       1  0  1  1  0
469       1  0  0  1  1
470       0  0  1  1  1
471       0  1  1  1  0
472       0  0  1  1  0
473       0  1  0  1  1
474       1  0  0  1  1
475       0  1  0  1  1
476       1  0  1  0  0
477       0  1  0  0  1
478       0  0  1  0  1
479       0  1  1  0  1
480       0  0  1  1  0
481       0  1  1  0  1
482       1  1  0  1  0
483       0  1  0  1  1
484       0  0  0  1  1
485       1  1  0  1  1
486       1  1  1  0  1
487       1  1  1  1  0
488       1  0  0  0  1
489       0  0  0  1  1
490       0  1  0  1  1
491       1  1  0  0  0
492       1  1  1  1  0
493       1  0  0  1  0
494       1  0  0  1  0
495       1  0  1  1  1
496       0  1  1  1  1
497       1  1  0  1  0
498       0  1  0  0  1
499       0  0  1  1  1
500       0  1  1  1  1
501       1  0  1  1  1
502       1  0  1  0  1
503       1  0  0  0  1
504       0  0  0  1  1
505       1  0  1  1  0
506       0  1  1  1  1
507       0  1  1  0  0
508       1  0  1  1  1
509       0  1  0  1  1
510       1  0  1  0  1
511       1  1  1  1  1
512       1  0  0  0  1
513       0  0  1  0  1
514       1  1  1  0  1
515       0  1  0  0  1
516       0  1  0  0  1
517       1  1  0  1  1
518       0  1  1  0  1
519       1  1  1  1  0
520       0  1  1  0  1
521       0  1  1  0  0
522       0  0  1  1  0
523       1  1  1  1  0
524       0  1  0  1  0
525       0  0  0  1  1
526       1  0  1  1  1
527       1  1  1  1  0
528       1  0  0  1  0
529       1  0  0  1  0
530       0  1  0  0  1
531       1  1  1  0  1
532       0  0  0  1  1
533       1  0  1  1  1
534       0  0  1  1  0
535       1  0  1  1  0
536       1  0  1  1  1
537       1  0  1  1  0
538       1  1  1  0  1
539       0  0  1  1  0
540       1  1  1  1  0
541       1  1  1  0  1
542       0  0  1  1  0
543       1  0  1  0  0
544       0  1  1  0  0
545       0  1  0  1  0
546       1  1  1  1  0
547       1  0  0  0  1
548       1  0  0  1  0
549       0  1  1  1  0
550       1  1  0  1  1
551       1  0  1  0  1
552       1  0  0  0  1
553       1  1  0  0  1
554       0  0  1  1  0
555       0  0  0  1  1
556       0  0  1  0  1
557       1  0  0  0  1
558       0  1  0  1  0
559       1  1  1  0  1
560       1  1  0  0  0
561       1  0  1  0  0
562       1  0  0  1  0
563       1  1  1  0  0
564       0  0  1  1  1
565       0  1  0  1  0
566       0  1  1  0  1
567       1  1  1  1  0
568       1  1  0  1  1
569       1  1  1  1  1
570       1  1  1  0  1
571       1  0  0  1  0
572       1  0  1  1  0
573       1  0  1  0  0
574       1  0  0  1  1
575       1  0  0  1  1
576       1  1  0  0  0
577       0  1  1  0  0
578       0  0  0  1  1
579       0  0  1  0  1
580       0  1  1  1  0
581       1  1  0  1  1
582       0  0  1  1  0
583       1  1  1  1  1
584       0  1  0  0  1
585       0  0  1  1  0
586       0  1  1  1  0
587       1  1  1  1  1
588       0  1  0  1  0
589       0  1  1  0  1
590       1  1  0  0  0
591       0  0  0  1  1
592       1  0  1  0  1
593       1  0  0  1  1
594       0  0  1  0  1
595       1  1  1  1  1
596       1  0  1  1  0
597       0  1  0  0  1
598       1  0  1  1  0
599       1  1  0  0  1
600       0  1  1  1  1
601       0  0  0  1  1
602       1  0  1  0  1
603       1  1  0  0  1
604       0  1  1  0  1
605       1  1  0  1  0
606       0  0  1  1  0
607       1  1  1  1  1
608       0  0  0  1  1
609       1  1  0  0  0
610       1  1  1  0  1
611       0  1  1  0  1
612       1  0  0  1  0
613       0  1  1  1  0
614       0  1  0  1  1
615       1  0  1  1  0
616       1  0  0  1  1
617       1  0  1  1  1
618       0  0  0  1  1
619       1  1  1  1  0
620       0  1  1  0  0
621       1  1  0  0  1
622       1  1  1  1  0
623       1  0  1  1  1
624       1  1  0  0  0
625       0  1  1  1  1
626       1  0  1  1  0
627       1  1  1  0  0
628       1  1  1  0  0
629       0  0  1  0  1
630       0  0  1  0  1
631       0  1  1  0  1
632       1  0  0  1  1
633       0  0  1  1  0
634       1  1  0  1  1
635       0  1  0  1  0
636       0  1  1  0  1
637       0  1  0  1  1
638       1  0  1  1  1
639       1  0  0  1  1
640       1  0  0  0  1
641       0  1  0  1  0
642       0  1  1  1  0
643       1  0  1  1  0
644       0  1  1  1  1
645       0  1  1  1  1
646       1  0  0  1  0
647       1  0  0  1  0
648       1  0  1  0  1
649       1  0  1  1  0
650       0  1  1  1  0
651       0  0  1  1  0
652       1  0  1  1  1
653       1  1  0  0  0
654       0  1  1  1  0
655       0  1  1  1  1
656       0  1  0  0  1
657       1  0  1  1  1
658       0  1  0  0  1
659       1  1  1  1  1
660       0  0  0  1  1
661       1  0  1  1  1
662       0  1  0  1  1
663       0  0  1  1  0
664       1  0  1  1  1
665       0  0  0  1  1
666       1  1  1  0  1
667       1  1  0  0  0
668       0  1  0  1  1
669       1  1  1  0  0
670       1  0  1  0  0
671       0  1  0  1  0
672       1  1  0  1  0
673       1  0  0  1  0
674       1  0  0  1  0
675       0  1  1  0  0
676       1  0  0  0  1
677       1  1  1  0  1
678       0  1  0  1  1
679       1  1  1  0  1
680       0  1  1  1  0
681       0  1  1  1  0
682       1  1  0  1  1
683       0  1  0  1  1
684       0  1  0  0  1
685       1  1  0  0  1
686       0  1  1  0  1
687       0  1  0  1  1
688       1  0  0  1  1
689       0  0  0  1  1
690       1  1  1  0  1
691       0  1  0  1  0
692       0  1  1  0  1
693       1  1  1  1  1
694       1  0  1  1  1
695       0  0  0  1  1
696       1  0  1  1  0
697       1  0  0  0  1
698       0  1  0  0  1
699       1  1  0  0  0
700       0  0  1  1  1
701       1  0  0  0  1
702       1  1  1  0  0
703       1  0  1  1  0
704       1  0  1  0  1
705       1  0  0  1  1
706       1  1  1  1  1
707       0  1  0  1  1
708       0  0  1  0  1
709       1  0  0  1  0
710       1  1  1  0  1
711       0  0  1  0  1
712       0  0  0  1  1
713       0  1  0  0  1
714       1  0  1  1  1
715       0  1  0  1  1
716       1  1  1  1  0
717       0  1  1  1  1
718       1  1  0  0  1
719       1  0  1  1  1
720       1  1  0  1  1
721       1  1  1  0  1
722       0  1  1  1  0
723       1  0  1  0  1
724       1  0  1  0  1
725       1  1  0  1  1
726       1  0  1  1  1
727       1  0  1  0  1
728       0  1  0  1  0
729       1  1  1  0  1
730       0  0  1  1  1
731       0  0  1  0  1
732       1  0  1  0  0
733       1  0  1  1  0
734       1  1  1  1  1
735       1  1  1  0  1
736       1  1  0  1  0
737       1  1  1  1  1
738       1  1  1  0  0
739       0  1  1  1  1
740       1  0  1  1  1
741       0  0  1  1  0
742       0  1  0  1  0
743       0  1  0  0  1
744       1  1  1  0  0
745       1  0  0  0  1
746       1  1  1  1  1
747       0  1  0  0  1
748       1  0  0  0  1
749       1  0  0  1  1
750       0  0  1  0  1
751       0  1  1  1  1
752       0  0  0  1  1
753       0  1  1  0  1
754       1  0  0  1  0
755       1  1  0  1  0
756       0  0  1  0  1
757       0  0  1  1  1
758       1  1  0  0  1
759       1  0  1  0  0
760       0  1  1  0  0
761       0  0  1  1  1
762       1  0  1  0  0
763       0  0  1  0  1
764       1  0  0  1  0
765       1  1  1  1  0
766       1  0  1  1  0
767       1  1  1  0  1
768       1  0  0  1  0
769       0  1  1  0  0
770       1  0  0  1  1
771       1  1  1  0  1
772       1  1  0  1  1
773       1  0  0  1  0
774       1  1  0  0  0
775       1  1  1  1  0
776       0  0  1  1  0
777       1  0  1  0  0
778       1  0  0  0  1
779       0  1  0  1  1
780       1  1  1  0  0
781       0  1  1  1  0
782       1  0  0  1  1
783       0  0  1  1  1
784       1  1  0  1  1
785       1  1  0  0  1
786       0  1  1  1  1
787       0  1  0  1  1
788       1  0  1  1  1
789       1  1  1  0  1
790       1  0  0  0  1
791       0  0  1  1  1
792       0  0  0  1  1
793       1  1  0  0  0
794       0  1  0  1  0
795       0  1  0  0  1
796       1  1  0  1  1
797       1  1  1  0  0
798       1  0  1  0  1
799       1  1  1  1  1


0             50        50
1         46.757    52.459
2         58.603    52.274
3         59.626    47.428
4         51.837    49.465
5         44.872    46.075
6         53.138    44.925
7         42.106    51.258
8         55.556    57.028
9         44.684    56.891
10         56.204    45.858
11         42.099    44.984
12         49.138     48.85
13         41.532        49
14          44.82     58.03
15         48.826    53.988
16         41.719    59.007
17         49.746    55.019
18         43.049    50.387
19          40.63    59.114
20         59.361    50.504
21         55.584    42.052
22           49.5    57.249
23         46.604    44.773
24         51.403    46.041
25         44.156    51.264
26          44.71    48.291
27         54.392    54.535
28         49.488    56.804
29         51.188    49.439
30         42.556    52.308
31         52.622     54.26
32         53.822    45.665
33         52.982    43.113
34         54.776    43.813
35         56.128    42.118
36         41.743    59.538
37         49.454    45.946
38         55.292    40.263
39         40.073    53.386
40         58.805    42.696
41         59.213    41.158
42         55.198    57.472
43         42.177    49.208
44         55.233    57.527
45         41.208    46.033
46         58.178    44.298
47         50.845    57.969
48         53.071    50.032
49         54.174    52.531
50         56.517    59.121
51          57.59    49.037
52         48.586    48.186
53         58.698    42.704
54         46.623    47.661
55         49.009    41.758
56         57.999    44.233
57         40.831    45.046
58         52.802    49.652
59         56.914    59.949
60         53.606    47.639
61         48.138    40.016
62         55.743    54.012
63         51.816    53.117
64         46.046    43.258
65         55.572    57.073
66          42.22    56.684
67         59.059    53.057
68         48.387    54.995
69         56.956    46.465
70         41.851    52.037
71         51.475    54.844
72         50.654    48.328
73         53.969    44.297
74         49.379    44.538
75         54.078    56.128
76         53.404    57.756
77         53.365    54.222
78         58.388    49.846
79         46.617    46.441
80         43.897    43.733


1    43.089     84.89
2    63.564     40.39
3    31.172    68.993
4    19.107     23.58
5    45.618    50.928
6    19.936    41.194
7    42.467    56.244
8    18.244    53.949
9    55.813    55.036
10    64.473    55.458
11     46.81    46.562
12     65.98    78.357
13    57.187    32.305
14    78.997    61.725
15    52.265    60.978
16    58.247    35.898
17    54.732    59.382
18    51.075    54.559
19     66.72    38.799
20    46.804     42.35
21    66.139     9.531
22    76.951    42.571
23    53.474    51.797
24    35.388    57.152
25    47.203    33.651
26    91.627    36.104
27    61.238    37.459
28    50.841    72.612
29      66.7    36.523
30    72.464     48.07
31    50.706    64.412
32    55.791    42.285
33     21.62    25.787
34    52.162    37.962
35    64.236     48.62
36    29.303     65.81
37    44.719    30.993
38    12.472    53.079
39     87.07    65.669
40    61.781    25.096
41    62.848    62.741
42    73.667    22.248
43    28.286    80.177
44    14.723    66.888
45    51.166    44.655
46    14.747    56.334
47    32.479    57.199
48    46.013    43.097
49    47.334    28.125
50     8.017    60.211
51    64.926    29.632
52    48.003    58.452
53    87.325    51.769
54    77.054    22.025
55    42.938    42.048
56    59.122    80.373
57    41.553     37.98
58    70.452    11.298
59    57.653     29.52
60     37.59     51.12
61    45.097    39.433
62    64.915    49.232
63    39.847    52.471
64    23.133    40.559
65     48.04    43.626
66    49.344    59.782
67     62.32    43.095
68     9.798     50.35
69    52.139    35.973
70    30.008    42.302
71    51.242    58.109
72    49.265    31.495
73    19.245    59.097
74    38.123    55.876
75    54.283    56.559
76    43.318     45.24
77    64.234    59.752
78    51.844    73.229
79     30.86    33.528
80    43.613    51.325
81     5.654    51.963
82    61.088    58.138
83    64.494    88.913
84     50.25    49.446
85    33.187    61.116
86    45.622    49.489
87    47.603    60.715
88    51.167    65.891
89    51.722    66.475
90    44.516    69.674
91    90.095    30.519
92    33.136     66.29
93    35.779    77.404
94     79.14    54.597
95     78.27    59.753
96    54.042    49.889
97    91.997    56.913
98    66.331    42.611
99    66.436    60.436
100    51.374    30.755
101    15.033    62.673
102    33.086    68.098
103     3.317    42.835
104    29.152    47.883
105    45.057    39.259
106     7.344    54.754
107    35.586    40.423
108    30.555    34.359
109     38.36    15.564
110    49.636    58.415
111    30.921    32.455
112    42.974    51.155
113    41.672    68.345
114    42.962      47.2
115     27.04    76.818
116    43.893    50.157
117    23.252    50.123
118    51.037    27.374
119    50.003    49.388
120    61.383    21.697
121    49.745    68.209
122    31.085    39.749
123    60.876     48.17
124    43.752    71.399
125    55.935    50.209
126    72.819    34.673
127    40.976     52.19
128    75.802    36.086
129    21.704    34.824
130    38.079    51.685
131    44.859    57.736
132    70.012    71.532
133    34.703    62.938
134     57.53    90.343
135     75.35    56.461
136    53.893    42.985
137    50.468    68.203
138    55.144    68.486
139    27.988    27.704
140    69.599    80.824
141    56.956    50.558
142    60.249    54.087
143    31.059    63.094
144    53.936    55.129
145     36.19    42.088
146    66.192     28.96
147    73.224    25.249
148    56.445    40.936
149    61.964    35.428
150    52.613      51.1
151     39.79    59.015
152    67.563    70.266
153    55.237    34.775
154    42.877    52.513
155    48.166    43.364
156    27.363    60.553
157    38.755     61.32
158    52.966    50.214
159     32.67    55.442
160    49.618    44.678
161    76.766    56.938
162    72.657    46.176
163    53.314    41.318
164    41.141    67.179
165    45.282    60.519
166    32.866    72.291
167    80.556    69.127
168     53.96    40.657
169    60.476    71.569
170    47.205     48.95
171    41.166    17.493
172    42.268    50.097
173    15.342    37.043
174    39.093    12.368
175    70.447    38.148
176    58.781    43.625
177    65.072     59.02
178    44.814    51.806
179    33.498    39.324
180    78.026    50.024
181    55.071    82.884
182    48.014    23.156
183    37.015    50.327
184    25.403    49.327
185    34.861     38.41
186    22.945    90.388
187    28.851    51.475
188    44.798    69.524
189     12.93    51.739
190    42.429    91.791
191    85.471     21.86
192    55.956    56.279
193    40.148    55.587
194    83.575    56.302
195    52.571    51.047
196    70.207    51.147
197    54.545     60.55
198     64.82    62.908
199    84.784    63.456
200    59.023    19.874
201    67.756    73.755
202    52.208    43.466
203     73.81    39.108
204    85.146    68.877
205    19.729    37.765
206    53.092    43.108
207      53.4    47.842
208    71.517    66.189
209    68.628    37.207
210     54.58    36.659
211    69.357    25.922
212    48.296    63.214
213    40.734     29.11
214    52.577    92.332
215    47.002    53.411
216    57.539    49.393
217    30.578    64.244
218    35.931    77.001
219    55.915    53.823
220    41.171    70.013
221    46.899    44.123
222    39.439    39.998
223    47.512    51.546
224    77.642    26.548
225    37.073    53.594
226    39.105    35.721
227    73.576    46.648
228    61.145    66.093
229    83.916    51.593
230    50.094    71.085
231    49.916    64.411
232    63.099      41.1
233    44.673    21.153
234    81.218    26.271
235    52.791    39.019
236    77.849    43.555
237    25.815    19.572
238    59.596    44.029
239    75.325    67.635
240    65.914    19.981
241    24.378    85.766
242    32.415    23.874
243    54.316     74.92
244    22.267    51.283
245    45.868    53.822
246    23.062    48.698
247     62.64    60.039
248     46.97    54.469
249    47.498     12.87
250     37.47    52.376
251    32.282    13.667
252    45.687    56.706
253    51.345    24.581
254     56.74    50.079
255    75.365    41.771
256    70.561    50.958
257    23.368    38.859
258    37.304    42.567
259    49.752    47.313
260    48.832     48.67
261    51.278    51.914
262    54.535    57.769
263    56.229    52.591
264    66.943    62.757
265    79.965    65.495
266     45.95    54.021
267    57.192    21.745
268    56.919    69.849
269    59.382    50.785
270    46.043    34.558
271    43.718    51.792
272    70.281    64.092
273    29.722    88.181
274    82.729    54.505
275    49.882    45.087
276    40.028    53.567
277    36.945    31.452
278    35.751    51.703
279    57.343    87.688
280    56.566    60.537
281    75.393    22.251
282    59.411    25.636
283    66.829    30.539
284    36.806    39.379
285    23.647    41.837
286     46.08     65.11
287    51.279    80.693
288    35.698    79.988
289     27.47    37.963
290    40.145    33.687
291    15.474    39.879
292    53.148    63.275
293    57.477    53.696
294    57.281    54.022
295    71.357    35.039
296    67.601    23.959
297    72.171    49.668
298    38.514    56.035
299    23.308    58.253
300     8.223    44.228
301    59.869    54.703
302    54.948    51.643
303    42.418    31.243
304    65.249    21.292
305    49.658    53.775
306    21.972    71.849
307    59.206    53.019
308    64.029    66.276
309    57.425    55.351
310    51.478    75.725
311    72.741    25.515
312    68.363    17.177
313    32.018    19.824
314    28.457    39.497
315    52.583    45.925
316    54.486    21.495
317    81.476    67.878
318    50.496    37.741
319    57.059     40.45
320    55.036    36.703
321    55.792    80.561
322    54.077    42.573
323    51.713    33.974
324    83.038    38.863
325    28.975    24.216
326    52.537    12.767
327    75.383    58.977
328    40.988    51.909
329    39.913     26.31
330    66.649    21.736
331    49.311    29.664
332    40.051     17.83
333     49.84    78.503
334    49.112     54.36
335    63.622    49.329
336     67.44    10.306
337    52.381    46.324
338    72.138    59.417
339    63.568    28.177
340    61.944    82.075
341    26.195    37.767
342    47.987    37.378
343    65.937    69.907
344    70.542    18.155
345    60.261     14.43
346    55.307    72.229
347    74.042     41.32
348    58.726    21.032
349    47.556    56.944
350     55.75    42.294
351    60.595    80.149
352    64.178    45.835
353    40.554    79.854
354    57.923    54.879
355    66.044    49.963
356    40.535    58.909
357    69.324    79.185
358    19.816     47.91
359    43.515    52.315
360    35.941    55.803
361     55.37    53.785
362    58.215    52.353
363    58.926    40.465
364    44.039    46.591
365    39.311    72.306
366     26.11    77.123
367     47.52    49.708
368    37.802    26.854
369    62.863     30.75
370    32.975    45.378
371    68.553    30.398
372    48.382    37.555
373    76.628    17.729
374    46.064    31.429
375    69.647    38.251
376    71.035      7.22
377    68.831    64.529
378    76.046    71.894
379    71.766     7.025
380    39.335    73.019
381    39.947    55.803
382     7.854    76.905
383     23.52    27.843
384    41.987    53.478
385    10.771     66.85
386     61.14    33.748
387    33.442    48.228
388    57.595    32.332
389    62.895    71.447
390    23.291    46.941
391    82.413    48.879
392    72.885    65.906
393    73.507     7.484
394    66.059    62.601
395    49.384    34.254
396    84.079    26.336
397    57.558    15.842
398    71.563     31.36
399    69.098    42.272
400    64.311    31.408
401     40.22    37.888
402     53.99    22.129
403    55.945    39.787
404    53.355    45.486
405    64.821    51.147
406    63.068    48.505
407    64.342     72.54
408    48.877    14.152
409    60.254    43.197
410    43.701    46.798
411    43.806    73.202
412    88.497    50.232
413    75.123    24.105
414    46.086    70.056
415    46.336    80.062
416    47.519    87.704
417    31.173    49.424
418     52.38    24.921
419    55.771    57.667
420    48.225     54.67
421    64.549    23.426
422    41.364    86.411
423    25.815    39.389
424    30.077    76.731
425    45.567    79.119
426    35.398     49.66
427    73.902     72.01
428    41.843    48.493
429    28.397    78.377
430    43.859    50.506
431    52.582    83.676
432    55.619    58.205
433    90.688    48.695
434    29.468    58.026
435    54.521    61.903
436      63.3    57.128
437     48.97    80.498
438    42.118    82.711
439    56.631    77.736
440    47.567    47.076
441     19.27    41.762
442    35.587    29.341
443     40.71    35.804
444    41.213    44.481
445    46.417    73.981
446    53.139    64.654
447    23.994    49.856
448    10.682    37.965
449    46.379    11.275
450    67.482    48.088
451    52.481    44.439
452    57.045    54.856
453    57.516    43.714
454    49.375    49.329
455    34.636    17.308
456    58.729    42.293
457    89.146    60.646
458    53.486    46.833
459    51.915    63.208
460    50.708    31.173
461    42.558    62.566
462    49.636    54.089
463    63.534    44.433
464    69.985    76.739
465    21.549    36.384
466    75.136    67.607
467     56.62    36.289
468    57.071    29.881
469     90.07    55.709
470    42.584    74.572
471    53.827     54.51
472    33.768    21.335
473    41.078    38.558
474    26.021    29.462
475    57.971    78.208
476    51.908     43.47
477    63.383    23.946
478    56.248    62.618
479    60.674    50.157
480    57.137    70.645
481    57.524    21.755
482    38.425    33.797
483    92.481    44.657
484    65.894    69.576
485    53.713     49.08
486     39.17    63.876
487    48.924    65.412
488    45.551    45.748
489    49.963    51.982
490    46.015    16.825
491    64.754     37.66
492    58.318    58.758
493    68.812    77.478
494    71.793     65.92
495    62.712    66.461
496    59.752    38.612
497    79.763    77.256
498     58.21    32.916
499    50.925    79.017
500    21.819    77.388
501    57.418    48.462
502    48.965    59.389
503    67.042    23.088
504    77.531    47.696
505    56.186    49.062
506    79.264    44.018
507    48.501    34.877
508    54.176     23.91
509    59.272    63.974
510    53.568    50.809
511    63.801    58.636
512    61.572     45.24
513    47.284     43.44
514    27.119    25.931
515    49.214    51.164
516    24.244    53.251
517    22.815    34.287
518    40.851    51.759
519      69.4    75.968
520    17.872     39.94
521    76.567    48.276
522    23.477    41.693
523     42.58    35.609
524    63.874    60.424
525    63.356    45.398
526     58.24    42.614
527     64.36    34.777
528    60.005    48.272
529    59.806    39.079
530    33.437    13.838
531    61.227    70.102
532    61.436    33.943
533    63.559    72.549
534    19.069    60.471
535    38.537    77.994
536    46.112    48.459
537    25.627    48.543
538    55.645    37.901
539    65.398    58.351
540    22.069    49.317
541    25.312    35.021
542    49.343    22.904
543    55.737    34.632
544    65.255     7.925
545    49.838    41.559
546     19.36    17.872
547    60.146    43.517
548    47.711    42.559
549    47.049    38.382
550    47.967    33.227
551    63.308    77.835
552    44.189    32.116
553    64.392    52.735
554    75.658    48.606
555    65.453    17.346
556    66.259    66.298
557    84.812    67.365
558    55.181     23.44
559    48.497    48.457
560    65.138    52.573
561    33.881    30.266
562    17.755    23.688
563    18.613    32.262
564    40.857    45.037
565    41.574    64.084
566    42.328    39.454
567    29.259    15.326
568    22.762    32.307
569     17.35    32.737
570    30.139    68.162
571    39.724    27.091
572    23.299    37.799
573    26.453     35.16
574    64.422    42.886
575    55.621    47.774
576    60.453    39.741
577    72.054     46.97
578    60.433    83.751
579    75.454    73.174
580    56.469    46.028
581    74.506    71.786
582    26.095    44.812
583     56.83    34.147
584    51.556    60.835
585    49.583    50.543
586    53.466    51.476
587    45.143    82.699
588    51.519    61.118
589    43.553    50.801
590    72.415     89.75
591    52.139    46.162
592    51.104    65.183
593    65.979      16.3
594     70.61    30.647
595    46.799    52.677
596    52.001    55.852
597    75.847    62.272
598      41.6    24.847
599    61.836    60.342
600    69.918    22.931
601    25.478    62.447
602    69.759    44.913
603    30.512     7.827
604    66.358    29.983
605    51.459    49.183
606    49.954    78.944
607    45.811    40.939
608    38.226     75.06
609    41.518    34.443
610    50.528    45.143
611     86.24    40.755
612    57.301     54.65
613    69.511    74.475
614    64.397    57.735
615    50.913    51.006
616    76.997    31.636
617    80.145    49.069
618    21.951    34.262
619    90.091    47.837
620    43.338     47.35
621    61.671    24.817
622    56.253     72.22
623    47.082     50.41
624    73.203    42.273
625        29    43.599
626    56.549     37.45
627    36.169    39.987
628    32.187    63.823
629    58.261    52.795
630    45.732    52.396
631    73.416    49.103
632    30.616    15.213
633    67.294    43.071
634    57.653    75.603
635    69.151    67.718
636     53.62      29.2
637    43.414    53.206
638    45.748    60.593
639    55.013    36.284
640    70.206    22.334
641     45.54    64.598
642     45.61    39.057
643    82.985    74.642
644    72.392    33.672
645    58.693    74.677
646    45.816    20.308
647    58.473     84.16
648    59.178    55.758
649    49.927    61.707
650    28.755    70.011
651    51.072    51.298
652    23.079    39.586
653    37.823     62.13
654    23.139    50.681
655    48.913    45.704
656    43.637    38.756
657    28.564    24.735
658    43.277    56.657
659    49.513    51.131
660     7.097    67.876
661    47.284    30.296
662    53.462    59.842
663    51.648    65.958
664    48.514    20.344
665    29.921    40.911
666    59.904    52.619
667    55.182    38.793
668    33.873    53.454
669    50.132     61.91
670    53.313    54.644
671    79.313    46.393
672    32.878    40.011
673    58.817    72.397
674    82.962    38.983
675     58.54    54.881
676    66.124     22.06
677    25.755    22.292
678     26.13    85.282
679    48.566    55.111
680    46.433     53.44
681    43.584    48.556
682    46.887    30.994
683    46.403    16.629
684    49.677    64.278
685    48.642     50.39
686    83.925    61.944
687     70.23    11.022
688    53.843    44.478
689    70.037    69.942
690      42.8    11.086
691    30.275    42.813
692    31.418     22.96
693    45.529    54.882
694    42.135    35.311
695    44.368    62.312
696    27.053    77.302
697    52.069    57.935
698    44.175    42.465
699    36.819    58.201
700    41.665    68.143
701    32.957    57.709
702    49.151     50.57
703    15.786    54.475
704    47.195    41.584
705     21.94    79.272
706    62.628    61.877
707    40.513    31.778
708    50.073    54.216
709    55.033    65.645
710    19.819    64.764
711    35.093     66.41
712    45.243    68.675
713    66.488    36.401
714    39.085    54.272
715    60.874     17.24
716    40.399    68.027
717    61.238    73.515
718    71.066    52.934
719    43.574    47.235
720    42.565    55.335
721    67.086    80.183
722    24.178    62.566
723    31.179    46.222
724    37.334    69.684
725    40.161    26.084
726    46.621    75.352
727    82.515    28.948
728    54.606    16.767
729    37.235    73.005
730    52.901    40.577
731    55.709    47.636
732    48.732    30.173
733    51.405    26.831
734    43.885    71.914
735    71.213     73.83
736    46.465    38.059
737    52.466    40.609
738    50.672     45.75
739    46.212    77.446
740    64.089     22.96
741     58.77    61.604
742    50.886    42.718
743    48.911    19.213
744    56.609    54.534
745    57.233    61.335
746    48.116    71.862
747    24.669    63.923
748    41.077    75.144
749    55.605    69.487
750    48.398     52.32
751    45.159    90.848
752    49.219    60.133
753    48.535    67.236
754    52.469    57.783
755    56.853    50.022
756     68.19    43.914
757    28.656     33.39
758    64.306    54.254
759    61.535    53.416
760    45.915    25.889
761    75.695    35.271
762    83.158    57.681
763    33.637    52.338
764    47.607    40.991
765    45.881    78.791
766    85.692    33.416
767    31.678    31.864
768    54.052     52.58
769    63.732    44.924
770     69.24    54.113
771    61.752    55.768
772    31.787    34.669
773    73.259     37.36
774     73.49    57.159
775    51.374     32.69
776    51.407    18.122
777     47.51    29.664
778    67.093    32.791
779    61.821    11.051
780    29.854     77.42
781    47.691    45.821
782    46.388    46.716
783    15.771    33.102
784    66.071    47.326
785    29.311    33.614
786     52.13    51.221
787    43.041    76.423
788      47.3    46.655
789    47.968    61.436
790    48.926    44.955
791    44.648    51.753
792    42.268    40.733
793      17.7    73.626
794    16.971    47.982
795    45.679    22.699
796     35.11    78.467
797    20.647    32.223
798     27.75    41.557
799    46.166    44.832
800    30.157    51.488
