81 Stops, 800 Students, 10 Max_Walking, 25 Capacity, 5 Days 

0       1  0  1  1  0
1       0  1  0  1  1
2       0  1  1  0  1
3       0  1  1  1  1
4       1  1  0  0  0
5       1  1  0  1  1
6       0  0  0  1  1
7       0  0  1  0  1
8       1  1  0  0  1
9       0  1  1  1  1
10       1  1  1  1  0
11       0  1  1  0  1
12       1  0  1  1  1
13       1  1  0  1  1
14       0  0  1  1  1
15       1  0  0  1  0
16       1  0  0  1  0
17       1  0  1  0  0
18       1  0  0  0  1
19       1  1  1  1  0
20       1  0  1  0  0
21       1  1  1  0  0
22       0  0  0  1  1
23       1  0  0  0  1
24       0  0  1  0  1
25       1  0  0  1  0
26       0  0  1  0  1
27       0  1  1  1  1
28       0  0  0  1  1
29       0  0  1  1  1
30       1  1  1  0  1
31       0  1  1  1  0
32       1  0  1  0  0
33       0  1  1  1  1
34       0  1  1  1  0
35       1  0  1  0  1
36       1  1  0  1  1
37       0  1  0  1  1
38       1  0  1  1  1
39       0  0  0  1  1
40       0  1  0  1  0
41       1  0  1  1  1
42       1  0  0  1  0
43       1  1  1  0  0
44       1  0  0  1  1
45       1  0  1  1  1
46       0  1  1  0  1
47       1  1  0  0  1
48       0  1  1  0  1
49       0  0  0  1  1
50       1  0  0  0  1
51       1  1  1  1  0
52       0  1  1  0  0
53       0  0  0  1  1
54       0  0  1  1  1
55       1  1  1  0  1
56       0  0  1  1  1
57       1  1  0  0  0
58       1  0  0  1  1
59       1  1  0  1  1
60       1  0  0  1  0
61       1  0  0  1  0
62       1  1  1  1  0
63       0  1  1  0  1
64       0  1  1  0  0
65       1  0  1  0  1
66       0  1  1  0  1
67       0  1  1  0  0
68       0  1  1  0  0
69       0  0  1  0  1
70       1  1  1  0  0
71       0  0  1  1  0
72       0  0  0  1  1
73       1  1  0  1  1
74       1  1  1  1  1
75       1  0  0  0  1
76       1  0  0  0  1
77       0  0  0  1  1
78       0  1  0  0  1
79       0  1  0  0  1
80       1  1  1  1  0
81       1  1  1  1  0
82       0  1  1  1  0
83       1  1  0  0  0
84       1  0  1  0  0
85       1  1  0  1  1
86       0  0  1  1  0
87       0  1  0  1  0
88       1  0  0  1  0
89       0  0  1  0  1
90       1  1  1  1  1
91       1  1  1  0  1
92       1  1  1  1  1
93       1  0  1  0  1
94       1  0  1  0  1
95       0  1  1  1  0
96       1  1  0  0  1
97       1  0  0  0  1
98       1  1  0  0  1
99       1  1  1  0  1
100       0  1  0  0  1
101       0  1  1  1  0
102       1  1  0  0  1
103       1  0  1  0  0
104       0  0  0  1  1
105       0  1  0  1  0
106       0  0  1  1  1
107       1  1  0  0  1
108       1  1  1  1  0
109       1  0  1  1  0
110       1  0  1  0  0
111       0  1  1  1  0
112       0  0  1  0  1
113       0  0  1  1  1
114       0  1  1  0  0
115       1  1  0  1  1
116       0  1  0  1  0
117       0  1  0  0  1
118       1  1  0  0  1
119       1  1  0  0  1
120       1  1  0  0  1
121       0  1  1  1  1
122       0  1  1  1  1
123       0  1  1  1  0
124       0  0  0  1  1
125       1  1  0  1  1
126       1  0  1  1  1
127       0  1  0  0  1
128       1  1  1  0  0
129       1  1  1  1  0
130       1  1  0  0  0
131       0  0  1  1  0
132       1  1  0  0  1
133       0  1  0  1  1
134       0  0  0  1  1
135       0  0  1  1  0
136       0  1  0  0  1
137       0  0  1  1  1
138       1  1  1  0  1
139       0  1  0  0  1
140       0  1  0  1  1
141       1  1  0  0  1
142       1  0  1  0  0
143       0  1  0  1  1
144       1  1  0  1  0
145       1  1  0  0  1
146       1  1  0  1  0
147       1  0  1  1  1
148       1  0  1  1  1
149       1  0  0  0  1
150       1  1  1  0  0
151       0  1  0  0  1
152       1  1  0  0  0
153       0  1  0  1  1
154       1  1  1  1  0
155       0  1  1  1  0
156       0  1  0  1  0
157       0  0  1  0  1
158       0  1  1  0  1
159       1  0  1  0  0
160       0  0  0  1  1
161       0  0  1  0  1
162       1  0  1  1  1
163       0  1  1  1  0
164       0  0  1  1  1
165       1  0  1  1  0
166       0  1  0  1  1
167       0  1  1  0  0
168       1  0  0  1  1
169       1  1  1  1  1
170       1  0  1  0  1
171       0  1  1  0  1
172       0  0  1  1  0
173       0  1  1  1  0
174       1  0  0  0  1
175       1  0  1  0  1
176       0  0  1  1  1
177       0  0  1  1  1
178       0  1  0  1  1
179       0  1  0  1  1
180       1  0  1  1  1
181       1  0  0  1  0
182       0  0  1  1  0
183       1  0  1  1  0
184       0  1  0  1  1
185       0  1  0  1  1
186       0  1  1  1  1
187       1  0  1  1  1
188       1  0  0  1  0
189       0  0  1  1  1
190       1  0  1  0  1
191       1  0  0  1  0
192       0  0  1  0  1
193       0  1  1  1  1
194       1  0  1  1  1
195       1  1  1  0  0
196       1  1  1  0  1
197       1  1  0  0  1
198       1  0  0  0  1
199       1  1  1  1  1
200       0  1  0  1  0
201       0  1  0  1  1
202       1  1  1  0  1
203       1  0  0  0  1
204       0  0  1  1  0
205       1  1  0  0  0
206       1  1  0  1  0
207       0  1  0  1  0
208       1  0  0  0  1
209       1  0  0  0  1
210       0  1  1  0  1
211       0  1  1  1  1
212       1  1  1  1  1
213       0  0  0  1  1
214       1  1  1  1  0
215       0  1  1  0  1
216       1  0  1  0  0
217       0  1  0  1  1
218       1  0  0  0  1
219       0  0  1  1  0
220       1  0  1  0  1
221       0  1  0  0  1
222       1  1  0  0  0
223       1  1  1  0  0
224       1  0  1  1  0
225       1  1  1  0  1
226       1  0  1  0  1
227       0  1  1  0  0
228       1  1  1  0  0
229       1  1  1  0  1
230       0  0  1  0  1
231       1  1  0  1  0
232       0  1  0  0  1
233       1  1  0  0  1
234       1  1  1  1  0
235       1  1  1  0  0
236       0  0  1  0  1
237       0  1  0  0  1
238       1  1  1  0  1
239       1  1  0  1  1
240       1  0  1  1  1
241       1  0  0  1  0
242       0  1  0  0  1
243       1  0  1  0  1
244       0  1  1  0  0
245       1  1  0  1  0
246       0  1  1  1  1
247       0  1  0  0  1
248       0  0  1  1  0
249       1  0  0  1  0
250       1  0  1  0  1
251       1  1  1  1  1
252       0  1  0  1  0
253       1  1  0  1  0
254       1  1  1  0  0
255       0  1  1  0  0
256       1  0  1  1  0
257       0  1  1  1  0
258       1  1  1  1  0
259       1  1  0  1  0
260       1  1  0  0  0
261       1  1  1  1  1
262       0  0  1  1  1
263       1  0  0  1  1
264       1  1  1  1  1
265       0  1  1  1  0
266       1  1  0  0  1
267       0  0  1  1  0
268       0  1  1  0  0
269       1  0  0  0  1
270       1  1  0  0  0
271       1  0  1  0  0
272       0  1  1  1  1
273       1  1  1  0  1
274       1  0  1  0  1
275       1  0  0  1  0
276       0  0  1  1  0
277       1  1  0  1  1
278       1  1  0  1  1
279       0  1  1  1  0
280       0  1  1  1  1
281       1  1  0  0  0
282       0  0  1  1  1
283       0  0  1  0  1
284       0  0  0  1  1
285       1  1  0  1  0
286       1  0  1  0  0
287       1  0  1  1  1
288       1  0  1  1  1
289       1  1  0  0  1
290       0  0  1  1  0
291       1  0  0  1  1
292       0  1  1  1  1
293       1  0  0  1  0
294       1  0  1  0  1
295       1  1  0  0  1
296       1  1  1  0  1
297       1  0  1  1  0
298       1  1  1  1  1
299       0  0  1  1  0
300       0  1  1  0  1
301       0  1  1  0  1
302       0  0  1  0  1
303       1  1  1  0  0
304       0  1  0  1  1
305       0  1  1  1  1
306       1  0  1  1  1
307       1  1  1  1  0
308       0  1  1  1  1
309       1  0  1  1  1
310       0  1  0  1  1
311       1  1  0  0  0
312       0  1  1  1  0
313       0  1  0  0  1
314       1  1  0  1  0
315       1  1  0  0  1
316       1  1  0  1  1
317       0  1  1  0  0
318       1  1  0  0  1
319       0  0  1  1  0
320       1  1  1  0  0
321       1  1  1  0  0
322       1  1  1  1  0
323       0  1  1  1  0
324       0  0  0  1  1
325       0  0  1  1  0
326       0  1  1  0  1
327       1  1  0  1  1
328       1  1  1  0  1
329       1  1  0  0  1
330       0  0  1  1  1
331       0  1  0  0  1
332       1  1  1  0  0
333       0  1  0  1  1
334       1  0  0  0  1
335       0  1  1  0  0
336       0  1  1  0  1
337       1  0  1  0  0
338       0  1  1  1  1
339       0  1  0  0  1
340       1  1  0  1  0
341       0  1  1  1  1
342       1  1  1  0  1
343       1  0  0  1  1
344       1  1  1  1  1
345       1  1  1  1  1
346       1  0  1  0  1
347       0  0  1  1  0
348       0  1  0  0  1
349       0  0  1  1  0
350       1  0  1  0  1
351       0  1  0  0  1
352       1  0  0  0  1
353       0  1  0  0  1
354       1  0  1  0  0
355       1  1  1  0  1
356       0  0  1  0  1
357       1  1  0  0  1
358       0  0  1  1  1
359       1  0  0  1  1
360       0  1  0  1  1
361       0  0  0  1  1
362       1  0  1  1  0
363       1  1  0  1  0
364       0  1  1  1  1
365       1  1  0  0  0
366       1  1  1  1  1
367       1  0  0  1  1
368       0  1  0  0  1
369       1  0  0  0  1
370       1  0  0  1  1
371       1  1  0  0  1
372       0  0  0  1  1
373       0  1  0  1  1
374       1  1  0  0  1
375       0  1  0  0  1
376       1  0  1  0  1
377       0  0  1  0  1
378       0  0  1  1  1
379       0  1  0  0  1
380       0  0  1  1  1
381       1  1  1  1  1
382       1  1  1  0  0
383       1  1  1  0  1
384       1  1  0  0  0
385       1  1  1  1  0
386       1  0  1  0  1
387       1  0  1  1  1
388       1  1  1  0  1
389       0  1  1  1  0
390       1  0  0  1  0
391       1  0  0  1  1
392       0  1  1  1  0
393       0  1  0  1  1
394       0  0  0  1  1
395       0  1  0  1  1
396       1  0  0  1  1
397       1  1  0  1  0
398       1  0  0  1  0
399       0  0  1  1  1
400       0  1  1  0  1
401       1  0  1  1  0
402       1  0  1  1  1
403       0  0  0  1  1
404       0  1  1  0  1
405       0  0  1  1  1
406       0  1  0  1  0
407       1  0  0  1  1
408       1  0  0  0  1
409       1  0  0  1  0
410       1  0  1  1  1
411       1  1  0  1  1
412       0  1  0  0  1
413       1  0  0  1  0
414       0  1  0  1  1
415       1  1  0  1  0
416       0  1  0  1  0
417       0  1  1  0  0
418       0  1  1  0  0
419       0  1  0  1  1
420       0  1  1  1  0
421       1  0  1  0  0
422       1  1  1  1  1
423       1  0  1  1  1
424       0  0  0  1  1
425       0  1  1  0  1
426       1  1  1  1  1
427       0  0  1  1  1
428       0  0  1  1  0
429       0  0  1  1  0
430       0  1  1  1  0
431       1  1  0  1  1
432       0  1  0  1  0
433       1  1  1  1  0
434       1  1  0  1  1
435       1  1  0  1  0
436       0  0  1  1  1
437       1  1  0  0  1
438       0  0  1  0  1
439       1  0  1  0  0
440       0  0  1  1  0
441       0  1  0  1  1
442       1  0  0  1  1
443       1  1  0  0  1
444       0  0  0  1  1
445       1  0  0  1  0
446       0  0  1  1  1
447       1  1  1  0  1
448       1  0  1  1  0
449       1  0  0  0  1
450       1  1  0  0  1
451       1  0  0  1  1
452       1  0  1  1  1
453       1  1  0  1  0
454       0  1  1  1  0
455       0  1  1  1  1
456       1  0  1  1  0
457       0  1  0  1  0
458       1  1  0  0  0
459       0  1  1  0  1
460       1  0  1  1  0
461       0  1  1  0  0
462       0  0  1  1  1
463       0  1  0  1  1
464       0  1  1  0  1
465       1  0  0  0  1
466       0  1  1  0  0
467       1  0  0  1  1
468       1  1  0  0  1
469       1  1  0  0  1
470       0  1  1  0  1
471       1  1  1  0  0
472       1  1  0  0  1
473       0  1  1  0  1
474       1  0  1  0  0
475       1  0  1  0  1
476       1  1  1  1  0
477       1  1  1  1  1
478       1  1  1  0  0
479       0  1  1  1  1
480       0  1  0  1  0
481       1  0  0  1  0
482       0  1  1  1  0
483       0  0  1  0  1
484       0  1  0  0  1
485       0  0  0  1  1
486       0  1  0  1  0
487       1  1  0  1  1
488       1  1  0  0  1
489       0  1  0  1  0
490       0  0  0  1  1
491       0  1  0  1  0
492       0  1  0  1  0
493       0  1  1  1  0
494       1  1  1  1  0
495       1  1  1  1  0
496       0  0  1  1  1
497       1  0  1  1  1
498       1  1  0  1  1
499       1  0  0  1  0
500       0  1  1  1  0
501       0  1  0  1  1
502       0  1  1  0  1
503       1  1  1  0  1
504       0  0  0  1  1
505       0  0  1  1  0
506       0  1  1  1  0
507       0  1  0  0  1
508       1  0  0  0  1
509       0  1  0  1  1
510       0  1  1  1  1
511       1  1  0  0  1
512       1  0  0  1  0
513       0  1  1  1  0
514       1  0  1  0  1
515       0  1  1  0  1
516       1  1  1  0  0
517       1  1  0  1  1
518       1  1  0  0  0
519       1  0  1  1  0
520       1  0  1  1  1
521       1  1  1  1  0
522       0  1  0  1  1
523       0  0  1  1  0
524       0  0  1  1  1
525       1  1  0  0  1
526       1  0  0  0  1
527       1  0  1  1  0
528       1  1  1  0  1
529       1  1  0  1  1
530       1  1  1  1  0
531       0  0  0  1  1
532       1  0  0  1  1
533       0  0  1  1  1
534       1  0  0  0  1
535       1  0  0  0  1
536       0  1  0  1  1
537       1  0  1  1  0
538       0  1  1  0  0
539       0  0  1  0  1
540       0  0  1  1  0
541       1  0  0  0  1
542       1  0  0  0  1
543       0  1  0  1  0
544       1  1  0  1  0
545       0  1  1  1  1
546       1  0  0  0  1
547       1  1  1  0  0
548       0  1  1  0  0
549       1  1  0  0  0
550       1  1  1  0  1
551       0  0  1  0  1
552       0  1  1  1  0
553       1  1  0  0  0
554       0  1  1  0  0
555       1  1  1  1  1
556       0  1  1  0  1
557       0  0  1  1  1
558       1  0  1  1  1
559       0  1  1  1  0
560       1  1  0  1  0
561       0  0  1  0  1
562       0  1  1  0  1
563       1  0  0  1  1
564       0  1  0  1  1
565       0  1  0  1  1
566       0  1  1  1  1
567       1  0  1  0  1
568       1  0  1  0  1
569       1  0  1  0  1
570       0  0  0  1  1
571       1  1  1  0  0
572       0  0  1  0  1
573       0  1  1  0  1
574       0  1  0  1  1
575       1  1  1  1  1
576       1  1  1  0  0
577       0  1  0  0  1
578       1  0  1  1  1
579       0  1  1  1  0
580       1  1  0  1  0
581       1  1  1  0  1
582       0  0  1  1  0
583       1  1  1  1  1
584       0  1  1  1  0
585       1  1  1  0  1
586       1  1  0  0  1
587       1  1  0  0  0
588       0  1  0  1  1
589       0  0  1  0  1
590       1  0  1  1  1
591       1  0  0  1  0
592       0  0  0  1  1
593       0  1  0  0  1
594       1  1  0  1  1
595       1  0  0  1  1
596       0  0  1  1  1
597       0  1  1  0  1
598       1  0  1  1  1
599       1  1  0  1  0
600       1  1  0  1  1
601       1  1  0  1  1
602       1  1  1  0  0
603       1  1  0  1  1
604       1  1  0  1  1
605       0  1  0  1  0
606       0  1  1  1  0
607       1  0  1  1  0
608       0  0  0  1  1
609       0  1  1  0  0
610       1  0  0  1  0
611       0  1  1  1  0
612       1  1  1  1  1
613       0  0  1  0  1
614       0  1  1  0  0
615       1  0  1  1  0
616       1  1  1  0  0
617       0  1  0  1  1
618       0  0  1  1  1
619       1  1  1  1  0
620       1  1  0  0  1
621       1  1  0  1  1
622       1  1  1  1  0
623       0  1  1  1  1
624       1  0  0  0  1
625       0  0  1  0  1
626       0  1  1  1  0
627       1  1  1  0  1
628       1  1  1  0  1
629       1  1  1  0  1
630       0  1  1  0  0
631       1  1  0  0  0
632       1  0  1  1  0
633       0  0  1  0  1
634       1  0  1  1  0
635       0  1  0  0  1
636       1  0  1  0  1
637       0  1  0  0  1
638       0  1  0  0  1
639       0  0  1  1  0
640       1  0  1  1  0
641       0  0  1  1  0
642       1  1  1  0  0
643       0  1  0  0  1
644       1  1  1  0  0
645       0  1  0  0  1
646       1  0  1  0  1
647       1  0  1  0  1
648       0  0  0  1  1
649       1  1  1  1  1
650       0  0  1  1  0
651       0  0  0  1  1
652       1  0  1  1  1
653       0  0  0  1  1
654       0  1  1  0  0
655       0  0  0  1  1
656       1  0  1  1  0
657       0  0  1  1  1
658       0  1  0  0  1
659       0  1  1  1  0
660       1  0  0  0  1
661       1  0  0  0  1
662       0  1  0  0  1
663       0  1  1  1  0
664       0  1  1  1  1
665       0  0  1  1  1
666       0  1  1  1  1
667       1  0  0  1  1
668       1  0  1  1  0
669       1  0  1  0  1
670       1  0  0  0  1
671       0  0  1  0  1
672       0  1  1  1  0
673       0  1  1  1  0
674       1  1  1  0  0
675       1  1  1  0  1
676       1  1  0  1  1
677       0  1  0  0  1
678       1  0  1  0  1
679       0  1  1  1  0
680       1  1  0  0  1
681       0  1  1  0  0
682       1  1  1  1  1
683       1  1  0  1  0
684       1  0  1  0  1
685       1  1  1  0  1
686       0  1  0  1  0
687       1  0  1  0  0
688       1  1  1  1  1
689       1  1  0  1  1
690       1  1  0  1  1
691       0  0  0  1  1
692       1  0  0  1  1
693       0  1  1  0  0
694       1  1  1  0  0
695       1  1  1  0  1
696       0  0  1  1  1
697       1  0  0  1  1
698       1  0  0  1  1
699       0  0  1  1  1
700       1  0  0  1  1
701       1  0  1  1  1
702       0  0  0  1  1
703       0  1  1  0  0
704       1  1  0  0  1
705       0  0  1  1  0
706       0  0  1  1  0
707       0  1  1  1  1
708       1  1  1  0  1
709       0  1  1  0  0
710       0  1  0  0  1
711       1  0  0  0  1
712       1  1  0  1  1
713       1  0  1  1  1
714       0  1  1  0  0
715       1  1  1  0  1
716       1  1  1  0  1
717       1  0  1  0  0
718       1  0  1  1  0
719       1  0  0  1  1
720       1  1  0  1  1
721       1  1  1  0  1
722       0  1  1  0  1
723       0  0  1  1  0
724       1  0  0  1  1
725       0  0  0  1  1
726       1  0  1  0  1
727       1  0  1  1  1
728       0  0  1  1  0
729       1  1  1  0  1
730       1  1  1  0  1
731       1  1  0  1  0
732       0  1  1  1  0
733       0  1  1  1  0
734       1  1  0  1  1
735       1  0  1  0  1
736       1  1  1  1  0
737       0  0  1  1  0
738       1  0  1  1  1
739       0  1  0  0  1
740       1  1  0  1  0
741       1  0  1  1  0
742       0  0  1  0  1
743       1  1  1  0  1
744       0  1  1  1  0
745       0  1  1  1  0
746       1  1  0  1  1
747       0  1  0  0  1
748       1  1  0  0  1
749       1  1  1  0  1
750       1  1  0  0  1
751       1  1  0  0  0
752       1  1  0  0  0
753       1  1  1  0  0
754       0  0  1  1  1
755       1  0  0  1  1
756       1  0  0  1  0
757       0  0  1  1  1
758       1  1  1  1  1
759       0  0  1  1  1
760       1  1  1  0  0
761       1  0  1  1  1
762       0  0  0  1  1
763       1  1  1  1  0
764       0  1  1  0  1
765       1  0  0  1  1
766       1  1  0  0  0
767       1  1  1  0  1
768       0  1  1  0  1
769       0  1  0  0  1
770       1  0  1  0  0
771       0  0  1  1  1
772       0  1  1  0  0
773       0  0  1  1  1
774       0  1  1  0  0
775       1  0  1  1  0
776       0  1  0  0  1
777       1  1  1  0  0
778       1  1  1  0  0
779       0  1  1  0  1
780       0  1  0  0  1
781       1  0  1  0  1
782       1  1  1  0  0
783       1  0  1  0  0
784       1  1  0  0  1
785       1  0  1  1  1
786       1  1  1  1  0
787       1  1  1  0  1
788       0  1  1  1  0
789       0  0  1  0  1
790       1  0  1  0  0
791       1  1  0  1  0
792       0  1  0  1  0
793       1  1  1  0  0
794       1  1  1  1  1
795       1  0  1  0  0
796       0  1  1  0  0
797       1  0  1  0  1
798       0  1  0  1  1
799       1  0  1  0  0


0             50        50
1         20.348    58.319
2          46.07    65.734
3         67.651    62.601
4         68.047     64.17
5         44.598    67.934
6         54.505    51.506
7         40.658    48.853
8         70.712    32.016
9          35.14    67.651
10         64.795    36.508
11         43.722    14.598
12         46.848    79.028
13         77.264    64.458
14         54.599    23.023
15         19.591    78.072
16         16.726    22.399
17          87.73    72.638
18         75.802     83.83
19          58.79    83.681
20          53.17    36.226
21         45.803    50.033
22         31.628     63.63
23          47.41     76.57
24         72.275    86.303
25         83.608    18.019
26         72.638    44.945
27         73.479    28.618
28         34.009    78.072
29         47.994    78.069
30          17.91    61.572
31         27.656    59.429
32         43.024    12.327
33         71.102    15.636
34         11.801    49.513
35         67.855     33.73
36         78.589    28.189
37         23.381    26.554
38         57.465    82.706
39         73.067    54.288
40         27.816    39.125
41         77.089    40.179
42         53.953    45.767
43         47.806      88.7
44         30.766     43.75
45         43.089    54.811
46         84.929    74.376
47         70.581    26.966
48          81.42    54.004
49         68.038    33.731
50         10.314    43.091
51         61.907    34.079
52          51.65    40.761
53         62.427    14.441
54         61.657    16.667
55         72.052    23.126
56          14.71    50.563
57          13.61    26.158
58         42.474    51.192
59         39.374    37.023
60          56.11    22.631
61         48.474     79.68
62         82.129    70.452
63         58.535     42.81
64         17.653    43.842
65         85.962    71.578
66         59.715    79.116
67         40.237    77.282
68         24.794    17.165
69         73.406    64.443
70         47.701    58.642
71         37.993    20.715
72         77.594    38.949
73          46.17    65.858
74         30.182    22.564
75         85.625    17.131
76          71.58    81.728
77         48.616    70.609
78         21.212    43.402
79         67.576     23.23
80         57.873    34.414


1    19.405    57.924
2    20.643    60.555
3    24.443    61.377
4     20.04    59.189
5    11.454    61.609
6     21.79     62.29
7    19.399    59.442
8    10.776    59.621
9    14.607    57.683
10    20.598    49.139
11    51.419    68.791
12    45.384    63.877
13    44.179     64.66
14    45.164    67.288
15    41.246    58.768
16    51.883    68.476
17    47.146    67.568
18    40.134    64.116
19    50.615    74.604
20    47.095     59.47
21    71.983    59.114
22    67.469    60.176
23    59.915    58.797
24    63.442    62.271
25    73.628    61.783
26     70.77    70.936
27    59.572    59.735
28    61.872    55.858
29     68.62    64.119
30    68.891    65.473
31    66.679    56.255
32    64.244    67.305
33    67.926    64.142
34    69.419    72.599
35    69.052    56.389
36    65.496    70.163
37    75.196    65.521
38    62.626    63.984
39    68.894    63.592
40    72.859    61.367
41    48.217    63.361
42    46.891    65.555
43    51.493    74.391
44    45.884    69.919
45    43.579    68.494
46    42.804    68.027
47     44.89    66.913
48     49.14    66.456
49    42.313    61.456
50    40.516    69.353
51    54.604    54.176
52    54.338    52.065
53    60.407    46.341
54    54.501    51.246
55      54.5    51.495
56    60.321    43.482
57    56.836    56.359
58    54.065    52.473
59    46.454    48.033
60    60.078      47.3
61     36.01    52.018
62    41.882     47.99
63    45.035    46.733
64    47.402     45.12
65    36.634    46.683
66    42.703    53.472
67    41.517    49.921
68    42.391    49.515
69    39.845    41.921
70    35.841    44.855
71    70.257    41.789
72    64.945    28.789
73    70.741    31.906
74    71.014    34.073
75    74.602    33.852
76    66.009    30.852
77    76.945    36.346
78    70.986    31.937
79    69.152    22.732
80    65.279    30.566
81    29.059     61.44
82    36.268     69.08
83    29.744    60.148
84    35.412    68.337
85    34.869    67.428
86    38.067    66.623
87    39.538    63.236
88    34.511    61.168
89    34.217    69.055
90    37.845      72.3
91    61.075    43.999
92     64.37    33.291
93    66.027    33.803
94    67.097    26.792
95    64.013    27.329
96    63.501      36.1
97    63.728    38.797
98    63.639     41.14
99    72.205    40.116
100    61.496    30.012
101    43.793    14.518
102    50.047    14.817
103    44.607     6.003
104    48.131     8.421
105    45.912    15.266
106    45.693    17.877
107    45.954     14.83
108    46.068    12.122
109    44.299    16.014
110    46.011     8.577
111    41.649     86.67
112    52.398    73.478
113    55.951    79.213
114    46.717    80.829
115    41.466    81.269
116    41.977    81.184
117    46.391    75.503
118    45.922    80.431
119     46.23    74.318
120    39.115    79.705
121    78.095    70.858
122    73.481    65.044
123    73.551    62.758
124    76.529     66.95
125    81.059    61.768
126    73.053    70.525
127    72.675    59.581
128    70.165    61.442
129    87.077    64.602
130    68.374    64.599
131    59.389    18.699
132    49.114    21.176
133    52.435    21.509
134    56.852    19.283
135     50.73    19.051
136    57.938    23.103
137    46.744    22.552
138    54.552    23.175
139    60.902    19.855
140    51.965    23.377
141    24.229    83.152
142    27.811    79.876
143    18.976    76.435
144    14.819    78.899
145    17.996    76.528
146    15.285    72.415
147     17.78    78.401
148    25.319    83.798
149    19.716    78.438
150    12.355    83.979
151    19.888     18.43
152    12.966    24.527
153    18.372    21.517
154    14.418    21.171
155     11.87    20.297
156    18.594     20.35
157    15.208     32.23
158    14.009    13.601
159    16.911    23.652
160    15.385    13.145
161    93.715    68.001
162    91.218    75.242
163    89.234    71.511
164    90.707    74.506
165    88.521    72.786
166    84.926    72.879
167    83.346    81.055
168    82.366    72.487
169      93.7    73.733
170    87.692    70.045
171    69.694    84.055
172     76.63    83.716
173    74.597     92.84
174    70.987    88.433
175    79.965    81.881
176     68.69    76.987
177    76.004    83.733
178    75.554    84.066
179    76.296    84.216
180    72.036    75.096
181    50.637    78.942
182    58.336     84.28
183    57.068    74.582
184    60.181    78.504
185    59.671     82.29
186    54.634    82.542
187    59.447    83.784
188     58.86    86.475
189    63.577    83.785
190    61.737    82.829
191    60.801     39.55
192     59.02    40.976
193    51.157    35.958
194     51.72    39.337
195    49.024    30.882
196    52.364    36.226
197    45.341    37.791
198    56.899    28.737
199    53.048    35.882
200    59.302     33.54
201    51.909    43.701
202    48.512    49.632
203    49.464    52.864
204    45.955    51.504
205    46.878    50.205
206      43.1    54.083
207     46.69    48.292
208    45.268    50.284
209    45.634    49.527
210    48.053    51.832
211     37.63    70.707
212    31.689    63.833
213     27.57    61.865
214     28.19    64.545
215    24.564    61.711
216    31.357    63.121
217    31.171    63.423
218     30.29    63.779
219    31.014    63.989
220    33.448    62.873
221    53.968    72.646
222    46.611    81.072
223    40.093    75.951
224    49.814    75.942
225    39.997    78.778
226    49.037    80.837
227    53.462    76.096
228    47.435    70.504
229    52.228    77.022
230    46.961    76.199
231     77.47    79.599
232     71.37    85.779
233    71.337    88.026
234    74.153    84.855
235    80.348    82.267
236      67.3    84.756
237    72.713    90.656
238    74.524    93.636
239    67.807    81.014
240    70.005    83.332
241    83.994    18.644
242    85.168    20.171
243    80.434    19.107
244    79.979     23.03
245     88.69    16.662
246    78.481      9.85
247    79.701    12.295
248    78.101     12.74
249    88.833    14.977
250     83.74     17.73
251    72.233     42.92
252    71.047    35.752
253    64.179    44.069
254    73.194    52.603
255     66.68    41.501
256    76.462    35.965
257    74.788    46.836
258     79.24    47.633
259    82.485     45.85
260    62.917    42.798
261    77.666    34.292
262    72.291    29.691
263    67.711     23.53
264    72.082    33.597
265    68.054    33.386
266    73.531     28.89
267    69.699    29.608
268    73.097    26.544
269    77.857    25.753
270    73.966    30.423
271    35.872    76.086
272    43.722    76.745
273    29.656    80.051
274    42.062    77.064
275    35.519    85.006
276    37.274    81.914
277    34.264    78.355
278    34.602    75.713
279    30.999    73.664
280    27.046    74.927
281    51.178    76.197
282    52.802    71.574
283    48.437    77.148
284    42.999    70.905
285    44.884    80.509
286      47.3    79.282
287    52.743    86.449
288    48.253    77.546
289    43.115    75.329
290    49.971    78.548
291    16.103    65.588
292    27.256    61.388
293    16.045    56.467
294     9.845    61.898
295    26.542    60.649
296    24.061    59.643
297    24.905    67.456
298     9.281    59.272
299    22.742    67.988
300    18.258    61.503
301    29.587    58.341
302    21.772    60.931
303    25.091     61.76
304    27.372    62.031
305    31.854    65.144
306    29.106     54.49
307    29.332    50.606
308    29.344    51.052
309    32.786    60.118
310    23.063    63.434
311    35.258    12.647
312    42.899     5.856
313    36.666     4.961
314    48.883     7.205
315    51.197    17.646
316    40.842      7.68
317    45.127    14.736
318    34.921    13.032
319    36.233      7.95
320    37.904     18.72
321    79.583    12.572
322     72.84    15.093
323    65.387    17.194
324    64.621    19.369
325    78.588    11.021
326     68.47    14.738
327    66.044    15.259
328    76.348      8.55
329    62.169    15.549
330    78.408     9.928
331    20.917    52.406
332     3.446    48.018
333     10.66    49.187
334    12.738    44.663
335    17.721     51.09
336    10.462     45.48
337    12.444    58.631
338    11.845    49.656
339    11.754    48.843
340    14.103    48.548
341    73.007    37.978
342    76.317    31.785
343    68.663    33.704
344    65.422    29.552
345    75.258    38.638
346    66.911    34.622
347    71.005    29.271
348    70.129    36.971
349    65.088     36.19
350    75.916    39.253
351    77.798    27.405
352    85.282    30.858
353    78.553    28.464
354     82.33    19.919
355    74.228    20.972
356    77.432    29.371
357    83.938    20.933
358    84.743    27.047
359    81.785    30.019
360    85.631    31.131
361    24.405    27.189
362    23.441     24.41
363    22.487    25.994
364    20.912    26.451
365    26.272    18.938
366    27.471    18.591
367    14.783    27.742
368    15.965     32.22
369    18.702    27.509
370    25.852    26.558
371    64.606    79.346
372    57.173    91.436
373    66.884    85.748
374    56.095    80.368
375    59.654    75.159
376    57.585    82.483
377    62.913    85.538
378    62.213     75.31
379    53.338    82.355
380     61.74    80.625
381    65.444    59.049
382    73.704    44.576
383    73.582    54.418
384    71.708    54.549
385    70.503    57.169
386    76.474     55.52
387    77.632    51.779
388    73.215    54.452
389    75.873    59.446
390     73.13    53.582
391    24.951    46.741
392    26.696    36.133
393    27.732    39.132
394    28.834    36.251
395    26.267    43.354
396    27.752    35.092
397    24.158    40.378
398    31.012    38.853
399    27.915    33.505
400    26.871    34.499
401    78.903    40.242
402    80.297    35.344
403    73.513    38.076
404     77.44    40.238
405    77.615     49.22
406    76.517    45.246
407     70.63    33.545
408    70.789    37.964
409    78.796     35.53
410    77.599      38.3
411    54.205    46.541
412    53.731    48.989
413    50.979    50.707
414    55.472    55.192
415    53.223    45.099
416     63.47    45.462
417    57.907     41.03
418    58.615    42.125
419    48.519    41.409
420    51.933    47.575
421    49.334    89.603
422    57.293    86.329
423    42.938    90.078
424    45.256    86.569
425    46.209    91.107
426    54.224    88.582
427    43.778    90.545
428    40.327    91.205
429    41.249    91.068
430    48.435    96.209
431    39.246    39.936
432    40.165    42.683
433    30.458    41.271
434    32.396    39.973
435    29.391    45.246
436    31.122    34.388
437    29.727    45.166
438    34.658     47.37
439    26.644    47.482
440    40.113    42.861
441     40.38    59.356
442    46.539    54.258
443    36.038      61.1
444    35.704    58.738
445    40.025    52.981
446    42.881    56.417
447    44.935    55.261
448    43.838    57.483
449    42.144    59.827
450    46.063    57.351
451    85.679    73.246
452    78.486    71.025
453    77.721    74.037
454    81.444    68.292
455    79.349    69.267
456    78.642    80.559
457    92.545    80.391
458    79.029    73.075
459    82.908    68.195
460    88.239    80.538
461    69.882    18.234
462    66.464    29.693
463    71.231    27.161
464    69.046    21.166
465    74.054    20.665
466    72.429    24.677
467     70.01    26.546
468    61.352    30.134
469    68.769      25.7
470    72.491    32.948
471    83.774    55.792
472    82.571    48.208
473    75.494    48.149
474    74.435    57.964
475    73.753    59.644
476    80.255    56.381
477    81.349    58.662
478    78.172    48.501
479    83.906    46.497
480    81.134    54.518
481    70.634    33.127
482    68.381    32.288
483    61.617    33.294
484    68.458    27.523
485    73.939    38.068
486      68.2    33.499
487    66.591    33.734
488    63.706    42.249
489    68.626    30.283
490    67.189    32.936
491    10.695    44.633
492     6.065    40.191
493     8.427    40.156
494    10.104    43.838
495     5.516    48.869
496    14.831    40.874
497    12.046    41.909
498     9.643    37.269
499    11.688    40.438
500    19.004    41.229
501    61.936    34.049
502    64.457    35.865
503    62.679    34.777
504    52.972    36.003
505    56.249     33.52
506    69.433    35.068
507    61.778    34.845
508    64.055    30.123
509     57.33    33.367
510    68.181    37.906
511    52.673    41.012
512     47.79    48.545
513    49.531    44.012
514    51.353    35.738
515    59.264    38.885
516    55.956     43.01
517    51.572    40.789
518    45.463    35.896
519    47.715    46.186
520    56.969    45.605
521    70.494    19.032
522    64.276    17.105
523    61.104    12.399
524    63.694    12.926
525    62.167    14.187
526     62.99    16.792
527    63.617    11.488
528    67.906    10.117
529    64.125      17.6
530    61.096     14.63
531    62.453     9.909
532    55.268    14.493
533    58.588     19.21
534    59.411    15.176
535     66.44     23.13
536    63.919    16.861
537    60.645    13.045
538     66.05    12.966
539    64.651    13.359
540    59.289    11.772
541    71.663     24.19
542    70.801    23.102
543    67.152    24.883
544    74.507    22.748
545    73.322      23.2
546    64.032    21.524
547    72.205    23.267
548    72.533    13.993
549    70.678    25.977
550    73.706    19.621
551    12.271    44.137
552    13.709    50.176
553    15.758    42.355
554    13.668    53.621
555    14.866    51.613
556    16.569    59.134
557    16.808    51.536
558    19.303    51.767
559    15.489    51.827
560    21.438    55.262
561    17.212    18.894
562    14.481    17.009
563    12.813    24.305
564    13.173     24.36
565    13.783    32.114
566    14.258     26.46
567    19.825    27.879
568    13.718     26.07
569    19.553    19.128
570    14.105    22.876
571    40.367    59.271
572    36.041    50.759
573     41.75    52.924
574    50.829    51.401
575    42.597    51.336
576    43.775    48.969
577    40.795    48.016
578    34.181    49.581
579    35.127     49.23
580    39.757    51.442
581    36.482    28.996
582    39.765    39.026
583    46.592    36.867
584    40.807    38.265
585    41.923    36.046
586    45.076    34.619
587    35.702    31.337
588    38.765    36.474
589    36.455    36.151
590    39.828    27.568
591    52.601    15.246
592    50.444    24.682
593    48.327    26.773
594    51.431    17.562
595    63.942    21.656
596    54.596    23.474
597    53.917    21.341
598    51.941    16.259
599    49.422    24.325
600    57.762    13.433
601     41.16    79.729
602    49.686    81.888
603     46.32    80.107
604    53.241    78.173
605    46.398    71.719
606    38.871    79.922
607    40.867    83.297
608    47.381    78.348
609    50.709     80.94
610    46.416    79.669
611    79.125    72.188
612    76.356    65.767
613     84.28    65.928
614    85.606    61.924
615    83.343    66.655
616    78.426    76.639
617    84.077    73.994
618    80.449    64.638
619    90.097    75.494
620    86.036    70.132
621    58.634    42.715
622    66.526    44.086
623    58.754    41.166
624    66.115    39.948
625    57.864     44.45
626    57.573    49.864
627    65.913    37.565
628     54.46    36.277
629    59.134    45.906
630    60.708    51.376
631    23.223    44.811
632    18.172    37.299
633    13.721    38.051
634    14.587    44.627
635    14.859     39.46
636    20.435    45.739
637    13.356    44.246
638    12.147    38.766
639    18.697    35.233
640    16.614    46.157
641    91.996    77.492
642    89.917    70.251
643    91.996    66.324
644    83.314    67.298
645    80.706    74.975
646    82.515    64.409
647    88.332    75.626
648    95.111    70.295
649    82.899    70.719
650     90.85    67.823
651    56.226    80.476
652     51.15    78.672
653    61.143    84.012
654    63.142    73.799
655    59.449    79.106
656    57.397     75.81
657    52.838    83.692
658    60.716    75.458
659    59.332     77.38
660    49.872    80.543
661    46.503    79.668
662    36.847    70.135
663    39.366    77.625
664    37.626    78.302
665    44.751    77.543
666    44.445    84.069
667    42.773    76.897
668    39.149    79.383
669    38.505    75.923
670    44.916     85.63
671    18.661    17.628
672    19.508    15.557
673    19.177    14.361
674     31.91    17.352
675    16.187    12.731
676    25.052    18.022
677    24.928    16.451
678    26.604    24.287
679    32.152    14.098
680    26.082    12.193
681    76.067    66.821
682    69.465    66.318
683    74.421     64.53
684    70.081    69.448
685     73.88    55.239
686    79.143    67.357
687    72.891    60.998
688    81.238    69.674
689     68.22    66.489
690    68.924    59.194
691    45.111    59.076
692    45.312    59.108
693    43.067    59.761
694    45.881    50.566
695    47.176    58.719
696    54.104    59.012
697    47.375    60.838
698    47.646    58.741
699    47.357    58.206
700    44.769    49.976
701    35.594    17.769
702    44.349     14.85
703    39.315    20.785
704    28.935    21.851
705    35.233    20.923
706    39.681     18.85
707    30.874    18.738
708    37.038    16.208
709    34.852    25.917
710    31.869    18.785
711    83.453    46.738
712    77.788    38.544
713    78.154    33.493
714     75.36    30.827
715     74.92    41.723
716    74.165    40.071
717    78.927    39.981
718     76.84     41.39
719    81.338    37.613
720     77.52    38.307
721    42.343    67.511
722    48.794    68.655
723    41.101    72.431
724    50.998     69.73
725    45.522    66.437
726    46.074    70.293
727    48.844    67.122
728    49.826    58.465
729     43.53     63.66
730    45.883    69.049
731    32.952    23.596
732     33.41    23.381
733    32.078    20.078
734    33.759    24.255
735    27.141    24.077
736    33.478    21.133
737     32.22    26.488
738    24.616    16.603
739    39.041    18.898
740    30.159    22.558
741    90.375    12.103
742    85.668    17.173
743     83.19    15.427
744    85.632    17.237
745    85.382    12.951
746    86.356    16.525
747    85.051    20.393
748    87.283      23.5
749    90.039    25.512
750    85.339    17.411
751      74.3    81.156
752    69.761    85.956
753    64.011    80.814
754    74.502    84.455
755    72.743    84.077
756    76.688    77.928
757    69.881    85.621
758    72.851    78.163
759    72.147    72.116
760    63.659    86.565
761    52.942    73.743
762    53.671    66.591
763      55.3    67.306
764    56.672    68.289
765    52.283    68.788
766     39.43    73.209
767    49.266    75.614
768    45.657    75.348
769    45.933    68.445
770    54.201    75.007
771    20.229    43.859
772    23.219    49.459
773     21.08    47.248
774    25.598    37.088
775    14.024    41.753
776    29.613    39.789
777    14.193     48.24
778    12.956    43.849
779    26.951    39.876
780    15.528      51.3
781    66.496     22.83
782    63.901    17.133
783    71.111    27.801
784    67.069      23.4
785    63.272    20.455
786    68.163     22.41
787     62.13    15.857
788    67.601    24.499
789    67.686    23.345
790    74.673    22.344
791    63.179    36.297
792    57.594    32.895
793     62.65    42.569
794      53.9    41.407
795    59.082    36.342
796    62.576    43.121
797    54.838    31.877
798    56.788    33.369
799    55.558    33.782
800    52.692    36.217
