81 Stops, 400 Students, 20 Max_Walking, 25 Capacity, 5 Days 

0       1  1  1  1  1
1       1  1  1  1  1
2       1  1  1  1  1
3       1  1  0  0  1
4       1  1  1  1  1
5       1  1  1  1  1
6       1  1  1  1  1
7       0  1  0  1  1
8       0  1  0  1  0
9       0  0  0  1  1
10       0  0  1  1  1
11       1  1  1  1  1
12       1  1  1  1  1
13       1  1  1  1  1
14       1  1  1  1  1
15       1  1  1  1  1
16       1  1  1  1  1
17       1  1  1  1  1
18       1  1  1  1  1
19       1  1  1  1  1
20       1  1  1  1  1
21       1  1  1  1  1
22       1  1  1  1  1
23       1  0  0  0  1
24       1  0  0  0  1
25       1  1  1  1  1
26       1  1  1  1  1
27       1  1  1  1  1
28       1  1  1  1  1
29       1  1  1  1  1
30       1  1  1  1  1
31       1  1  1  1  1
32       1  1  1  1  1
33       1  1  1  1  1
34       1  1  1  1  1
35       1  1  1  1  1
36       0  0  1  1  0
37       1  1  1  1  1
38       1  1  1  0  0
39       1  1  1  1  0
40       1  1  1  1  1
41       1  1  1  1  1
42       1  1  1  1  1
43       1  1  1  1  1
44       0  1  0  1  0
45       0  1  0  1  1
46       1  1  1  1  1
47       0  1  1  1  0
48       1  0  0  1  1
49       1  1  1  1  1
50       1  1  1  1  1
51       1  1  1  1  1
52       1  1  1  1  1
53       1  1  1  1  1
54       1  1  1  1  1
55       1  1  1  1  1
56       1  1  1  1  1
57       1  1  1  1  1
58       1  0  0  1  0
59       1  1  1  1  1
60       1  1  1  1  1
61       1  1  1  1  1
62       1  1  0  0  0
63       1  1  1  1  1
64       1  1  1  1  1
65       0  1  0  1  1
66       1  1  1  1  1
67       1  1  1  1  1
68       0  1  1  0  0
69       1  1  1  1  1
70       1  1  1  1  1
71       1  1  1  1  1
72       1  1  1  1  1
73       1  1  1  1  1
74       1  1  1  1  1
75       0  1  0  1  1
76       1  1  1  1  1
77       1  1  1  1  1
78       1  1  1  1  1
79       0  1  0  1  1
80       1  1  1  1  1
81       0  1  0  1  1
82       1  1  1  1  1
83       1  1  1  1  1
84       1  0  1  0  0
85       1  1  1  1  1
86       1  0  1  1  0
87       1  0  0  0  1
88       1  1  1  1  1
89       1  1  1  1  1
90       1  1  1  1  1
91       1  1  1  1  1
92       1  1  1  1  1
93       1  1  1  1  1
94       1  1  1  1  1
95       1  1  1  1  1
96       1  1  1  1  1
97       1  1  0  0  1
98       1  0  1  1  1
99       1  1  1  1  1
100       1  1  1  1  1
101       1  1  1  1  1
102       1  1  1  1  1
103       1  1  1  1  1
104       1  1  1  1  1
105       1  1  0  1  0
106       1  1  1  1  1
107       1  1  1  1  1
108       1  1  1  1  1
109       1  1  1  1  1
110       1  1  1  1  1
111       1  1  1  1  1
112       1  1  1  1  1
113       0  0  1  0  1
114       0  0  1  1  0
115       1  1  1  1  1
116       1  1  1  1  1
117       1  1  1  1  1
118       1  1  1  1  1
119       1  1  1  1  1
120       1  1  1  1  1
121       1  1  1  1  1
122       1  1  1  1  1
123       1  1  1  1  1
124       1  1  1  1  1
125       1  1  1  1  1
126       0  1  1  1  0
127       1  1  1  1  1
128       1  1  1  1  1
129       1  1  1  1  1
130       0  1  0  1  0
131       1  1  1  1  1
132       1  1  1  1  1
133       1  0  0  1  1
134       1  1  1  1  1
135       1  1  1  1  1
136       1  1  1  1  1
137       1  1  1  1  1
138       1  1  1  0  1
139       1  1  1  1  1
140       1  1  1  1  1
141       0  1  1  0  1
142       0  0  0  1  1
143       1  1  1  1  1
144       1  1  1  1  1
145       1  1  1  1  1
146       1  1  1  1  1
147       1  1  1  1  1
148       1  1  1  1  1
149       1  1  1  1  1
150       1  1  1  1  1
151       1  1  1  1  1
152       1  1  1  1  1
153       1  1  1  1  1
154       1  1  1  1  1
155       1  1  1  1  1
156       1  1  1  1  1
157       1  1  1  1  1
158       1  1  1  1  1
159       1  1  1  1  1
160       1  1  1  1  1
161       1  1  1  1  1
162       1  1  1  1  1
163       1  1  1  1  1
164       1  1  1  1  1
165       1  1  1  1  1
166       1  0  1  0  0
167       1  1  1  1  1
168       1  1  1  1  1
169       1  1  1  1  1
170       1  1  1  1  1
171       1  1  1  1  1
172       1  1  1  1  1
173       1  1  0  1  1
174       1  1  1  1  1
175       0  1  0  1  1
176       1  1  1  1  1
177       1  1  0  1  1
178       1  1  1  1  1
179       1  1  1  1  1
180       1  1  1  1  1
181       1  0  1  0  1
182       1  1  1  1  1
183       1  1  1  1  1
184       1  1  1  1  1
185       1  1  1  1  1
186       1  1  1  1  1
187       1  1  1  1  1
188       1  1  1  1  1
189       1  1  1  1  1
190       0  0  1  0  1
191       1  1  1  1  1
192       1  1  1  1  1
193       1  1  1  1  1
194       1  1  1  1  1
195       1  1  1  1  1
196       1  1  1  1  1
197       1  1  0  0  1
198       1  1  1  1  1
199       1  1  1  1  1
200       1  1  1  1  1
201       1  0  0  0  1
202       1  1  1  1  1
203       1  1  1  1  1
204       1  1  1  1  1
205       1  1  1  1  1
206       1  1  1  1  1
207       1  1  1  1  1
208       1  1  1  1  1
209       1  1  1  1  1
210       1  1  1  1  1
211       1  1  1  1  1
212       1  1  1  1  1
213       0  0  0  1  1
214       1  1  1  1  1
215       1  1  1  1  1
216       1  1  1  1  1
217       0  0  0  1  1
218       1  1  1  1  1
219       1  1  1  1  1
220       1  1  1  1  1
221       1  1  1  1  1
222       1  1  1  1  1
223       1  0  1  0  1
224       1  1  1  1  1
225       1  1  1  1  1
226       1  1  1  1  1
227       1  1  1  1  1
228       1  1  1  1  1
229       1  1  1  1  1
230       1  0  0  1  0
231       0  1  0  0  1
232       0  0  1  1  1
233       1  1  1  1  1
234       1  1  1  1  1
235       1  1  1  1  1
236       1  1  1  1  1
237       1  1  1  1  1
238       1  1  1  1  1
239       1  1  1  1  1
240       1  1  1  1  1
241       1  1  1  1  1
242       1  0  0  1  1
243       1  1  1  1  1
244       1  1  1  1  1
245       1  0  1  0  0
246       1  1  1  1  1
247       1  1  1  1  1
248       0  1  1  0  0
249       1  1  1  1  1
250       1  1  1  1  1
251       1  1  1  1  1
252       1  1  1  1  1
253       1  0  1  0  0
254       1  1  1  1  1
255       1  1  1  1  1
256       1  1  1  1  1
257       0  0  0  1  1
258       1  1  1  1  1
259       1  1  1  1  1
260       1  1  1  1  1
261       1  1  1  1  1
262       0  1  1  0  0
263       1  1  1  1  1
264       1  1  1  1  1
265       1  1  1  1  1
266       1  1  1  1  1
267       1  0  0  0  1
268       1  1  1  1  1
269       1  1  1  1  1
270       1  1  1  1  1
271       1  1  1  1  1
272       1  1  1  1  1
273       1  1  1  1  1
274       1  1  1  1  1
275       1  1  1  1  1
276       1  1  1  1  1
277       1  0  0  1  0
278       1  1  1  1  1
279       1  1  1  1  1
280       1  1  1  1  1
281       1  1  1  1  1
282       1  1  1  1  1
283       1  1  1  1  1
284       1  1  1  1  1
285       1  1  1  1  1
286       0  1  1  1  0
287       1  1  1  1  1
288       1  1  1  1  1
289       1  1  1  1  1
290       0  1  1  0  0
291       1  1  1  1  1
292       1  1  1  1  1
293       1  1  1  1  1
294       1  1  1  1  1
295       1  1  1  1  1
296       0  1  1  0  0
297       1  1  1  1  1
298       1  1  1  1  1
299       1  1  1  1  1
300       1  1  1  1  1
301       1  1  1  1  1
302       1  0  0  1  0
303       1  1  1  1  1
304       1  1  1  1  1
305       1  1  1  1  1
306       1  1  1  1  1
307       1  1  1  1  1
308       1  1  1  1  1
309       1  1  1  1  1
310       1  1  1  1  1
311       1  1  1  1  1
312       1  1  0  0  1
313       1  1  1  1  1
314       1  1  1  1  1
315       1  0  0  1  0
316       1  1  1  1  1
317       1  1  1  1  1
318       1  1  1  1  1
319       1  1  1  1  1
320       1  0  0  1  1
321       1  1  1  1  1
322       1  1  1  1  1
323       1  1  1  1  1
324       0  0  0  1  1
325       1  1  0  1  1
326       1  0  0  0  1
327       1  1  1  1  1
328       1  1  1  1  1
329       1  1  1  1  1
330       1  1  1  1  1
331       1  1  0  1  0
332       1  0  0  0  1
333       1  1  1  1  1
334       0  0  1  0  1
335       1  1  1  1  1
336       0  0  1  1  0
337       1  1  1  1  1
338       1  1  1  1  1
339       1  1  1  1  1
340       1  0  0  0  1
341       0  0  1  1  1
342       1  1  1  1  1
343       1  1  1  0  1
344       1  1  1  1  1
345       1  1  1  1  1
346       0  1  1  1  1
347       1  1  1  1  1
348       1  1  1  1  1
349       1  1  1  1  1
350       1  1  1  1  1
351       1  1  1  1  1
352       0  1  1  1  0
353       1  1  1  1  1
354       1  1  1  0  1
355       1  1  1  1  1
356       1  1  1  1  1
357       0  0  0  1  1
358       1  1  1  0  0
359       0  1  0  1  1
360       1  1  1  1  1
361       1  1  1  1  1
362       1  1  0  0  0
363       1  1  1  1  1
364       1  1  0  1  1
365       1  1  1  1  1
366       0  1  1  0  1
367       1  1  1  1  1
368       1  1  1  1  1
369       1  0  0  1  1
370       0  0  1  0  1
371       0  1  1  0  1
372       1  1  1  1  1
373       1  1  1  1  1
374       1  1  1  1  1
375       1  1  1  1  1
376       0  1  1  0  1
377       1  1  0  1  1
378       0  1  1  0  1
379       1  1  1  1  1
380       1  1  1  1  1
381       1  0  1  1  1
382       1  1  1  1  1
383       1  1  1  1  1
384       1  1  1  1  1
385       0  0  1  1  1
386       1  1  0  0  1
387       1  1  1  1  1
388       1  1  1  1  1
389       1  1  1  1  1
390       1  1  1  1  1
391       1  1  1  1  1
392       1  1  1  1  1
393       1  1  1  1  1
394       1  1  1  1  1
395       0  0  1  1  1
396       1  0  0  1  0
397       1  0  1  0  1
398       1  0  0  0  1
399       1  1  1  1  1


0             50        50
1         45.459    31.829
2         72.509    31.532
3         69.259    32.967
4         56.829    60.859
5         31.459    52.186
6             41     69.81
7         27.926    76.089
8         70.788    52.279
9         42.305    20.811
10         49.127    33.342
11         62.958    63.814
12         57.114    78.528
13         53.906    25.102
14         54.521    31.329
15         37.164    59.019
16         51.965    39.187
17         35.288    31.637
18         67.839    57.189
19         32.544     47.78
20         31.388    32.824
21         20.899    39.623
22         33.724    26.337
23         55.237    64.463
24         77.903    66.323
25         30.113    72.357
26          50.85    25.511
27         26.084    42.554
28         67.954    38.743
29         44.689    57.516
30         75.719    27.566
31         55.621    77.652
32         27.821    65.716
33         62.432    25.958
34         30.146    54.839
35         35.839    58.689
36         24.691    68.319
37         44.994    28.374
38         79.138    67.657
39         26.774    51.394
40         60.905     47.15
41          47.06    46.407
42         20.137    79.513
43         66.796     32.68
44         52.565    29.956
45         73.305    68.588
46         79.529     38.17
47         38.744    29.385
48         66.116    69.926
49         53.377    52.921
50         39.914     50.57
51         58.138    62.449
52         22.105    61.135
53         67.157    37.908
54         62.673    37.235
55          20.78    52.959
56         35.836    71.266
57         41.571    69.381
58         64.048     67.78
59         68.159    64.499
60         40.249    57.507
61         78.428    29.884
62         59.215    65.252
63          49.58    40.179
64         66.895    79.769
65         35.366    76.326
66         57.587    54.892
67         22.268    50.568
68         53.529    72.792
69         36.882    48.634
70         68.528    78.958
71         22.414    65.979
72         41.439    49.347
73         49.447    56.821
74         45.319    60.751
75          67.39    79.486
76         64.032    43.892
77         26.758    70.325
78         65.233    22.087
79         34.067    77.756
80         21.191    59.079


1    51.663     37.73
2    60.192    41.995
3    27.553    33.602
4    52.914    23.556
5    56.214    38.907
6    75.085     29.58
7    72.026    32.585
8    72.822     40.42
9    64.784    29.904
10    77.425    29.174
11    67.551    27.105
12    73.407     46.54
13    59.034    18.125
14     69.63     31.34
15    70.745    19.778
16    70.525     66.51
17    71.367    68.157
18    45.759    74.639
19    56.848    62.298
20    41.943    53.604
21    38.665    70.431
22    30.869    59.501
23    33.979    53.929
24    30.339     32.28
25    31.667    36.212
26    44.432    69.118
27    41.227    69.922
28    51.644    85.488
29    50.557    75.562
30    60.116    65.699
31    39.735    77.397
32    24.799    77.851
33    12.366    85.709
34    30.094    73.713
35    31.666    83.457
36    60.921    42.527
37    71.997    43.221
38    61.635    51.357
39     67.38     37.96
40    64.885    43.874
41    48.461     28.86
42     40.35     6.455
43    44.736    18.656
44    44.333    13.137
45    51.676     8.309
46    34.311     21.67
47    44.774    14.539
48    44.542    37.867
49    58.473    30.027
50    44.167    19.348
51    60.501    67.573
52    62.389    51.489
53    65.683    71.073
54    59.939    68.925
55    68.827    72.669
56    44.109    66.675
57    54.138    74.144
58    48.567    74.847
59    69.232     92.57
60    56.431    84.026
61    64.102    39.142
62    52.645    29.666
63    59.254    14.345
64     57.87     35.86
65    41.762    16.714
66    65.445    22.869
67    60.503    33.432
68    66.996    42.568
69    59.207    25.463
70    54.836    32.405
71    30.862    59.197
72    35.588    59.387
73    35.811    59.121
74     38.95    56.996
75    44.547    58.097
76    38.745    50.924
77    49.359    53.354
78    51.706    36.803
79    57.869    41.342
80    41.985    42.031
81    37.268    31.896
82    39.688    33.835
83    30.777    31.395
84    42.178    31.565
85     34.92    31.436
86    67.653    56.698
87    68.282     61.84
88    68.337     73.28
89    60.552    41.299
90    66.969    52.144
91     22.79    38.854
92    15.321    52.402
93    28.806    28.637
94    28.497    45.876
95    23.749    44.884
96    47.121    30.471
97    30.318    31.859
98    20.702    35.173
99     35.08     28.06
100    42.439    19.549
101     19.52    37.106
102    28.089    44.328
103    31.495    29.295
104     14.87    31.872
105    18.765    50.854
106    32.621    25.725
107    28.362    28.583
108    34.917    43.517
109    43.766    11.017
110    29.367    24.583
111    57.209    64.675
112    36.712     68.14
113    46.599    60.061
114    51.023    70.728
115     50.79    64.778
116    74.572    66.464
117    73.016    72.933
118    64.833    79.137
119    73.855    60.557
120    69.666    54.113
121    36.311     70.87
122    16.508    71.186
123    42.414    76.922
124    24.377    86.166
125    43.524    63.204
126    39.426    12.689
127    31.421    29.475
128    52.717    34.914
129    50.473    24.542
130    52.046     5.745
131    29.808    35.016
132    22.981    41.645
133    27.112    44.724
134    26.616    42.105
135    42.822    40.822
136    82.165    49.355
137    67.998    38.707
138     73.15    57.919
139    60.327    38.872
140    70.791    41.528
141    45.052    56.981
142    31.191    50.286
143    31.736    48.603
144    47.132    46.699
145    36.896    45.956
146    66.865    24.019
147    72.491     28.16
148    79.974    29.029
149    78.274    36.106
150    76.235    20.563
151    62.798    81.285
152    59.831    70.075
153     48.85    65.314
154    49.729    63.016
155    49.868    64.681
156    41.668     68.02
157    24.651    72.332
158    40.699    76.739
159    30.731    62.263
160    14.366    51.447
161    68.112    20.461
162    53.569    38.566
163     62.27    24.391
164    70.891    20.823
165    70.996    24.839
166    18.349    48.393
167    29.945    55.053
168    21.023     56.88
169    29.972    55.114
170    41.108    68.133
171    35.859    58.085
172     45.13    59.179
173    37.291    42.608
174    34.813     62.42
175    45.316    62.774
176    25.812    68.361
177    26.571    55.323
178    37.668     71.28
179    19.074    60.432
180    26.895    52.672
181    46.071    27.747
182    55.748    24.947
183    35.995     33.31
184    57.783    18.633
185    39.913    34.996
186    77.517    68.059
187    66.112     61.84
188    82.266    81.041
189    71.801    52.717
190     83.96    58.901
191    45.484    44.443
192    21.461     49.79
193    38.639    49.649
194    23.805    47.345
195    31.009    51.222
196    60.115    45.452
197    63.285    44.724
198    74.723    51.638
199    74.724    36.221
200    58.031     59.63
201    40.458    35.003
202    52.122    44.622
203    52.701    51.411
204    54.001    48.566
205    51.874    42.409
206    37.062    84.515
207    11.018    89.069
208    18.716    74.847
209    23.575    85.025
210    30.673    79.892
211    56.984    33.884
212    65.308    32.768
213    49.422    33.569
214    61.565    27.486
215    72.403    30.667
216    59.546     26.91
217    52.741    34.162
218    40.497    28.241
219    33.121    34.042
220    46.818    39.581
221    77.577    53.979
222    73.793    68.554
223    71.607    67.817
224    80.036    67.169
225    68.506    58.666
226    85.866    32.055
227    77.474    47.654
228    81.934    37.092
229     67.05    33.818
230    70.747    30.457
231    34.116    31.878
232    29.791    45.049
233    30.316    21.283
234    28.449    30.407
235     38.23    30.722
236    59.761    67.598
237    66.142    75.304
238    61.359    68.584
239    61.814    82.674
240    60.735    82.724
241    45.671     59.57
242    49.778    59.147
243    44.984    55.068
244     53.57    51.169
245    51.534    50.412
246      27.3    44.556
247    40.586    52.013
248    41.097    33.829
249    28.309    45.312
250    47.239    53.949
251    48.198    55.561
252    48.246    52.338
253    58.481    62.812
254    73.792    55.938
255    65.822    58.886
256    21.403    62.453
257    34.239    68.645
258    29.659     66.45
259    23.295    65.521
260    21.757    64.799
261     73.03    26.946
262    82.659    49.001
263    77.337    36.172
264    70.829    41.191
265    63.238    48.594
266    43.744    42.101
267    50.176    31.605
268    64.506    40.425
269    70.992    42.211
270    63.678    41.098
271     4.705    56.337
272    18.769    36.622
273    31.606    63.511
274     2.507    59.602
275    21.218    47.144
276    44.724    67.807
277    44.748    80.456
278    51.482     79.13
279    23.736    87.062
280    28.613    83.289
281    22.411    73.349
282    43.749    79.317
283    52.128    84.476
284    49.318    60.952
285    40.839    72.003
286    71.238    72.964
287    70.677    68.483
288    53.836    81.482
289    66.967      68.7
290    74.262     51.41
291    58.614    72.318
292    83.539    59.458
293     65.41     64.66
294    80.821    70.557
295    74.636    54.474
296    39.227    58.468
297    53.273    58.602
298    42.297    55.462
299    23.899    68.429
300    40.153    57.814
301    75.443    26.834
302    75.743    32.497
303    86.704    17.946
304    93.072    22.998
305    77.281    29.154
306    59.006    66.673
307    60.717    65.721
308    50.977    82.623
309    70.747    77.466
310    74.147    67.261
311      35.6    36.042
312    57.894    26.985
313     53.48    45.631
314    54.051    47.585
315     43.94    22.393
316     78.04    90.689
317    66.645    79.531
318    67.792    79.218
319    60.312     70.14
320    63.922    76.771
321    20.895    88.677
322    35.623    72.498
323    32.869    75.538
324    32.386    88.216
325    18.578    69.752
326    60.668    58.841
327    57.325     46.95
328    60.958    43.806
329    64.394    62.687
330    47.769    53.557
331    11.212    38.043
332    17.584    48.865
333    11.765    47.301
334    37.005    62.223
335     23.03    33.943
336    53.367    72.297
337    52.167    75.262
338    46.021    78.537
339     54.55    73.644
340    68.651    70.447
341    42.005     44.41
342    51.624     58.95
343    28.495    56.335
344    40.876    46.017
345    44.391    44.182
346    73.594    65.777
347    67.598    69.084
348    64.396    80.376
349    70.449    64.176
350    70.939    81.431
351    26.693    78.571
352    26.533    75.385
353    32.702    62.299
354    32.043    82.121
355    13.381    71.421
356    40.692    48.176
357    40.108    54.541
358    56.056    36.352
359    37.287    49.704
360    41.281     54.71
361    53.692    74.398
362    46.344    43.623
363    52.475    55.612
364    58.907    66.244
365     52.73    56.837
366    43.815    60.431
367    41.667    66.463
368    42.079     70.65
369    43.558    62.226
370    32.966    67.612
371    49.937    70.661
372    73.282    91.285
373    75.863    93.437
374    79.114     71.64
375    56.709    88.612
376    63.112     48.23
377    73.496    42.363
378     62.04    50.935
379    49.155    35.547
380     65.79    42.563
381     30.24    65.833
382    19.602     73.22
383    26.863    87.632
384    31.072    71.219
385    18.766    83.593
386    62.421    25.178
387     67.52    16.745
388     77.26     7.549
389    57.269    16.999
390    77.447    32.694
391    45.371    74.601
392    34.361    71.075
393    40.661    84.754
394    18.626    90.004
395    42.764    81.796
396     7.494    56.543
397    10.778    67.892
398    22.772    53.785
399    21.427    58.653
400    19.332    55.249
