41 Stops, 800 Students, 20 Max_Walking, 25 Capacity, 5 Days 

0       1  1  1  1  1
1       1  1  1  1  1
2       1  1  1  1  1
3       1  1  1  1  1
4       1  1  1  1  1
5       1  1  1  1  1
6       1  1  1  1  1
7       1  1  1  1  1
8       1  1  1  1  1
9       1  0  0  1  1
10       1  1  1  1  1
11       1  1  1  1  1
12       1  1  1  1  1
13       1  1  1  1  1
14       1  1  1  1  1
15       1  1  1  1  1
16       1  1  1  1  1
17       1  1  1  1  1
18       1  1  1  1  1
19       1  1  1  1  1
20       1  1  1  1  1
21       1  1  1  1  1
22       0  0  1  1  0
23       0  0  1  1  1
24       1  1  1  1  1
25       1  1  1  1  1
26       1  1  1  1  1
27       0  1  0  0  1
28       1  1  1  1  1
29       1  1  1  1  1
30       1  1  1  1  1
31       0  0  0  1  1
32       0  0  0  1  1
33       1  1  1  1  1
34       1  1  1  1  1
35       1  1  0  1  0
36       1  1  1  1  1
37       1  1  1  1  1
38       1  1  1  1  1
39       1  1  1  1  1
40       1  1  1  1  1
41       1  1  1  1  1
42       1  1  1  1  1
43       1  1  1  1  1
44       1  1  0  1  0
45       1  1  1  1  1
46       1  1  1  1  1
47       1  0  0  1  0
48       1  1  1  1  1
49       1  1  1  1  1
50       1  1  1  1  1
51       0  1  1  0  0
52       1  1  1  1  1
53       1  1  1  1  1
54       1  1  1  1  1
55       1  1  1  1  1
56       1  1  1  1  1
57       1  1  0  0  1
58       1  1  1  1  1
59       1  1  1  1  1
60       1  1  1  1  1
61       1  1  1  1  1
62       1  1  1  1  1
63       1  1  1  1  1
64       1  1  1  1  1
65       1  1  1  1  1
66       1  1  1  1  1
67       1  0  1  1  1
68       1  0  1  1  1
69       1  1  1  1  1
70       1  1  1  1  1
71       1  1  1  1  1
72       1  0  1  0  1
73       1  1  1  1  1
74       1  1  1  1  1
75       1  1  1  1  1
76       1  0  0  1  0
77       1  0  1  0  0
78       1  1  1  1  1
79       1  1  1  1  1
80       1  1  1  1  1
81       1  1  1  1  1
82       1  1  1  1  1
83       1  1  1  1  1
84       1  1  1  1  1
85       1  1  1  1  1
86       1  1  1  1  1
87       1  1  1  1  1
88       1  1  1  1  1
89       1  1  1  1  1
90       1  1  1  1  1
91       1  1  1  1  1
92       1  1  1  1  1
93       0  1  1  0  0
94       0  1  1  1  0
95       1  1  1  1  1
96       1  1  1  1  1
97       1  1  1  1  1
98       1  1  1  1  1
99       1  1  1  1  1
100       1  0  1  0  1
101       1  1  1  1  1
102       1  1  1  1  1
103       1  1  1  1  1
104       1  0  0  0  1
105       1  1  1  1  1
106       1  1  1  1  1
107       1  1  1  1  1
108       0  1  0  0  1
109       1  1  1  1  1
110       1  1  1  1  1
111       1  1  1  1  1
112       1  1  1  1  1
113       1  1  1  1  1
114       1  1  1  1  1
115       1  1  1  1  1
116       0  1  1  0  1
117       1  1  1  1  1
118       1  1  1  1  1
119       0  1  1  0  1
120       1  1  1  1  1
121       1  1  1  1  1
122       0  1  0  1  0
123       1  1  1  1  1
124       1  1  1  1  1
125       1  1  1  1  1
126       1  1  1  1  1
127       0  1  0  0  1
128       1  0  0  0  1
129       1  1  1  0  1
130       1  1  1  1  1
131       1  1  1  1  1
132       1  1  1  1  1
133       1  1  1  1  1
134       1  1  1  1  1
135       1  0  1  1  1
136       1  1  0  0  1
137       0  0  1  1  1
138       1  1  1  1  1
139       1  1  1  1  1
140       1  1  1  1  1
141       1  1  1  1  1
142       1  1  1  1  1
143       1  1  1  1  1
144       1  1  1  1  1
145       1  1  1  1  1
146       1  1  1  1  1
147       1  1  1  1  1
148       1  1  1  1  1
149       1  1  1  1  1
150       0  1  1  1  1
151       1  1  1  1  1
152       1  1  1  1  1
153       1  1  1  1  1
154       1  1  1  1  1
155       1  1  1  1  1
156       1  1  1  1  1
157       1  0  1  1  1
158       1  1  1  1  1
159       1  1  1  1  1
160       1  1  1  1  1
161       1  1  1  1  1
162       1  1  1  1  1
163       1  1  1  1  1
164       1  1  1  1  1
165       1  0  0  0  1
166       1  1  1  1  1
167       1  1  1  1  1
168       1  1  1  1  1
169       1  0  1  1  0
170       1  1  1  1  1
171       1  0  1  1  0
172       1  1  1  1  1
173       1  1  1  0  0
174       1  1  1  1  1
175       1  1  1  1  1
176       1  1  1  1  1
177       1  1  1  1  1
178       1  1  1  1  1
179       1  1  1  1  1
180       1  1  1  1  1
181       1  0  1  0  0
182       1  1  1  1  1
183       1  1  1  1  1
184       1  1  1  1  1
185       1  1  1  1  1
186       1  1  1  1  1
187       1  1  1  1  1
188       1  1  1  1  1
189       1  1  1  1  1
190       1  1  0  0  1
191       1  1  0  1  1
192       1  1  1  1  1
193       1  1  1  0  1
194       1  1  1  1  1
195       1  1  1  1  1
196       1  1  1  1  1
197       1  1  1  1  1
198       1  1  1  1  1
199       1  1  1  1  1
200       1  1  1  1  1
201       1  1  1  1  1
202       1  1  1  1  1
203       1  1  1  1  1
204       1  1  0  1  1
205       1  1  1  1  1
206       1  1  1  1  1
207       1  1  1  0  0
208       1  1  1  1  1
209       1  1  1  1  1
210       1  1  1  1  1
211       1  1  1  1  1
212       1  1  1  1  1
213       1  1  1  1  1
214       1  1  1  1  1
215       0  0  1  1  1
216       1  0  1  0  0
217       1  1  1  1  1
218       1  0  1  1  1
219       0  0  0  1  1
220       1  1  1  1  1
221       0  1  0  1  1
222       1  0  1  0  1
223       1  1  1  1  1
224       1  1  1  1  1
225       0  0  1  0  1
226       1  1  1  1  1
227       1  1  1  1  1
228       0  1  1  0  1
229       1  0  1  1  1
230       1  1  1  1  1
231       1  1  1  1  1
232       1  1  1  1  1
233       1  1  1  1  1
234       1  1  1  1  1
235       0  1  1  0  1
236       1  1  1  1  1
237       1  1  1  1  1
238       1  1  1  1  1
239       1  1  1  1  1
240       1  1  1  1  1
241       1  1  1  1  1
242       1  1  1  1  0
243       1  1  1  1  0
244       1  1  0  1  1
245       1  0  1  1  1
246       1  0  0  1  1
247       0  1  1  1  0
248       1  1  1  1  1
249       1  1  1  1  1
250       1  1  1  1  1
251       1  1  1  1  1
252       1  1  1  1  1
253       1  1  1  1  1
254       1  1  1  1  1
255       1  1  1  1  1
256       1  1  0  1  1
257       1  0  1  0  0
258       1  1  1  1  1
259       1  1  1  1  1
260       1  1  1  1  1
261       1  1  0  1  1
262       1  1  1  1  1
263       1  0  0  0  1
264       1  0  0  0  1
265       1  1  1  1  1
266       1  1  1  1  1
267       1  1  1  1  1
268       1  1  1  1  1
269       1  0  1  0  0
270       1  1  1  1  1
271       1  1  1  1  1
272       1  0  1  1  0
273       1  1  1  1  1
274       1  1  1  1  1
275       1  1  1  1  1
276       0  0  1  1  0
277       1  0  0  1  0
278       1  1  1  1  1
279       1  0  1  0  0
280       1  1  1  1  1
281       1  1  1  1  1
282       0  1  1  0  0
283       1  1  1  1  1
284       1  1  1  1  1
285       1  1  1  1  1
286       1  1  1  1  1
287       1  1  1  1  1
288       1  1  1  1  1
289       1  1  1  0  0
290       1  1  1  1  1
291       1  1  1  1  1
292       1  1  1  1  1
293       1  1  1  1  1
294       1  1  1  1  1
295       1  1  1  1  1
296       1  1  1  1  1
297       1  1  1  1  1
298       1  1  1  1  1
299       1  1  1  1  1
300       1  0  1  0  1
301       1  0  0  1  0
302       1  1  1  1  1
303       1  1  1  0  0
304       1  1  1  1  1
305       1  1  1  1  1
306       1  1  1  1  1
307       1  1  1  1  1
308       1  1  0  1  1
309       1  1  1  1  1
310       1  1  1  1  1
311       0  1  0  0  1
312       0  1  1  1  0
313       1  1  1  1  1
314       1  1  0  1  1
315       1  1  1  1  1
316       1  1  1  1  1
317       1  1  1  1  1
318       1  1  1  1  1
319       1  0  1  1  0
320       1  1  1  1  1
321       1  1  1  1  1
322       1  1  1  1  0
323       1  1  1  1  1
324       1  1  1  1  1
325       1  1  1  1  1
326       1  1  1  1  1
327       1  1  1  1  1
328       1  1  1  1  1
329       1  1  1  1  1
330       1  1  1  1  1
331       1  1  1  1  1
332       1  1  1  1  1
333       1  1  1  1  1
334       1  1  1  1  1
335       1  1  1  1  1
336       1  1  1  1  1
337       1  1  1  1  1
338       1  1  1  1  1
339       1  1  1  1  1
340       1  1  1  1  1
341       1  1  1  1  1
342       1  1  1  1  1
343       0  0  1  1  1
344       1  1  1  1  1
345       1  1  1  1  1
346       1  1  1  1  1
347       1  1  1  1  1
348       1  1  1  1  1
349       1  1  0  0  0
350       1  1  1  1  1
351       0  1  1  1  0
352       1  1  1  1  1
353       1  1  1  1  1
354       1  1  1  1  1
355       1  1  1  1  1
356       1  1  1  1  1
357       0  0  0  1  1
358       1  1  1  1  1
359       1  1  1  1  1
360       1  1  1  1  1
361       0  1  0  0  1
362       1  1  1  1  1
363       1  1  1  1  1
364       1  1  1  1  1
365       1  1  1  1  1
366       1  1  1  1  1
367       1  1  1  1  1
368       1  1  1  1  1
369       1  1  1  1  1
370       1  1  1  1  1
371       1  1  1  1  1
372       0  1  0  1  0
373       1  1  1  1  1
374       1  1  1  1  1
375       0  1  1  0  0
376       1  1  1  1  1
377       1  0  1  0  0
378       1  1  1  1  1
379       1  1  0  1  0
380       1  1  1  1  1
381       1  1  1  1  1
382       0  1  1  0  1
383       1  1  1  1  1
384       1  1  1  1  1
385       1  1  1  1  1
386       1  1  1  1  1
387       1  1  1  1  1
388       1  1  1  1  1
389       1  1  1  1  1
390       1  1  0  1  0
391       1  1  1  1  1
392       1  1  1  0  0
393       1  1  1  1  1
394       1  1  1  1  1
395       1  1  1  1  1
396       0  1  1  1  1
397       1  1  1  1  1
398       1  1  1  1  1
399       1  1  1  1  1
400       1  1  0  1  1
401       1  1  1  1  1
402       1  1  1  1  1
403       1  1  1  1  1
404       1  1  1  1  1
405       1  1  1  1  1
406       1  1  0  1  1
407       1  1  1  1  1
408       1  0  1  1  0
409       1  1  1  1  1
410       1  0  1  0  0
411       0  0  1  1  0
412       1  1  1  1  1
413       1  0  0  0  1
414       1  1  1  1  1
415       1  1  1  1  1
416       1  1  1  1  1
417       1  1  1  1  1
418       1  1  1  1  1
419       1  1  1  1  1
420       1  1  1  1  1
421       1  1  1  1  1
422       1  1  1  1  1
423       1  0  1  1  1
424       1  1  1  1  1
425       0  1  0  1  0
426       1  1  1  1  1
427       1  1  1  1  1
428       1  1  1  1  1
429       1  1  1  1  1
430       1  1  1  1  1
431       1  1  1  1  1
432       0  1  0  1  0
433       1  1  1  1  1
434       1  1  1  1  1
435       1  1  1  1  1
436       1  1  1  1  1
437       1  1  1  1  1
438       0  1  0  1  0
439       1  0  1  0  1
440       1  1  1  1  1
441       1  1  1  1  1
442       1  1  1  1  1
443       0  1  1  1  1
444       1  1  1  1  1
445       1  1  1  1  1
446       1  1  0  0  0
447       1  1  1  1  1
448       1  1  1  1  1
449       1  1  1  1  0
450       1  1  1  1  1
451       1  1  0  1  0
452       1  1  1  1  1
453       0  1  0  1  1
454       0  1  0  0  1
455       1  0  1  1  1
456       0  0  1  0  1
457       1  1  1  1  1
458       1  1  1  1  1
459       0  0  0  1  1
460       1  1  1  1  1
461       1  1  1  1  1
462       1  1  1  1  1
463       1  1  1  1  1
464       1  1  1  1  1
465       1  1  1  1  1
466       1  1  1  1  1
467       1  1  1  1  1
468       1  1  1  1  1
469       1  1  1  1  1
470       1  1  0  0  1
471       1  1  1  1  1
472       1  1  1  1  1
473       1  1  1  1  1
474       1  1  1  1  1
475       1  1  1  1  1
476       1  1  1  1  1
477       1  1  1  1  1
478       1  1  1  1  1
479       1  1  1  1  1
480       1  0  1  0  1
481       1  0  1  1  1
482       1  1  1  1  1
483       1  1  1  1  1
484       1  1  1  1  1
485       1  1  1  1  1
486       1  1  1  1  1
487       1  0  1  1  0
488       1  1  1  1  1
489       1  1  0  1  1
490       1  1  1  1  1
491       1  1  1  1  1
492       1  1  1  1  1
493       1  1  1  1  1
494       1  1  1  1  1
495       1  1  1  1  1
496       1  1  1  1  1
497       1  1  1  1  1
498       1  1  1  1  1
499       1  1  1  1  1
500       1  1  1  1  1
501       0  0  0  1  1
502       0  1  1  1  0
503       1  0  1  1  0
504       1  1  1  1  1
505       0  1  1  1  0
506       1  1  1  1  1
507       1  1  1  1  1
508       1  1  1  1  1
509       1  1  1  1  1
510       1  1  1  1  0
511       1  1  1  1  1
512       1  1  1  1  1
513       0  1  1  0  0
514       1  1  1  1  1
515       1  1  1  1  1
516       1  1  1  1  1
517       1  1  1  1  1
518       0  1  1  1  1
519       1  1  1  1  1
520       1  1  0  1  0
521       1  1  1  1  1
522       1  1  1  1  1
523       1  1  1  1  1
524       1  1  1  1  1
525       1  1  1  1  1
526       1  1  1  1  1
527       1  0  1  1  1
528       1  1  1  1  1
529       1  1  1  0  0
530       1  1  1  1  1
531       1  0  0  1  0
532       0  1  1  0  1
533       0  0  1  0  1
534       1  1  0  1  0
535       1  1  1  1  1
536       1  1  0  0  0
537       1  1  1  1  1
538       1  1  1  1  1
539       1  1  1  1  1
540       1  1  1  1  1
541       1  1  1  1  1
542       1  1  1  1  1
543       1  1  1  1  1
544       1  1  1  1  1
545       1  1  1  1  1
546       1  1  1  1  1
547       1  1  1  1  1
548       1  1  1  1  1
549       1  1  1  1  1
550       1  1  1  1  1
551       1  1  1  1  1
552       1  1  1  1  1
553       1  1  1  1  1
554       1  1  1  1  1
555       1  1  1  1  1
556       1  1  1  1  1
557       1  1  1  1  1
558       1  1  1  1  1
559       1  1  1  1  1
560       0  0  1  1  0
561       1  1  1  1  1
562       0  1  0  1  1
563       1  1  1  1  1
564       1  1  1  1  1
565       1  0  0  1  1
566       1  1  0  1  1
567       1  1  1  1  1
568       1  1  1  1  1
569       1  1  1  1  1
570       1  1  1  1  1
571       1  1  1  1  1
572       1  1  0  0  0
573       1  1  1  1  1
574       1  1  1  1  1
575       1  1  1  1  1
576       1  1  1  1  1
577       1  1  1  1  1
578       1  1  1  1  1
579       1  1  1  1  1
580       0  1  0  1  1
581       1  1  1  1  1
582       1  1  0  1  0
583       1  1  1  1  1
584       0  1  1  1  1
585       1  1  1  1  1
586       0  1  1  0  1
587       1  1  1  1  1
588       1  1  1  1  1
589       0  1  0  0  1
590       0  1  1  1  1
591       1  1  1  1  1
592       1  1  1  1  1
593       0  1  1  1  1
594       1  1  1  1  1
595       1  1  1  1  1
596       1  1  1  1  1
597       1  1  1  1  1
598       0  1  1  0  1
599       1  1  1  1  1
600       1  1  1  1  1
601       1  0  0  1  1
602       1  1  1  1  1
603       1  1  1  0  1
604       0  1  1  0  0
605       0  1  1  0  1
606       1  1  1  1  1
607       1  1  1  1  1
608       1  1  1  1  1
609       1  1  1  1  1
610       1  1  1  1  1
611       1  1  1  1  1
612       1  1  1  1  1
613       1  1  1  1  1
614       1  1  1  1  1
615       1  1  1  1  1
616       1  1  1  1  1
617       1  1  1  1  1
618       1  1  1  1  1
619       1  1  1  1  1
620       1  1  1  1  1
621       1  1  1  1  1
622       1  1  1  1  1
623       1  1  1  1  1
624       1  1  1  0  1
625       0  0  1  1  1
626       1  1  1  1  1
627       1  0  1  1  1
628       1  1  1  1  1
629       1  1  1  1  1
630       1  1  0  0  1
631       1  1  1  1  1
632       1  1  1  1  1
633       0  1  0  1  1
634       0  1  1  1  0
635       1  0  1  0  0
636       1  1  1  1  1
637       1  1  1  1  1
638       1  1  1  1  1
639       1  1  1  1  1
640       0  0  0  1  1
641       1  1  1  1  1
642       1  1  1  1  1
643       1  1  1  1  1
644       1  1  1  1  1
645       1  1  1  1  1
646       1  1  1  1  1
647       1  1  1  1  1
648       1  1  1  1  1
649       1  1  1  1  1
650       1  0  0  0  1
651       0  1  1  0  0
652       1  1  1  1  1
653       1  1  1  1  1
654       1  1  1  1  1
655       1  1  0  0  0
656       0  0  1  1  0
657       1  1  1  1  1
658       1  1  1  1  1
659       1  1  1  1  1
660       1  1  1  1  1
661       1  0  1  0  0
662       1  1  1  1  1
663       1  1  1  1  1
664       1  1  1  1  1
665       1  1  1  1  1
666       1  1  1  1  1
667       1  1  1  1  1
668       1  1  1  1  1
669       1  1  1  1  1
670       1  1  1  1  1
671       1  1  1  1  1
672       0  1  1  1  0
673       1  1  1  1  1
674       1  1  1  1  1
675       1  1  0  0  0
676       1  1  1  1  1
677       1  1  1  1  1
678       1  1  1  1  1
679       1  1  1  1  1
680       1  1  1  1  1
681       1  1  1  1  1
682       1  1  1  1  1
683       1  1  1  1  1
684       1  1  1  0  0
685       1  1  1  1  1
686       1  1  1  1  1
687       1  1  1  1  1
688       1  1  0  1  1
689       0  0  1  1  1
690       1  0  1  0  1
691       1  0  1  1  0
692       0  0  0  1  1
693       1  1  1  1  1
694       1  1  1  1  1
695       1  1  1  1  1
696       1  1  1  1  1
697       1  1  1  1  1
698       1  1  1  1  1
699       1  1  1  1  1
700       1  1  1  1  1
701       1  1  1  1  1
702       0  1  0  1  0
703       1  1  1  1  1
704       1  1  1  1  1
705       0  0  1  1  0
706       1  1  1  1  1
707       1  1  1  1  1
708       1  0  0  1  1
709       1  0  1  0  1
710       1  1  1  1  1
711       1  1  1  1  1
712       1  1  1  1  1
713       1  1  1  1  1
714       1  1  1  1  1
715       1  1  1  1  1
716       1  1  1  1  1
717       1  0  0  1  1
718       1  1  0  1  1
719       1  1  1  0  1
720       1  1  1  1  1
721       1  1  1  1  1
722       1  0  0  1  1
723       1  1  1  1  1
724       0  1  1  0  0
725       1  1  1  1  1
726       1  1  1  1  1
727       1  1  1  1  1
728       1  1  1  1  1
729       1  1  1  1  1
730       1  1  1  1  1
731       0  1  0  0  1
732       1  1  1  1  1
733       1  1  1  1  1
734       1  0  0  1  0
735       1  1  1  1  1
736       1  0  1  0  1
737       1  1  1  1  1
738       1  1  1  1  1
739       1  1  1  1  1
740       1  1  1  1  1
741       1  0  0  1  1
742       1  1  1  1  1
743       1  1  1  1  1
744       1  0  0  1  1
745       1  1  1  1  1
746       1  0  1  0  1
747       1  1  1  0  1
748       1  1  1  1  1
749       1  1  1  1  1
750       1  1  1  1  1
751       1  1  1  0  1
752       1  1  1  1  1
753       1  1  1  1  1
754       1  1  1  1  1
755       1  1  1  1  1
756       1  1  1  1  0
757       0  0  1  1  0
758       1  1  1  1  1
759       0  1  1  1  0
760       1  1  1  1  1
761       1  1  1  1  1
762       1  1  1  1  1
763       1  1  1  1  1
764       1  1  1  1  1
765       0  1  1  0  0
766       1  1  1  1  1
767       1  1  1  1  1
768       0  1  1  0  0
769       1  1  1  1  1
770       1  1  1  1  1
771       1  1  1  1  1
772       0  1  0  1  0
773       1  1  1  1  1
774       1  1  1  1  1
775       1  1  1  1  1
776       1  1  1  1  1
777       1  1  1  1  1
778       1  1  1  1  1
779       1  1  1  1  1
780       1  1  1  1  1
781       1  1  1  1  1
782       1  1  1  1  1
783       1  1  1  1  1
784       1  1  1  1  1
785       1  1  1  1  1
786       1  1  1  1  1
787       1  1  1  1  1
788       1  1  1  1  1
789       1  1  1  1  1
790       1  1  1  1  1
791       1  1  1  1  1
792       1  1  1  1  1
793       1  1  1  1  1
794       1  1  1  1  1
795       1  1  1  1  1
796       1  1  1  1  1
797       1  1  1  1  1
798       1  1  1  1  1
799       0  0  1  1  1


0             50        50
1         43.242    66.234
2         67.875    47.607
3         65.239    23.497
4         75.152    56.669
5         71.829    34.842
6         76.172    64.169
7         21.665    38.954
8         76.172    29.736
9         41.247    67.086
10         22.754    35.313
11         56.612    26.261
12         28.372    44.225
13         20.074    35.091
14         78.724    23.633
15         71.172    42.225
16         54.679    47.037
17         67.713    23.538
18         76.049    43.891
19         37.875    63.714
20         26.226    21.361
21         44.087    28.824
22         30.937    60.316
23         72.987    59.287
24         52.358    22.077
25         50.235    37.673
26         30.753    74.944
27         55.318    55.051
28          63.67    59.637
29         56.119    73.643
30         52.082    31.348
31          75.26    45.536
32         30.055    44.596
33         39.368    72.694
34         59.245    46.942
35         33.503     57.39
36          66.91    32.704
37         25.717    74.481
38         67.273    67.492
39         71.323    56.343
40         39.511    57.922


1    39.885    73.192
2    43.089    71.673
3    43.883    69.673
4    34.147    48.911
5    39.627    70.366
6    49.401     52.45
7    30.293    54.318
8    33.021    67.753
9    30.978    80.153
10    43.003    66.225
11    31.684     70.97
12    49.062    67.648
13    34.723    83.043
14    40.034    80.014
15    57.731    74.321
16    42.229    71.944
17    46.285    60.068
18    46.395    71.451
19    31.708    80.456
20    39.329    69.758
21     80.28    39.343
22    72.152     57.83
23    72.347     48.55
24    67.238    46.894
25     66.86    36.741
26    55.692    47.632
27    70.587     48.48
28    49.347    47.927
29    70.131    50.412
30    69.691    32.247
31    65.142     45.06
32    59.414    53.482
33    68.318    46.001
34    75.285    52.033
35    80.542    51.271
36    66.019    46.394
37    68.463    46.797
38     67.38    30.127
39    69.571    61.685
40    66.231    37.473
41    66.027    28.331
42    57.442    15.382
43    57.352    24.719
44    73.001     5.878
45    73.753    31.641
46    67.512    21.659
47    74.871    22.478
48    55.985    26.274
49    61.178    23.578
50    58.451    25.646
51    66.811    20.303
52    66.846    23.272
53    65.196    11.338
54    72.732    30.551
55    56.062     7.063
56    71.563    20.728
57    81.587    34.989
58     64.57    22.897
59    74.544    27.514
60    67.027    30.031
61    68.033    53.435
62    86.022     60.35
63    74.402    71.765
64    71.511    54.746
65    84.873    66.354
66    90.913    66.765
67    84.694    49.739
68    62.214    65.105
69    85.289    58.229
70    85.897    67.748
71    73.854    67.175
72    74.214     75.04
73    69.216    46.813
74    75.716    56.655
75    67.568    56.039
76    73.839    55.775
77    83.245    55.423
78    57.525    47.411
79    72.673    56.555
80    82.092    48.616
81    73.234    35.741
82    72.943    18.549
83    85.545    42.151
84    67.049    49.331
85    80.868    27.817
86    78.578    53.557
87    72.009    32.889
88    73.866    35.602
89    87.804    36.047
90      72.1    35.415
91    76.434    41.765
92    64.773    36.386
93    62.748    28.498
94    70.092    34.746
95    62.324    19.776
96    72.953     32.83
97    71.899     33.56
98    77.825    35.945
99     77.23    28.799
100    55.959     39.29
101    74.386    58.398
102    76.081    64.146
103    74.951    50.936
104    88.211    68.264
105    72.046     54.18
106    78.613    57.282
107    86.451    64.164
108     82.66     56.12
109    70.011    66.722
110    83.688    65.433
111    76.426    57.011
112    72.809    70.848
113    72.475    80.074
114     69.86    73.268
115    65.435    66.657
116    71.768    78.476
117    76.615    52.277
118    77.232    49.203
119    92.338    74.465
120    88.114    71.057
121    24.217    52.238
122    11.927    24.129
123    23.485    36.241
124    16.608    21.262
125    36.132    43.777
126    10.308    37.003
127     2.451    37.771
128    24.433    41.856
129    28.957    45.976
130    10.152    30.844
131    14.952    41.562
132    26.707    29.705
133    19.251    39.597
134     29.78    50.291
135     32.99    34.679
136    29.497    48.016
137    13.815    44.533
138    27.089    37.674
139     8.036    38.277
140     9.742    51.434
141    93.113    25.651
142    74.884    46.609
143    61.325    29.028
144    80.296    18.909
145    73.764    33.813
146    77.833     45.74
147    87.351    38.657
148    76.044    42.993
149    79.756    35.714
150    69.939    45.131
151     72.13    34.941
152    68.468    38.396
153    76.882     26.49
154    90.404    40.986
155     91.74    30.484
156    74.477    29.089
157    77.224    35.286
158     62.72    29.481
159    80.005    31.759
160    77.657    46.029
161    29.297    59.594
162    31.711    77.587
163    41.192    68.128
164    33.906    54.557
165     36.65    50.877
166    56.229    66.761
167    34.409    67.825
168    41.227    66.956
169    55.033    57.126
170    29.962     59.42
171    44.332     59.02
172     40.64    51.931
173    36.777    72.692
174    37.915    54.296
175    37.525    54.834
176    27.497    78.835
177    36.867    60.581
178    56.875     67.34
179    37.116    81.079
180    33.461    77.107
181    19.849    30.271
182    22.651    34.762
183    32.956    22.141
184    36.308    32.001
185    20.027    41.551
186    32.291    34.223
187    27.811    27.391
188    24.905    37.164
189    18.926    29.072
190      5.08    34.866
191     7.415    47.411
192    24.663    46.741
193     24.06    25.997
194    14.376    37.113
195    21.588    32.504
196    18.381    37.383
197     9.873    47.814
198    18.904    29.241
199    13.542    47.041
200    10.535    45.572
201    51.199     29.44
202    48.349    26.628
203    41.486    14.023
204    64.033    28.657
205    54.001    23.483
206    56.735    26.328
207    57.438    41.638
208    64.189    32.225
209    56.807    26.073
210    51.439    30.159
211    45.549    36.778
212    56.892    28.003
213    62.755    29.969
214    56.645    26.247
215    54.255    31.415
216    51.417    23.899
217    57.497    21.104
218    69.215    23.038
219    54.382     11.77
220    75.734    25.633
221    31.857    50.573
222    23.763    54.436
223    37.261    39.738
224     18.16    45.217
225    35.437    47.629
226    18.857    27.127
227    27.796    44.839
228    45.459    39.948
229    26.651    42.783
230    17.873     34.67
231     19.64    45.722
232    27.855    61.773
233    35.634    41.281
234    33.429    45.007
235    36.302    56.858
236    15.344    53.348
237    12.343    42.223
238    35.264    48.861
239    16.439    52.614
240    26.189    47.155
241    21.232    36.443
242     1.461    35.626
243     3.418    30.143
244    34.044    47.948
245    28.168    51.526
246    21.005    51.053
247    10.847    34.116
248    19.601    47.434
249    16.764    24.699
250    10.082    30.204
251    11.663    17.711
252    20.708     54.96
253    21.915    36.962
254    31.533    51.465
255    11.969    35.895
256    11.218    19.982
257     7.701    27.447
258    27.538    21.382
259    21.916    47.366
260    20.826    36.448
261    74.645    26.228
262    76.034    22.537
263    74.513    36.468
264    78.683    12.199
265    81.238    23.377
266    66.621    25.917
267     77.49    23.229
268    66.737    24.114
269    85.687    33.785
270    72.914    35.131
271    79.588     24.24
272    68.927     11.13
273    89.936    25.055
274    74.254     6.282
275    64.181    28.869
276    79.348    21.089
277    76.818    32.402
278    77.926     7.264
279    93.005    31.098
280    85.578    40.157
281    67.656    33.049
282    78.378     35.18
283    57.124    47.921
284    72.094    60.372
285    79.661    24.656
286    81.469    53.674
287    72.776    35.631
288    78.635    44.785
289    64.862    48.682
290    76.261    28.394
291    57.269    51.251
292    59.939    39.644
293    64.539    31.167
294    71.035    43.418
295    73.057    28.709
296    66.027    25.918
297    60.391    47.597
298    59.255    32.759
299    72.567     53.77
300    64.893    47.355
301    49.552    47.659
302    52.896    45.713
303    55.137    44.316
304    58.607    54.189
305    52.456    49.866
306    52.296    45.456
307    51.179    50.581
308    43.175    59.016
309    41.394    37.693
310    54.994    55.027
311    51.204    43.923
312    53.956    54.106
313    47.699    50.209
314    50.931    40.911
315    41.357    56.629
316    56.119    40.298
317    67.579    50.623
318     49.81    45.253
319    49.814    61.608
320    55.363    37.483
321    66.221    10.454
322    70.372    15.356
323      63.7    19.652
324    72.093    19.652
325     52.38    22.435
326    70.834    24.456
327    74.027     42.16
328    76.668    20.886
329     71.51    21.102
330    75.142    22.648
331    84.461    14.227
332    64.888    20.663
333    57.202    32.375
334    77.319    33.344
335    64.192     26.95
336    58.485    15.946
337     69.08    22.857
338    67.238    22.304
339    75.388    21.612
340    75.243    26.519
341    72.893    63.591
342    65.628    36.462
343     85.75    38.458
344    91.252    35.678
345    76.113    43.249
346    79.174    36.237
347    58.987    52.162
348    76.422     51.16
349     83.14    30.732
350    80.843     36.57
351    87.358    31.663
352    78.337    34.987
353    64.127    35.631
354    89.992    35.318
355    68.403    41.617
356    84.099    62.031
357    85.589    30.387
358    66.094    46.312
359    66.523    32.662
360    77.243    45.436
361    38.072    64.047
362    34.941    72.485
363    40.682    73.126
364    32.527    56.756
365    46.653    50.041
366    36.373    61.953
367    35.096    63.882
368    39.481    72.437
369    20.659    73.268
370    28.167    67.783
371    46.352    48.877
372    31.459    63.722
373    30.835    59.934
374    45.838    56.762
375    50.715    63.546
376     37.03     82.84
377    36.672    71.671
378    18.134    62.408
379    43.631    62.972
380    37.343    61.609
381    26.296    31.679
382    45.106    18.821
383    18.154    16.588
384    32.428    17.766
385    29.579    25.916
386      28.1    22.965
387    17.166    12.159
388    39.415     8.753
389    18.953    23.394
390    42.681    28.116
391    17.368    34.415
392    34.683    36.654
393    30.035    19.188
394    29.548     9.758
395    36.492    35.851
396    39.033    32.416
397    38.613    17.798
398    24.476    23.373
399    27.161     26.39
400    25.677    22.534
401    47.014    29.256
402    48.328    29.977
403     40.94    36.807
404    45.014    29.684
405    33.893    23.911
406    42.829    34.605
407    41.045     40.41
408    38.673      22.5
409    53.283    29.291
410    45.065     27.31
411     46.67    30.318
412    47.667    27.245
413    48.253    17.552
414    43.636    23.311
415    43.401    28.085
416    51.997    29.753
417    40.041    11.966
418    44.732    29.125
419    47.364     42.73
420    46.555    33.473
421    16.437    47.161
422    21.726    72.626
423    37.785    61.716
424    19.328    50.989
425    39.396    51.784
426    13.144    66.221
427    19.077    69.055
428    32.395    57.123
429    31.867     61.48
430    24.817    76.157
431    31.709     62.73
432    27.359    55.433
433    23.922    71.509
434    30.508    58.766
435    19.407        48
436    25.326    54.061
437    33.284    58.661
438    14.292    52.653
439    37.068    60.466
440    30.789    60.282
441    66.217    69.636
442     74.87     53.59
443    71.086     63.43
444    71.054    60.317
445    76.439    57.206
446    78.678    67.057
447    83.489    74.639
448    86.421    71.492
449    80.073    46.421
450    86.163    73.257
451    72.746    67.295
452     61.28    61.919
453    62.823     58.13
454    73.564    58.793
455     71.87    59.121
456    72.909    59.364
457    56.574    59.227
458    79.451    55.131
459    86.481    66.308
460    59.224    51.143
461    47.234     5.534
462    53.252    36.817
463    45.908    35.634
464     52.75    20.669
465    60.568     5.396
466     47.52    20.139
467    53.371    18.601
468    52.636    25.048
469    54.178    21.358
470    44.111    24.668
471    38.871    27.451
472    62.819    22.915
473    62.754     8.057
474    57.228     27.73
475    71.516    21.314
476    46.914    20.905
477    38.748    27.942
478    56.745    31.749
479    62.413    27.076
480    59.281    20.142
481    66.525    40.928
482    40.936     52.32
483    49.593    35.627
484    51.921    35.646
485     47.69    45.695
486    49.193    39.768
487    49.807    38.619
488     52.96    37.251
489    48.998    38.558
490    46.738    37.272
491    46.937    34.204
492    46.581    41.111
493    57.506    34.851
494    45.468    42.948
495    60.112    31.635
496    53.387    48.188
497    54.401    33.114
498    56.593     37.13
499    49.924    18.203
500    53.008     32.71
501    23.338    67.422
502    30.134    74.265
503    25.261    77.219
504    26.718    78.663
505    36.396    86.868
506    46.099    85.411
507    28.719    74.199
508    27.886    78.876
509    29.999     75.54
510    28.325    78.453
511    28.919    73.948
512     22.67    73.024
513    29.255     75.89
514    34.382    72.461
515    26.327    58.741
516    30.249     75.63
517    33.305      82.8
518    31.836    74.421
519     41.86     86.48
520    31.199    79.573
521    61.107    43.464
522    59.553    74.191
523    54.582     39.47
524    55.495    53.596
525    73.492    51.478
526    61.839    48.278
527    58.389    67.786
528    59.098    58.715
529    59.163    58.665
530     50.15    52.613
531    53.355    70.562
532    55.114    52.853
533    48.589    50.175
534    41.875    43.344
535    48.632    56.949
536    41.939    45.884
537     70.76    61.607
538    55.048    49.061
539    43.861    70.535
540    54.936     54.06
541    45.667    60.003
542    65.481    46.569
543    58.482    68.909
544    66.989    59.913
545    77.739    63.904
546    80.184    68.276
547    46.918    54.913
548    60.612    58.076
549    60.216    61.512
550    65.245    75.904
551    47.194    62.279
552    61.791    57.326
553    51.854    62.613
554    52.234     55.94
555    55.734    53.085
556    54.828    43.187
557    70.896    41.258
558    52.755    45.601
559    58.734    78.099
560    61.838    41.276
561    55.085     74.76
562    62.859    86.721
563    57.463    72.869
564    44.367    88.057
565    74.765     70.12
566    56.431    75.447
567    45.172    80.599
568    56.714    72.921
569    56.147    73.058
570     55.76    65.055
571    57.593    72.087
572    40.636      85.4
573    61.546    75.068
574    63.375    70.031
575    47.605     69.54
576    56.686    73.343
577      53.3    76.034
578     67.47    73.187
579     61.55    71.189
580    41.953    65.224
581    43.943    18.997
582    56.257    20.953
583    46.661     49.52
584    65.064    38.068
585    41.805    32.261
586    57.512    49.475
587    54.689    33.411
588    54.169    36.669
589    68.946    24.449
590    54.184    16.285
591    50.095    32.506
592    46.638    17.409
593    48.231    18.615
594    56.183    39.303
595    49.351    31.509
596    67.888    43.222
597      49.3    48.898
598    62.063    14.028
599    52.123      19.4
600     41.46    33.425
601    70.167    46.501
602    61.236    32.244
603    84.925     51.83
604    69.871    47.313
605    56.629    43.072
606    63.937    57.202
607    93.069    52.638
608    90.511    43.077
609    58.459    44.088
610    60.727    48.241
611    69.345    37.231
612    68.925    30.082
613    68.116    63.228
614    89.081    38.098
615    90.564    54.067
616     73.91    49.292
617    72.008    48.806
618    70.054    39.244
619    74.077    26.739
620     64.22    39.739
621     46.96    50.064
622    31.638    42.346
623    27.699    36.303
624    18.384    32.499
625    18.325    40.713
626    28.716     49.42
627    35.505    42.537
628    19.761    50.592
629    34.143     43.92
630    27.185    40.892
631    29.514     44.28
632     33.23    50.985
633    23.625    36.501
634    38.278     59.09
635    36.102    32.106
636    33.836    44.184
637    39.264    44.126
638    17.292    35.015
639    29.089    44.008
640    41.738    46.786
641    40.399    65.771
642    40.007    54.964
643    39.455    72.913
644    38.803    72.888
645    40.437    77.533
646    30.619    86.339
647    30.531    82.428
648     35.49    73.399
649    39.296    74.926
650    48.714    82.388
651    40.186     56.53
652    31.807    65.417
653    28.789    89.523
654    58.698    74.077
655     28.12    79.033
656    34.453    82.238
657    24.072    73.749
658    26.302    82.374
659      41.9    68.165
660    39.653    73.612
661    65.139      45.5
662    51.757    48.523
663    62.994    50.526
664    54.762    54.453
665    62.742    63.395
666    48.431    62.877
667    57.381    49.143
668    52.308    33.086
669     54.82     65.58
670    71.678    53.546
671    63.311    54.503
672    51.616    34.361
673    56.564    48.071
674    53.665    56.246
675    60.936    43.145
676    59.138    48.602
677    73.442    40.669
678    61.392     46.85
679    57.099    28.448
680    55.092    61.207
681    17.452    49.884
682    35.109    54.494
683    36.352    59.108
684    32.531    58.492
685    46.232    63.055
686    34.842     58.23
687     36.72    51.625
688    19.579    67.632
689    34.778    59.086
690    23.132    57.279
691    31.938    51.971
692    47.844    71.261
693    23.469     59.22
694     44.51    46.031
695    35.933    50.886
696    39.639    52.747
697    33.691    66.009
698    35.128    56.703
699    26.293    57.599
700    39.676    53.345
701    68.154    22.944
702    71.539    31.293
703     71.28    45.304
704      57.6    38.015
705     69.47    25.733
706    67.676    38.236
707    67.393    30.469
708     61.99    36.083
709    77.818     32.27
710    79.113    28.706
711    65.471    30.494
712    66.862    32.804
713    69.927    29.352
714    68.345     38.41
715    73.086    33.314
716    53.163    38.602
717    82.207    42.672
718     48.77    32.589
719    73.728    31.653
720    65.291    38.075
721    19.635    73.522
722    19.938    80.221
723    21.239    66.729
724    25.517    74.298
725    22.339    71.617
726    26.173     64.31
727    13.282    68.484
728    31.758    76.646
729    18.988    81.065
730    31.685    90.099
731    27.714    93.874
732    30.589    78.776
733    22.495    81.675
734    14.501    61.934
735    26.757    66.864
736    22.956    69.832
737    33.663    57.876
738    27.708    64.232
739    25.866    74.475
740    27.869    77.429
741    79.952     73.92
742    51.582    68.854
743     78.46    52.766
744    67.546    67.837
745    71.095     72.94
746    68.825    66.889
747    67.898    67.086
748     64.67    66.012
749    69.015    71.446
750    62.301    57.866
751    72.074    67.003
752     67.07    67.183
753     75.26    66.442
754    64.023     63.91
755    54.361    78.109
756    56.351    68.778
757     67.69    65.317
758     74.02     75.59
759    50.869    59.076
760    62.517    63.372
761    62.146    63.324
762    72.435    57.115
763    67.093    57.517
764    71.317      56.4
765    56.203    62.162
766    80.943    65.417
767    86.027    55.442
768    73.503    55.555
769    79.293    53.285
770    67.278    65.697
771     66.23    58.187
772    70.379     55.97
773    80.539     58.35
774    72.737    55.091
775    70.942    61.312
776    67.297    75.151
777    85.135     53.36
778    69.304    57.199
779    71.224    53.616
780    79.194    55.071
781    31.895    55.589
782    34.264    44.379
783    30.286    48.458
784    54.171    70.716
785    26.767    69.225
786    38.521    58.176
787    24.612    59.795
788    40.562    56.447
789    41.969    77.658
790    36.204    70.598
791    50.584    69.161
792    41.839    58.435
793    47.053    43.276
794    33.231    56.252
795     46.81    42.903
796    37.555      72.1
797    38.973    64.167
798    38.099    57.967
799    36.843    54.141
800    36.953     56.42
