41 Stops, 400 Students, 5 Max_Walking, 50 Capacity, 5 Days 

0       1  1  1  1  1
1       1  1  1  1  1
2       1  0  0  1  1
3       1  0  0  1  0
4       1  0  0  0  1
5       1  1  1  1  1
6       0  1  0  1  1
7       1  1  1  1  1
8       1  1  1  0  1
9       1  1  1  1  1
10       1  1  1  1  1
11       1  1  1  1  1
12       1  1  1  0  1
13       0  0  1  0  1
14       1  1  1  1  1
15       0  1  0  1  1
16       1  1  1  1  1
17       1  1  1  1  1
18       0  1  1  0  0
19       1  1  0  1  1
20       0  1  1  0  0
21       1  1  1  1  1
22       0  1  1  1  1
23       0  1  1  1  0
24       1  1  1  1  1
25       0  1  1  1  1
26       1  1  1  1  1
27       1  1  1  0  0
28       1  1  1  1  1
29       0  0  1  0  1
30       1  1  1  1  1
31       1  1  0  1  1
32       1  0  1  1  1
33       1  1  1  1  1
34       1  1  0  0  0
35       1  1  1  1  1
36       1  1  1  1  1
37       1  1  1  1  1
38       1  1  1  1  1
39       0  1  1  1  0
40       1  1  0  1  0
41       1  1  1  1  1
42       1  1  1  1  1
43       1  1  1  1  1
44       1  1  1  1  1
45       0  0  1  0  1
46       0  1  0  0  1
47       0  1  1  1  0
48       1  1  1  1  0
49       1  0  1  0  1
50       1  1  1  1  1
51       1  1  1  1  1
52       1  1  1  1  0
53       1  0  0  1  1
54       0  1  1  0  1
55       1  1  1  1  1
56       1  1  1  1  1
57       0  1  1  0  0
58       1  1  0  0  1
59       1  1  1  1  1
60       0  1  1  0  1
61       1  0  0  1  1
62       1  1  0  0  0
63       1  0  1  0  1
64       1  0  0  1  0
65       1  1  1  1  1
66       0  1  1  0  0
67       1  1  1  1  1
68       1  1  1  1  1
69       1  1  1  1  1
70       0  1  0  0  1
71       0  1  1  0  1
72       1  1  1  1  1
73       1  1  1  1  1
74       1  1  1  1  1
75       1  1  0  1  1
76       1  1  1  1  1
77       1  1  1  1  1
78       0  1  0  0  1
79       1  1  1  1  1
80       1  1  1  1  1
81       1  1  1  1  1
82       1  1  1  1  1
83       1  0  1  1  1
84       1  0  1  1  1
85       1  1  1  0  0
86       1  1  1  1  1
87       1  1  1  1  1
88       1  1  1  1  1
89       1  1  1  1  1
90       0  1  0  0  1
91       1  1  1  1  1
92       1  1  1  0  0
93       1  1  1  1  1
94       0  1  1  1  1
95       1  1  1  1  1
96       0  1  1  0  1
97       1  1  0  0  0
98       1  0  0  1  0
99       1  1  1  1  1
100       0  1  1  0  0
101       1  1  1  1  1
102       1  0  0  1  0
103       1  1  1  1  1
104       0  0  1  0  1
105       1  1  1  1  1
106       1  1  1  1  1
107       1  1  1  1  1
108       1  1  1  1  1
109       1  1  1  1  1
110       1  1  1  1  0
111       0  0  1  0  1
112       0  1  1  0  0
113       1  1  1  1  1
114       1  1  0  0  0
115       0  1  1  1  1
116       1  1  1  1  0
117       1  1  1  1  1
118       1  1  1  1  1
119       1  1  1  1  1
120       1  1  1  1  1
121       0  1  0  1  1
122       1  1  1  1  1
123       0  0  1  1  0
124       0  1  1  1  1
125       1  1  1  1  1
126       1  0  1  1  1
127       1  1  1  1  1
128       1  1  1  1  1
129       1  1  1  1  1
130       0  0  1  1  1
131       0  1  0  1  1
132       0  1  1  0  0
133       0  1  0  0  1
134       1  1  1  1  1
135       1  1  1  1  1
136       0  0  1  0  1
137       1  1  1  1  1
138       0  0  0  1  1
139       1  1  0  1  1
140       1  1  1  1  1
141       1  1  1  1  1
142       1  1  1  1  1
143       1  1  1  1  1
144       1  0  1  1  1
145       1  1  1  1  1
146       1  1  1  1  1
147       1  1  1  1  0
148       1  1  1  1  1
149       1  0  0  1  0
150       1  1  1  1  1
151       1  1  1  1  1
152       1  0  1  1  1
153       1  1  1  1  1
154       1  0  0  1  1
155       1  1  0  0  0
156       1  1  1  1  1
157       1  1  1  1  1
158       1  1  1  1  1
159       1  1  0  1  0
160       1  1  0  1  1
161       0  0  1  1  1
162       1  1  1  1  1
163       1  1  1  1  1
164       1  1  0  0  0
165       0  1  0  0  1
166       1  1  1  1  1
167       1  1  1  1  1
168       0  1  0  1  0
169       1  1  1  1  1
170       1  1  1  0  0
171       1  1  1  1  1
172       1  1  1  1  1
173       0  1  1  1  0
174       1  1  1  1  1
175       1  1  1  1  1
176       1  1  1  1  1
177       0  1  1  0  0
178       1  1  1  1  1
179       1  1  1  1  1
180       0  1  1  0  1
181       1  1  1  0  1
182       1  0  1  0  0
183       0  1  0  1  0
184       0  1  0  0  1
185       1  1  1  1  1
186       1  1  1  1  1
187       0  0  0  1  1
188       0  0  1  1  1
189       1  1  0  1  0
190       1  1  1  1  1
191       1  1  1  1  1
192       1  1  1  1  1
193       1  0  1  1  1
194       1  1  1  1  1
195       1  1  0  0  0
196       0  1  0  0  1
197       1  1  0  1  1
198       0  0  1  0  1
199       1  1  1  1  1
200       1  1  1  1  1
201       1  1  1  1  1
202       1  1  1  1  1
203       1  1  1  1  1
204       1  1  1  1  1
205       0  1  1  0  0
206       1  1  1  1  1
207       1  0  0  0  1
208       1  1  1  0  1
209       0  0  1  1  1
210       0  1  0  1  1
211       1  0  0  0  1
212       1  1  1  1  1
213       1  1  1  1  1
214       1  0  1  0  0
215       1  1  1  1  1
216       1  0  0  0  1
217       1  1  1  1  1
218       1  1  1  1  1
219       1  1  1  1  1
220       1  1  1  1  1
221       1  1  1  1  1
222       1  1  1  1  1
223       0  0  1  0  1
224       1  1  0  0  0
225       1  1  1  1  1
226       0  1  0  1  1
227       1  1  1  1  1
228       1  1  1  1  1
229       1  1  1  1  1
230       0  0  1  1  0
231       1  0  0  1  0
232       1  0  1  1  0
233       1  1  1  1  1
234       0  0  1  0  1
235       1  1  1  1  1
236       1  1  1  1  1
237       1  1  1  1  1
238       1  1  1  1  1
239       1  1  1  1  1
240       0  1  0  1  1
241       1  1  1  1  1
242       1  1  1  0  1
243       1  1  0  0  1
244       1  0  1  1  0
245       1  0  1  0  1
246       1  1  1  1  1
247       1  0  1  1  0
248       1  1  1  1  1
249       1  1  1  1  1
250       1  1  1  1  1
251       1  1  1  1  1
252       1  1  1  1  1
253       1  1  1  1  1
254       1  1  1  1  1
255       1  1  1  1  1
256       0  0  0  1  1
257       0  0  1  1  0
258       0  1  1  1  1
259       0  1  0  1  0
260       1  1  1  0  1
261       1  1  1  1  1
262       1  1  1  1  1
263       0  0  0  1  1
264       0  1  1  0  0
265       0  1  0  1  1
266       1  1  1  1  1
267       1  1  1  1  1
268       1  1  1  1  1
269       1  1  1  1  1
270       1  1  1  1  1
271       1  1  1  1  1
272       1  0  0  1  0
273       1  1  1  1  1
274       1  0  0  1  1
275       1  1  1  1  1
276       1  0  1  0  1
277       0  0  1  1  1
278       0  1  0  0  1
279       0  0  1  1  1
280       1  0  1  0  0
281       0  0  1  0  1
282       1  1  1  1  1
283       1  1  0  1  0
284       1  1  1  1  1
285       1  1  1  1  1
286       1  1  1  1  1
287       1  1  1  0  0
288       1  1  1  1  1
289       1  0  0  0  1
290       1  1  1  1  1
291       1  1  1  1  1
292       1  0  1  0  0
293       1  1  1  1  1
294       1  1  1  1  1
295       1  1  1  1  1
296       1  1  1  1  1
297       1  1  1  1  1
298       1  1  1  1  1
299       1  1  1  1  1
300       1  1  1  1  1
301       1  1  1  1  0
302       1  1  1  1  1
303       1  0  1  1  1
304       1  1  1  1  1
305       1  0  1  0  1
306       0  1  0  1  1
307       1  1  1  1  1
308       1  1  1  1  1
309       1  1  1  1  1
310       1  1  1  1  1
311       1  1  0  1  1
312       1  1  1  1  1
313       1  1  1  1  1
314       1  1  1  1  1
315       1  1  1  1  0
316       1  0  0  0  1
317       0  1  0  1  0
318       1  1  1  1  1
319       0  0  1  0  1
320       1  1  1  1  1
321       1  1  1  1  1
322       1  1  1  1  1
323       0  1  1  1  1
324       1  1  0  0  0
325       1  1  1  1  1
326       1  1  1  1  1
327       0  0  1  0  1
328       1  1  1  1  1
329       1  0  0  0  1
330       1  1  1  1  1
331       1  1  1  1  0
332       1  1  0  1  0
333       0  1  1  0  0
334       1  1  1  1  1
335       1  1  1  0  1
336       1  1  1  1  1
337       1  1  0  0  1
338       1  0  0  1  0
339       0  0  1  1  1
340       0  1  1  0  0
341       1  1  1  1  1
342       1  1  1  1  1
343       1  1  0  1  1
344       1  0  1  1  1
345       1  0  1  1  0
346       1  1  1  0  1
347       1  1  1  1  1
348       1  1  1  1  1
349       0  1  1  1  0
350       1  1  1  1  1
351       0  1  1  1  1
352       0  1  0  1  1
353       1  0  1  0  1
354       1  1  1  1  1
355       1  1  1  1  1
356       1  1  1  1  1
357       1  0  0  0  1
358       1  1  1  1  1
359       1  1  1  1  1
360       1  0  0  1  0
361       1  1  1  1  1
362       1  1  1  1  1
363       0  0  1  0  1
364       0  0  1  0  1
365       1  1  1  1  1
366       1  1  1  1  1
367       0  1  0  0  1
368       1  1  1  1  1
369       1  1  1  1  1
370       0  1  1  0  1
371       1  1  1  1  1
372       0  0  1  0  1
373       1  1  1  1  1
374       1  1  0  1  1
375       1  1  0  1  0
376       1  1  1  1  1
377       1  0  1  0  1
378       1  1  1  1  1
379       1  0  0  1  0
380       1  1  1  1  1
381       1  1  1  1  1
382       1  1  1  1  1
383       1  1  1  1  1
384       1  1  1  1  1
385       1  1  1  1  1
386       1  1  0  0  0
387       0  1  0  1  1
388       0  1  1  0  1
389       1  1  1  1  1
390       1  1  1  1  1
391       1  1  1  1  0
392       0  1  0  1  1
393       1  1  1  1  1
394       1  0  0  1  1
395       1  1  1  1  1
396       1  1  1  0  0
397       1  1  1  1  1
398       1  1  0  0  1
399       0  1  0  1  1


0             50        50
1         72.288    11.729
2         27.758    73.923
3         21.502    60.934
4         22.146    24.044
5         32.064    50.353
6         11.451     9.315
7         64.281    16.234
8         67.634    44.175
9         56.105    30.645
10          26.23    71.561
11         47.593    91.728
12          8.237    36.975
13         11.933    82.188
14          56.07    49.075
15         52.315    90.394
16         33.863    64.985
17         44.557    65.918
18         80.291    79.911
19         32.597    69.398
20         47.837     7.529
21         78.998    20.563
22         92.742    93.254
23         49.106    25.782
24         57.759    13.415
25         85.175    61.351
26         24.103    39.617
27         76.085    32.043
28         69.492    65.767
29         60.102    13.655
30         87.172     51.82
31         32.448    84.584
32         68.496    53.135
33         49.332     85.02
34         84.524    25.758
35         25.957    68.186
36         75.467    43.489
37          36.98    30.045
38         15.915    12.586
39         72.685    60.495
40         38.155    33.611


1    69.206    15.442
2    68.686    10.612
3    70.206    13.713
4    70.627      7.71
5    75.646    14.661
6    70.971    11.048
7    71.064    12.586
8    71.376     8.885
9    72.158    11.909
10     76.47      9.71
11    29.165    75.929
12      29.6    76.597
13     28.23    73.545
14    25.438    69.771
15    28.104    74.243
16    25.662    76.817
17    29.722    75.612
18     26.84    78.067
19    28.393     71.31
20    26.186    74.311
21    20.357    62.016
22    20.574    61.227
23    22.901    62.952
24    21.912    57.333
25    18.971    60.553
26    22.223    61.144
27    21.792    59.855
28    18.871    61.528
29    18.929    56.903
30    21.544    60.559
31    17.473    23.877
32    25.319    24.301
33    21.215    22.363
34    17.554     24.08
35    20.608    24.995
36    19.142    21.397
37    22.753    24.006
38    21.017    20.824
39     19.67    23.613
40    22.531     23.49
41    32.503    51.206
42    31.491    50.604
43    32.598    50.696
44    34.208    50.343
45    30.262    52.227
46    30.441    49.767
47      30.7    52.029
48    32.199    50.213
49     31.94    53.212
50    31.605    49.696
51    13.961     6.485
52     8.619    12.324
53    12.929    11.748
54    12.232    10.686
55    14.346     7.942
56    11.663     5.443
57    12.438     9.357
58    13.953     7.623
59    15.597     6.861
60    15.112     7.624
61    64.159    15.952
62      64.5    15.874
63    64.127     14.22
64    60.945    15.782
65     66.03    16.032
66    64.287    16.457
67    66.694    19.281
68    64.394    16.176
69    65.794    14.804
70    66.491     15.23
71    70.632    45.654
72    68.313    40.577
73    64.461    46.213
74    71.762    45.922
75     67.24    44.197
76    67.037    44.378
77    72.312    45.752
78    65.094    44.799
79    70.112     42.48
80     65.58    45.051
81    56.267    30.384
82    54.931    29.655
83    53.816     31.18
84    56.773    30.399
85    56.439    30.863
86    56.108    30.713
87    54.106    32.981
88    57.743    28.443
89    56.445    27.696
90    54.714    33.556
91    26.377    71.671
92    23.302    69.818
93    27.298    67.463
94    23.468    71.262
95    23.001    67.815
96    22.958    72.316
97    25.167     70.32
98    26.822    68.932
99    29.826    69.481
100    27.292    70.945
101    46.029     87.07
102    46.171    93.137
103    45.412    92.175
104    50.428    91.563
105    48.603    91.745
106    47.072    93.387
107    47.118    89.785
108    43.869    93.667
109    48.885    90.234
110     49.07    94.693
111    10.937    34.637
112     9.157    41.811
113     4.848    35.734
114     7.978    33.187
115     6.124    41.082
116    10.501     35.17
117    10.156    34.242
118     9.331    38.348
119     7.601    36.769
120     4.951     33.99
121     9.197    85.003
122    11.859    82.945
123     8.509    82.195
124    13.715    83.125
125    12.877    82.722
126    13.827    79.926
127    12.881    83.574
128     10.22    77.823
129    12.037    82.676
130     7.691    83.508
131    56.465    49.541
132    56.526    45.402
133    55.794    48.168
134    57.315    49.366
135     58.35    48.162
136    56.296     47.47
137    52.465    48.218
138    58.947    51.476
139    55.329    50.566
140    55.608     49.67
141     53.49    89.712
142    53.788    91.381
143    50.292    91.465
144    50.959    85.752
145    55.139    87.251
146    52.178    90.033
147    51.938    90.925
148    55.317    91.875
149    52.402    90.559
150    49.263    93.112
151    38.493    64.288
152    36.773    64.257
153    35.746    67.936
154    34.794    62.571
155    32.459    66.264
156    33.829    63.573
157     31.75    64.437
158     38.67     66.05
159    30.534    63.371
160    31.846     66.93
161    44.456    65.774
162    45.065    67.474
163    44.069    65.252
164    49.323    64.871
165     44.73    66.034
166    45.856    65.527
167    43.478    61.203
168    43.756    65.892
169    41.133    63.358
170    44.764    68.442
171    79.608    81.582
172    81.068    74.977
173    84.302    82.494
174    78.868     81.56
175      85.2    79.285
176    81.913    79.109
177     83.82    81.835
178    79.145    81.357
179    78.927    79.081
180    80.169    79.846
181    28.062    69.923
182    35.129    66.669
183    31.975    69.341
184    30.513     70.84
185    28.042     70.54
186    37.484    69.321
187    32.379    70.385
188    32.488    71.332
189    30.263    73.091
190    28.959     66.24
191    48.966     7.837
192    49.274    10.543
193    46.963     6.524
194    47.625     5.891
195    47.288     7.956
196    52.562     9.149
197    45.586     7.644
198    43.269     6.097
199    47.028    12.303
200    51.242     9.696
201     80.52    24.062
202    75.092    20.615
203    79.452    20.781
204    78.228     21.63
205    80.296    22.063
206    80.672    17.961
207    81.112    21.008
208     78.68    22.433
209    81.383    23.016
210    78.991    25.143
211    95.002    91.204
212    92.586    94.166
213    93.814    94.231
214    92.765    93.469
215    94.598    91.344
216    95.304    90.607
217    94.012    92.457
218    89.614    95.951
219    91.822    97.848
220    93.604    89.161
221    52.066     24.36
222    50.219    27.415
223    51.168    24.623
224    46.287    27.822
225    49.747    26.125
226    49.926    27.455
227    47.215    21.802
228    47.765    24.364
229    47.373    22.969
230    49.086    26.441
231    58.593    11.749
232    59.332    12.187
233    58.543    16.537
234    57.685    11.993
235    54.881    12.475
236    56.277    11.149
237    56.775    12.431
238    61.412    12.779
239    54.742    16.124
240    58.008    14.048
241    84.466    61.454
242    84.498     60.97
243    86.757     60.14
244    82.291    63.335
245    85.654    61.712
246    89.768    61.669
247    89.049    64.173
248    82.886     61.77
249    88.488    63.701
250    85.842    61.474
251    23.758    36.363
252    25.648    37.656
253    24.986    42.105
254    22.879    34.952
255     23.61    39.301
256    25.306    39.181
257    25.869    36.505
258    22.254    42.195
259    24.093     39.59
260     24.24    42.239
261    76.683    32.764
262     78.38    36.072
263    74.136    34.212
264    72.628    32.549
265    75.868    32.261
266    80.503    33.448
267    76.312    30.888
268    77.267    30.992
269    74.708    29.807
270    77.558    32.635
271    71.807    69.458
272    69.173    69.165
273    71.021    65.811
274    67.167    64.534
275    70.641    62.979
276    72.746    63.379
277    70.404    67.243
278    64.687    64.629
279    71.804    61.797
280    69.891    67.527
281    57.381    13.703
282    61.611    11.005
283    56.825    13.448
284    61.346    14.853
285    59.611     14.15
286    59.098    10.873
287    56.641    12.084
288    55.383    14.725
289     56.67    13.536
290    56.978    16.947
291    87.467    55.377
292    91.105    52.989
293     90.08    48.003
294    86.798    51.741
295     85.87     54.73
296    86.678    52.991
297    90.583    54.938
298    87.763    51.435
299    91.002    51.905
300    84.347    51.522
301    30.721    87.126
302    35.218    85.738
303    36.337     83.27
304    33.992    85.074
305    30.439    83.947
306    32.256    88.672
307    32.393    85.035
308    34.451     84.94
309    34.836    83.021
310    31.666    86.623
311    69.456    52.406
312    68.406    53.693
313     64.91    54.267
314    67.298    50.922
315    65.946    50.686
316     67.53    53.346
317    72.013    52.652
318    68.131    53.988
319    69.651    55.233
320    66.882    49.446
321    48.358    82.812
322    49.306    85.407
323    47.944    87.232
324     53.48    85.175
325    46.767    84.369
326    49.072    84.434
327    51.598    81.045
328    49.249    84.874
329    49.602    84.805
330    47.019    85.713
331    87.459    27.256
332    82.251    22.804
333    83.306    25.527
334    88.556    28.656
335    88.569    28.026
336    84.486    25.827
337    83.748    23.676
338    83.195    25.165
339    84.149    26.406
340    84.472     25.76
341     27.17    70.429
342    23.341    65.946
343    25.635    67.412
344    25.948    68.174
345    24.967    68.947
346    28.954    66.336
347     24.43    66.665
348    24.261    69.036
349    30.187    69.504
350    25.201    67.612
351    75.434    42.578
352    77.959    45.554
353    76.966    47.021
354    71.807    40.746
355    78.087    40.443
356    76.221    41.446
357    73.022    43.692
358    78.042    45.076
359    75.901     44.04
360    74.543    43.981
361      37.2     33.26
362    37.066    30.079
363    33.666    27.257
364     38.35    29.418
365    36.959    30.372
366    34.381    32.337
367    37.489    29.761
368    37.962    31.816
369    36.991    30.183
370    35.397    28.909
371    18.776     9.995
372    16.129     12.37
373    17.607    11.597
374    19.059    12.015
375    18.349     8.291
376    18.544    13.871
377    19.797     15.73
378    16.075     9.999
379    14.821    13.057
380    13.849    11.813
381    70.969    61.363
382    73.106    60.422
383    71.473    59.134
384    74.419    60.399
385    72.854    60.488
386    70.242    56.669
387    75.181    61.529
388    72.649    60.296
389    71.425    59.673
390    71.676    60.043
391    36.568    32.218
392    38.631    33.445
393    40.485    33.232
394    38.172    33.624
395    38.359    29.455
396    34.963    31.611
397    39.733    34.631
398    35.602    29.482
399    39.924    34.993
400    39.553    34.161
