41 Stops, 800 Students, 5 Max_Walking, 25 Capacity, 5 Days 

0       1  1  1  1  1
1       1  1  1  1  1
2       1  1  1  1  1
3       1  1  1  1  1
4       1  1  1  1  1
5       1  1  1  1  1
6       1  1  1  1  1
7       1  1  1  1  1
8       1  1  1  1  1
9       1  1  1  1  1
10       1  1  1  1  1
11       1  1  1  1  1
12       1  1  1  1  1
13       1  1  1  1  1
14       1  1  1  1  1
15       1  1  1  1  1
16       1  1  1  1  1
17       1  1  1  1  1
18       1  1  1  1  1
19       1  1  1  1  1
20       1  1  1  1  1
21       1  1  1  1  1
22       1  1  1  1  1
23       1  1  1  1  1
24       1  1  1  1  1
25       1  1  1  1  1
26       1  1  1  1  1
27       1  1  1  1  1
28       1  1  1  1  1
29       1  1  1  1  1
30       1  1  1  1  1
31       1  1  1  1  1
32       1  1  1  1  0
33       1  1  1  1  1
34       1  1  1  1  1
35       1  1  1  1  1
36       0  1  1  0  0
37       0  1  0  0  1
38       1  1  1  1  1
39       1  1  1  1  1
40       1  1  1  1  1
41       0  1  0  1  0
42       0  1  1  1  0
43       1  1  1  1  1
44       1  1  1  1  1
45       1  1  1  1  1
46       1  1  1  1  1
47       1  1  1  1  1
48       1  1  0  1  0
49       1  1  1  1  1
50       1  1  1  1  1
51       1  1  1  1  1
52       1  1  1  1  1
53       1  1  1  1  1
54       1  1  1  1  1
55       1  0  0  0  1
56       1  1  1  1  1
57       1  0  0  0  1
58       1  1  1  1  1
59       1  0  1  1  1
60       1  1  1  1  1
61       1  1  1  1  1
62       0  0  0  1  1
63       1  1  1  1  1
64       1  1  1  1  1
65       1  1  1  1  1
66       1  1  1  1  1
67       1  0  1  1  0
68       0  1  0  1  0
69       1  1  1  1  1
70       1  1  1  1  1
71       1  0  0  0  1
72       1  1  1  1  1
73       1  1  1  1  1
74       1  1  1  1  1
75       1  1  1  1  1
76       0  0  1  1  0
77       1  1  1  1  1
78       1  1  1  1  1
79       1  1  1  1  1
80       1  1  1  1  1
81       1  1  1  1  1
82       1  0  0  1  1
83       1  1  1  1  1
84       1  1  1  1  1
85       1  1  1  1  1
86       1  1  1  1  1
87       1  1  1  1  1
88       1  1  1  1  1
89       1  1  1  1  1
90       0  0  1  0  1
91       1  1  1  1  1
92       0  1  0  1  0
93       1  1  1  1  1
94       1  1  1  1  1
95       1  1  1  1  1
96       1  1  1  1  1
97       1  1  1  1  1
98       1  1  1  1  1
99       1  1  1  1  1
100       1  1  1  1  1
101       1  1  1  1  1
102       1  1  1  1  1
103       1  0  1  0  1
104       0  1  0  1  1
105       1  1  1  1  1
106       1  1  1  1  1
107       1  1  1  1  1
108       1  1  1  1  1
109       1  1  1  1  1
110       1  1  1  1  1
111       1  1  1  1  1
112       1  1  1  1  1
113       1  1  1  1  1
114       1  1  1  0  0
115       0  1  1  0  0
116       1  1  1  1  1
117       1  0  0  1  1
118       0  0  0  1  1
119       1  1  1  1  1
120       1  1  1  1  1
121       1  1  1  1  1
122       1  1  1  1  1
123       1  1  0  0  0
124       1  1  1  1  1
125       0  1  1  0  0
126       1  1  1  1  1
127       1  1  1  1  1
128       1  1  1  1  1
129       1  1  1  1  1
130       0  1  1  0  0
131       1  1  1  1  1
132       1  1  0  0  0
133       1  1  1  1  1
134       1  1  1  1  1
135       0  1  1  0  0
136       1  1  1  1  1
137       1  1  1  1  1
138       1  1  1  1  1
139       1  1  1  0  0
140       1  1  1  1  1
141       1  1  1  1  1
142       1  1  1  1  1
143       1  1  1  1  1
144       1  1  1  1  1
145       1  1  1  1  1
146       1  0  0  1  1
147       1  1  1  1  1
148       1  1  1  1  1
149       1  1  1  1  1
150       1  1  1  1  1
151       1  1  1  1  1
152       1  1  1  1  1
153       1  1  1  1  1
154       1  1  1  1  1
155       1  1  1  1  1
156       1  1  1  1  1
157       1  1  1  1  1
158       1  1  1  1  1
159       1  1  1  1  1
160       1  1  1  1  1
161       0  0  1  1  0
162       1  1  1  1  1
163       1  1  0  0  1
164       1  1  1  1  1
165       1  1  1  1  1
166       1  1  1  1  1
167       1  1  0  0  1
168       1  0  0  1  1
169       1  1  1  1  1
170       1  1  1  1  1
171       1  1  1  1  1
172       1  0  1  1  0
173       1  1  1  1  1
174       1  1  1  1  1
175       1  1  1  1  1
176       1  1  1  1  1
177       1  1  1  1  1
178       0  1  1  1  0
179       1  1  1  1  1
180       1  1  1  1  1
181       1  1  1  1  1
182       1  1  1  1  1
183       1  1  1  1  1
184       1  1  1  1  1
185       1  1  1  1  1
186       1  1  1  1  1
187       1  1  1  1  1
188       1  1  1  1  1
189       1  1  1  1  1
190       1  1  1  1  1
191       1  1  1  1  1
192       1  0  0  1  1
193       1  1  1  1  1
194       1  1  1  1  1
195       1  1  1  1  1
196       1  1  1  1  1
197       1  1  1  1  1
198       1  1  1  1  1
199       1  1  1  1  1
200       1  1  1  1  1
201       1  1  1  1  1
202       1  1  1  1  1
203       1  1  1  0  1
204       1  1  1  1  1
205       0  1  0  1  1
206       1  1  1  1  1
207       1  1  1  1  1
208       0  1  0  0  1
209       1  1  1  1  1
210       0  1  1  0  0
211       1  1  1  1  1
212       1  0  0  1  0
213       1  1  1  0  1
214       1  1  1  1  0
215       1  1  0  0  1
216       1  1  1  1  1
217       1  1  1  1  1
218       1  1  1  1  1
219       0  1  1  0  0
220       1  1  1  1  1
221       1  1  1  1  1
222       1  1  1  1  1
223       1  1  1  1  1
224       0  1  1  1  1
225       1  1  1  1  1
226       1  1  1  1  1
227       1  1  1  0  0
228       1  1  1  1  1
229       1  1  1  1  1
230       1  1  1  1  1
231       0  1  0  1  0
232       1  1  1  1  1
233       1  1  0  0  1
234       1  1  1  1  1
235       0  0  1  0  1
236       1  1  1  1  1
237       1  1  1  1  0
238       1  1  1  1  1
239       1  1  1  1  1
240       1  0  0  0  1
241       1  1  1  1  1
242       1  1  1  1  1
243       1  1  1  1  1
244       1  1  1  1  1
245       1  1  0  1  1
246       1  1  1  1  1
247       1  1  1  1  1
248       1  1  1  1  1
249       1  1  1  1  1
250       1  1  1  1  1
251       1  1  1  1  1
252       1  1  1  1  1
253       1  0  0  0  1
254       1  1  1  1  1
255       1  1  1  1  1
256       0  1  0  1  0
257       1  1  1  1  1
258       1  1  0  1  1
259       1  1  1  1  1
260       1  1  1  1  1
261       1  1  1  1  1
262       1  1  0  0  1
263       1  0  1  1  0
264       0  1  1  1  1
265       1  1  1  1  1
266       0  0  1  0  1
267       1  1  1  1  1
268       1  1  1  1  1
269       1  1  1  1  1
270       0  1  0  0  1
271       1  1  0  1  0
272       1  1  1  1  1
273       1  1  1  1  1
274       1  0  0  0  1
275       1  1  1  1  1
276       1  1  1  1  1
277       1  1  1  1  1
278       1  1  1  1  1
279       1  1  1  1  1
280       1  1  0  1  1
281       1  1  1  1  1
282       1  1  1  1  1
283       1  1  1  1  1
284       1  1  1  1  1
285       1  1  1  1  1
286       1  1  1  1  1
287       1  1  1  1  1
288       1  1  1  1  1
289       1  1  1  1  1
290       1  1  1  1  1
291       1  1  1  1  1
292       1  1  1  1  1
293       1  1  1  1  1
294       1  1  1  1  1
295       1  1  1  1  1
296       1  0  0  0  1
297       1  1  1  1  1
298       1  0  1  1  1
299       1  0  1  1  0
300       1  1  1  1  1
301       0  0  1  1  0
302       0  0  1  1  0
303       0  0  1  1  1
304       1  1  1  1  1
305       1  1  1  1  1
306       0  0  1  1  1
307       0  0  0  1  1
308       1  1  1  1  1
309       1  1  1  1  1
310       1  1  0  0  0
311       1  1  1  1  1
312       1  1  1  1  1
313       1  1  1  1  1
314       1  1  1  1  1
315       0  1  1  0  0
316       1  1  1  1  1
317       1  1  1  0  1
318       1  1  1  1  1
319       0  1  1  0  1
320       1  1  1  1  1
321       0  1  1  1  1
322       1  1  1  1  1
323       1  1  0  0  0
324       1  1  1  1  1
325       1  1  1  1  1
326       1  1  1  1  1
327       1  1  1  1  1
328       1  1  0  0  0
329       1  1  1  1  1
330       1  1  1  1  1
331       1  1  1  1  1
332       1  1  1  1  1
333       1  1  1  1  1
334       1  1  1  1  1
335       0  0  0  1  1
336       1  1  1  1  1
337       1  1  1  1  1
338       1  1  1  1  1
339       1  1  1  1  1
340       1  1  1  1  1
341       1  1  1  1  1
342       1  1  1  0  0
343       1  1  1  1  1
344       1  1  1  1  1
345       1  1  1  1  1
346       1  1  1  1  1
347       1  1  1  1  1
348       1  1  1  1  1
349       1  1  1  1  1
350       1  1  1  1  1
351       1  1  1  1  1
352       1  0  0  1  0
353       1  1  1  1  1
354       0  1  1  0  0
355       0  1  1  1  1
356       1  1  1  1  1
357       0  0  1  1  1
358       1  0  0  1  0
359       1  0  1  1  0
360       1  1  1  1  1
361       1  1  1  1  1
362       1  1  1  1  1
363       1  1  1  1  0
364       1  1  1  1  1
365       0  1  0  1  1
366       1  1  0  0  0
367       1  1  1  1  1
368       1  1  1  1  1
369       1  0  0  1  1
370       1  1  1  1  1
371       1  1  1  1  1
372       1  1  1  1  1
373       1  1  1  1  1
374       1  1  0  0  0
375       1  1  1  1  1
376       1  0  0  1  1
377       1  1  1  1  1
378       1  1  1  1  1
379       1  1  1  1  1
380       1  1  1  1  1
381       1  1  1  1  1
382       1  1  1  1  1
383       1  1  1  1  1
384       1  1  1  1  1
385       1  1  1  1  1
386       1  1  1  1  1
387       0  1  0  0  1
388       1  1  1  1  1
389       1  1  1  1  1
390       1  1  1  1  1
391       1  1  1  1  1
392       1  0  1  1  0
393       0  0  0  1  1
394       0  0  0  1  1
395       1  1  1  1  1
396       1  1  1  1  1
397       1  1  1  1  1
398       1  1  1  1  1
399       1  1  1  1  1
400       1  0  0  1  0
401       1  1  0  1  1
402       1  1  1  1  1
403       1  1  1  1  1
404       1  0  1  1  0
405       0  1  0  1  0
406       1  1  1  1  1
407       1  1  1  1  1
408       1  1  1  1  1
409       1  1  1  1  1
410       1  1  1  1  1
411       1  1  1  1  1
412       1  1  1  1  1
413       1  1  1  1  1
414       1  1  1  1  1
415       0  0  0  1  1
416       1  1  1  1  1
417       1  1  1  1  1
418       1  1  1  1  1
419       0  1  0  1  1
420       0  0  1  1  0
421       1  1  1  1  1
422       1  1  1  1  1
423       1  1  1  1  1
424       1  1  1  1  1
425       1  1  1  1  1
426       1  1  1  1  1
427       1  0  0  0  1
428       1  1  1  1  1
429       1  1  1  1  1
430       1  1  1  1  1
431       1  1  1  1  1
432       1  1  1  1  1
433       1  1  0  1  0
434       1  1  1  1  1
435       0  1  0  1  1
436       1  1  1  1  1
437       1  1  1  1  1
438       1  1  1  1  1
439       1  1  1  1  1
440       1  1  1  1  1
441       0  0  1  0  1
442       1  0  1  0  1
443       1  1  1  1  1
444       1  1  1  1  1
445       1  1  1  1  1
446       1  1  1  1  1
447       1  1  1  1  1
448       1  1  1  0  1
449       1  1  1  1  1
450       1  1  1  1  1
451       1  1  1  1  1
452       1  1  1  1  1
453       1  1  1  1  1
454       1  1  1  1  1
455       1  1  1  1  1
456       0  0  0  1  1
457       1  1  1  1  1
458       1  1  1  1  1
459       1  1  1  1  1
460       1  1  1  1  1
461       1  1  1  1  1
462       1  1  1  1  1
463       1  1  1  1  1
464       1  1  1  1  1
465       1  1  1  1  1
466       1  1  1  1  1
467       0  1  0  1  1
468       1  1  1  1  1
469       1  1  1  1  1
470       1  1  1  1  1
471       1  0  0  1  1
472       1  1  1  1  1
473       1  1  1  1  1
474       1  1  1  1  1
475       0  1  0  1  0
476       1  1  1  1  1
477       1  1  1  1  1
478       1  0  1  0  0
479       1  1  1  1  1
480       1  1  1  1  1
481       1  1  1  1  1
482       1  1  1  1  1
483       0  1  0  1  1
484       1  1  1  1  1
485       1  1  1  1  1
486       1  0  1  0  0
487       1  1  1  1  1
488       1  1  1  1  1
489       1  1  1  1  1
490       1  1  1  1  1
491       1  0  0  1  1
492       1  1  1  1  1
493       1  1  1  1  1
494       1  0  1  1  0
495       1  1  1  1  1
496       1  1  1  1  1
497       1  1  1  1  1
498       1  0  0  1  0
499       1  1  1  1  1
500       1  1  1  1  1
501       1  1  1  1  1
502       1  1  1  1  1
503       1  1  1  1  1
504       1  1  1  1  1
505       1  1  1  1  1
506       1  1  1  1  1
507       1  1  1  1  1
508       1  1  1  1  1
509       1  1  1  1  1
510       1  1  1  1  1
511       0  1  0  1  1
512       1  1  1  1  1
513       1  1  1  1  1
514       0  0  0  1  1
515       1  1  1  1  1
516       1  1  1  1  1
517       1  1  1  1  1
518       0  1  0  1  1
519       1  1  1  1  1
520       1  0  0  1  0
521       1  1  1  1  1
522       1  0  0  0  1
523       1  1  1  1  1
524       1  1  1  1  1
525       1  1  1  1  1
526       1  1  1  1  1
527       1  1  1  1  1
528       1  1  1  1  1
529       1  1  1  1  1
530       1  1  1  1  1
531       1  1  1  1  1
532       1  1  1  1  1
533       1  1  1  1  1
534       0  0  1  1  1
535       1  1  1  1  1
536       1  1  1  1  1
537       1  0  1  1  1
538       1  1  1  1  1
539       1  0  1  0  0
540       0  1  0  0  1
541       1  1  1  1  0
542       1  1  1  1  1
543       1  1  1  1  1
544       1  1  1  1  1
545       1  1  1  1  1
546       1  1  1  1  1
547       1  1  1  1  1
548       1  1  1  1  1
549       1  1  1  1  1
550       1  1  1  1  1
551       1  1  1  1  1
552       1  1  1  1  1
553       1  1  1  1  1
554       1  1  1  1  1
555       1  1  1  1  1
556       1  1  1  1  1
557       1  1  1  1  1
558       1  1  1  1  1
559       1  1  1  1  1
560       1  1  1  1  1
561       1  1  1  1  1
562       1  1  1  1  1
563       0  0  1  1  0
564       1  1  1  1  1
565       1  1  1  1  1
566       1  1  1  1  1
567       1  1  1  1  1
568       1  1  1  1  1
569       1  1  1  0  1
570       1  0  1  0  0
571       1  0  0  0  1
572       1  1  1  0  0
573       1  1  1  1  1
574       1  1  1  1  1
575       1  1  1  1  1
576       1  1  1  1  1
577       1  1  1  1  1
578       1  1  1  1  1
579       1  1  1  1  1
580       1  1  1  1  1
581       1  1  1  1  1
582       0  0  1  1  1
583       0  0  1  1  0
584       1  1  1  1  1
585       1  1  1  1  1
586       1  1  1  1  1
587       1  1  1  1  1
588       1  1  1  1  1
589       0  0  0  1  1
590       1  1  1  1  1
591       1  1  1  1  1
592       1  1  1  1  1
593       1  0  1  1  1
594       1  1  0  0  1
595       1  1  1  1  1
596       1  1  1  1  1
597       1  1  0  0  1
598       1  1  1  1  1
599       1  1  1  1  1
600       1  1  1  1  1
601       0  0  1  0  1
602       1  1  1  1  1
603       1  1  1  1  1
604       1  1  1  1  1
605       1  1  1  1  1
606       1  1  1  1  1
607       1  1  1  1  1
608       1  0  0  1  1
609       1  1  1  1  1
610       1  0  1  1  0
611       0  1  1  0  0
612       1  1  1  1  1
613       0  0  1  1  1
614       0  1  1  0  0
615       1  1  1  1  0
616       1  0  0  1  0
617       1  1  1  1  1
618       1  1  1  1  1
619       1  1  1  1  1
620       1  1  1  1  1
621       1  0  1  1  0
622       0  1  1  1  1
623       1  1  1  1  1
624       1  1  1  1  1
625       1  1  1  1  1
626       1  1  1  1  1
627       1  1  1  1  1
628       1  1  1  1  1
629       1  1  1  1  1
630       1  1  1  1  1
631       1  0  1  1  1
632       1  1  1  1  1
633       1  1  1  1  1
634       1  1  1  1  1
635       1  1  1  0  1
636       1  0  1  1  0
637       1  1  1  1  1
638       1  0  1  0  0
639       0  0  1  0  1
640       1  1  1  1  1
641       1  1  1  1  1
642       1  1  1  1  1
643       1  1  1  1  1
644       1  1  0  1  0
645       1  1  1  1  1
646       1  1  1  1  1
647       1  1  1  1  1
648       1  1  1  1  1
649       1  1  1  1  1
650       1  1  1  1  1
651       1  1  1  1  0
652       1  1  1  1  1
653       0  1  0  1  1
654       1  1  1  1  1
655       1  1  1  1  1
656       0  1  1  0  1
657       1  1  0  1  1
658       1  1  1  1  1
659       1  1  1  1  1
660       1  1  1  1  1
661       1  1  1  1  1
662       1  1  1  1  1
663       1  1  1  1  1
664       1  1  1  1  1
665       1  1  1  1  1
666       1  1  1  1  1
667       1  0  1  1  0
668       0  1  1  0  0
669       1  1  1  1  1
670       1  1  1  1  1
671       1  1  1  1  1
672       1  1  1  1  1
673       1  1  1  1  1
674       1  1  1  1  1
675       1  1  1  1  1
676       1  1  1  1  1
677       1  1  1  1  1
678       1  1  1  1  1
679       1  1  1  1  1
680       1  0  1  0  1
681       1  1  1  1  1
682       1  1  1  1  1
683       1  1  0  0  1
684       1  1  0  0  0
685       1  1  1  1  1
686       1  1  1  1  1
687       1  1  1  1  1
688       1  1  1  1  1
689       1  1  1  1  1
690       1  1  1  1  1
691       1  1  1  1  1
692       1  1  1  1  1
693       1  1  1  1  1
694       1  1  1  1  1
695       1  1  1  1  1
696       1  1  1  1  1
697       1  1  1  1  1
698       1  1  1  1  1
699       1  1  1  1  1
700       0  1  1  0  0
701       1  1  1  1  1
702       1  1  1  1  1
703       1  1  1  1  1
704       1  1  0  1  1
705       1  1  1  1  1
706       0  1  1  1  1
707       1  1  1  1  1
708       1  1  1  1  1
709       0  1  1  0  0
710       1  1  1  1  1
711       1  1  1  1  1
712       1  1  1  1  1
713       0  1  0  0  1
714       1  1  1  1  1
715       1  1  1  1  1
716       1  1  1  1  1
717       1  1  1  1  1
718       0  0  1  1  0
719       1  1  1  1  1
720       1  1  1  1  1
721       1  1  1  1  1
722       1  0  1  1  1
723       1  1  1  1  1
724       1  0  1  0  0
725       1  1  1  1  1
726       0  0  0  1  1
727       1  1  0  1  1
728       1  1  1  1  1
729       1  1  1  1  1
730       1  1  1  1  1
731       1  1  1  1  1
732       1  1  1  1  1
733       1  1  1  1  1
734       1  1  1  1  1
735       1  1  1  1  1
736       1  1  1  1  1
737       1  1  1  1  1
738       1  1  1  1  1
739       1  1  1  1  1
740       1  1  1  1  1
741       1  1  1  1  1
742       1  1  1  1  1
743       1  1  1  1  1
744       1  1  1  1  1
745       1  1  1  1  1
746       1  1  1  1  1
747       1  1  1  1  1
748       0  0  1  0  1
749       1  1  1  1  1
750       1  1  1  1  1
751       1  1  1  1  1
752       1  1  1  1  1
753       1  1  1  1  1
754       1  1  1  1  1
755       1  1  1  1  1
756       1  1  0  1  0
757       0  0  1  1  0
758       1  1  1  1  1
759       1  1  1  1  1
760       1  1  1  1  1
761       1  1  1  1  1
762       0  0  1  1  1
763       1  1  1  1  1
764       1  1  1  1  1
765       1  1  1  1  1
766       1  1  1  1  1
767       1  1  1  1  1
768       1  1  1  1  1
769       1  1  1  1  1
770       1  0  1  0  1
771       1  1  1  1  1
772       1  1  1  1  1
773       1  1  1  1  1
774       1  1  1  1  1
775       1  1  1  1  1
776       0  0  1  0  1
777       1  1  1  1  1
778       1  0  1  1  1
779       1  1  1  1  1
780       1  1  0  0  0
781       0  1  1  1  0
782       1  1  1  1  1
783       1  1  1  1  1
784       1  1  1  1  1
785       1  1  1  1  1
786       1  1  0  0  1
787       1  1  1  1  1
788       1  1  1  1  1
789       0  1  0  1  1
790       1  1  1  0  0
791       1  0  1  0  0
792       1  1  1  1  1
793       1  1  1  1  1
794       1  1  1  1  1
795       1  1  1  1  1
796       1  1  1  0  0
797       0  1  1  0  1
798       1  1  1  1  1
799       1  0  0  1  1


0             50        50
1         32.752     7.734
2         11.854     8.018
3         34.034    85.479
4         41.121    28.428
5         83.681    19.207
6         64.861    58.868
7          5.526    28.056
8         80.533    50.832
9         55.491      5.11
10         56.043     11.83
11         44.542    73.035
12         86.762      57.4
13         75.077    12.431
14         53.616      7.72
15         29.033    21.502
16         72.508    83.018
17         56.783    80.147
18         38.113    15.532
19         79.793    22.308
20         93.581    44.813
21         82.912     22.58
22         11.108    23.903
23         83.071    83.573
24         50.019    52.483
25         90.449     44.82
26          12.16    27.834
27         18.926    33.422
28         92.362    20.479
29          78.32    10.878
30         87.828     66.72
31          6.351    42.861
32         20.737     6.275
33         25.663    35.961
34         34.552    24.816
35         86.044    79.125
36         31.382    48.616
37         15.641    71.963
38          32.48    63.252
39         10.032    52.892
40         83.823    10.213


1    30.385     5.751
2    35.104     9.012
3    28.735     9.563
4    29.696       9.1
5    32.424     8.381
6    33.057     7.416
7    32.168     7.283
8     33.15     8.084
9     32.84     7.663
10    31.313    10.054
11    32.394     7.393
12    32.863     8.266
13    33.371    10.589
14      32.8      7.61
15    33.757     7.073
16    28.696     7.456
17     34.63     4.708
18    32.612     8.333
19    28.175     6.281
20    31.333     7.749
21    10.531     8.613
22     7.078     9.181
23    12.374     5.757
24     7.384     7.849
25     8.094     9.707
26    11.388    10.218
27      9.16     8.427
28    11.969     8.395
29    11.812     8.098
30    12.814     6.305
31    11.719    10.548
32    14.327     5.246
33    10.405      6.87
34    15.092    11.062
35     7.995     6.643
36       9.4     4.358
37    10.953     5.939
38    11.617     8.014
39     7.967    10.044
40    11.638     7.736
41    33.147    85.604
42    33.748     85.09
43    29.467    84.757
44    34.087    82.711
45    35.838    85.859
46    35.675    86.195
47    32.244    85.844
48    30.393    86.715
49    32.367    81.953
50    31.814    82.412
51    35.452    88.811
52    30.398    88.268
53    35.477    83.614
54    33.025     85.63
55     30.46    85.286
56    33.754      87.3
57    32.946    81.855
58    33.823    85.774
59    32.452    87.352
60    34.157    85.647
61    40.946    28.497
62    38.792     29.49
63    40.342    28.689
64     40.85    27.208
65    40.317    28.883
66    39.732    30.089
67    38.972    29.888
68    41.754    27.637
69     40.94    30.179
70    40.904    28.438
71    40.735    31.857
72    45.918    28.637
73    39.872    25.242
74    42.857    27.617
75    42.327    25.706
76    43.249    28.645
77     40.72    25.282
78    41.988    28.132
79     44.53    31.182
80    38.187    28.534
81    83.915    21.991
82    85.601    19.434
83    82.306    20.217
84    85.242    22.894
85    87.183    21.523
86    88.601    19.544
87    84.855    20.432
88    83.141    19.871
89    82.694    20.079
90    84.403     19.41
91    80.503    20.192
92    85.073    18.603
93    82.737    21.389
94    80.025    19.188
95    80.946    19.345
96    85.065    20.482
97    83.222    19.912
98    81.344    19.365
99    83.169    19.227
100    85.451    14.845
101    64.316    59.394
102    64.937    60.814
103     63.91    58.806
104    63.451    57.529
105     68.07    56.209
106    62.719    57.434
107    62.277     55.78
108    60.241    58.771
109    64.964     59.01
110    66.962    60.192
111    66.073    59.861
112    63.793     58.03
113    63.569    57.535
114    62.558    55.435
115    66.202    57.977
116    68.567    59.465
117    65.263    59.643
118    62.505    58.893
119    64.674    59.754
120    64.856    58.817
121     5.156    26.951
122     1.002    27.109
123     4.694    29.423
124     6.036    25.555
125     5.023    28.967
126     4.865    28.303
127     3.371    30.632
128     9.863    26.284
129     7.547    28.245
130     5.316    28.554
131      4.04    24.755
132     9.135    27.031
133     9.416    26.468
134     2.568    28.469
135     4.998    29.385
136     1.393    29.759
137     7.007    29.873
138     9.417    28.543
139     5.416    28.219
140     7.272    26.037
141    77.443    54.009
142    79.613     52.28
143    78.372    47.681
144    78.499    50.989
145    80.516    50.826
146    82.374    52.375
147    81.538    49.689
148    77.431    47.374
149     80.42    48.417
150    78.418    49.755
151    84.106     51.52
152    77.953     53.09
153    80.235    49.645
154    76.103    50.396
155    80.183    50.185
156    80.567    50.812
157    79.036    48.881
158    83.215    50.058
159    79.994    47.543
160    78.266    52.303
161    55.544      5.09
162    55.209     4.821
163    52.364     4.248
164    55.359      6.24
165    57.446     5.455
166     54.49     2.946
167    57.932     4.092
168    56.045     6.169
169    56.842     3.326
170    55.438     5.336
171    55.537     8.211
172    54.945     3.067
173    53.998     5.294
174     57.81     5.056
175    50.686     5.509
176    52.202      5.23
177    57.022     3.643
178    51.384     2.745
179    54.788     5.704
180    55.534     4.916
181    53.665    13.108
182    57.473    13.197
183    52.824     9.072
184    56.319    11.263
185    55.016    12.091
186    59.924    11.711
187    58.078     7.907
188    56.379     12.84
189    55.749    14.194
190    55.097     15.03
191    56.698    12.695
192    56.522    11.791
193    59.014    13.875
194    55.405     7.159
195    54.163    16.094
196    59.826     13.31
197    53.593    12.705
198    54.106    10.914
199    53.319    10.498
200    57.585    15.976
201    45.342    75.987
202    45.115    74.822
203    47.847    71.878
204    43.821    74.782
205    48.533    75.753
206    43.328    73.236
207    44.552    73.026
208    44.887    70.328
209    43.484    73.072
210    46.714    74.942
211    44.438    73.017
212    48.207    73.833
213    44.052    71.342
214    42.454    72.487
215    44.827    70.003
216    48.435    72.935
217    44.429    72.704
218     43.85    72.611
219    45.537    73.014
220     45.01    72.169
221    88.547    58.146
222    84.901    56.748
223    89.334    56.375
224    87.527    57.628
225    85.051    54.406
226    87.072    57.055
227    84.312    59.985
228    85.061    52.704
229    89.522    54.833
230    85.461    58.861
231    89.868    60.039
232    87.337    57.469
233    84.899    60.144
234    88.272    59.951
235    86.298    56.074
236    83.522    61.022
237    85.939    59.214
238    84.937    58.601
239    86.309     56.94
240    88.092    57.259
241    74.249    13.593
242    74.245    11.959
243    74.663    12.354
244    75.502    11.819
245    73.695    14.669
246    77.033     7.839
247    75.863    10.294
248    75.756    12.948
249    77.888    16.501
250    79.849    12.831
251    75.645    10.766
252    75.867    13.069
253    75.659     9.225
254    78.556    11.515
255    72.414    11.807
256    77.624    14.164
257    77.916    11.229
258    77.622    15.186
259    79.303    10.494
260    75.528     13.97
261    50.721     4.288
262    53.822     9.045
263    55.619    10.644
264    51.949      7.89
265    51.075     6.204
266    53.898    10.187
267    54.025     6.845
268    53.982     7.023
269    52.587     7.613
270    53.266     8.772
271    53.569     6.981
272    52.285    11.467
273    55.725     7.678
274     53.81     6.887
275    52.122     4.929
276    53.764     7.577
277    56.727     5.225
278    51.499     6.094
279    49.818     9.079
280    53.047     9.268
281     28.71    21.582
282      27.9    21.897
283    29.072    21.506
284    26.925    22.479
285    31.073    21.475
286    31.655    20.496
287    33.156    23.922
288    29.042     21.51
289    27.231    23.217
290    27.644     20.08
291    27.726    24.669
292    27.224    20.362
293    30.972    21.154
294    30.694    22.632
295    28.527    21.258
296    29.788    22.325
297    28.679    20.115
298    27.165    20.483
299    30.815    24.368
300    28.714    22.118
301    69.771    83.667
302    70.345    82.912
303    72.025    82.389
304    71.509    85.928
305    75.866    81.168
306    71.988    85.844
307    73.367    82.613
308    73.561    82.914
309    73.588    80.875
310    70.674     82.61
311    73.817    82.265
312    74.931    86.714
313    67.739    83.353
314    71.507    84.334
315    75.741    86.131
316    72.978    82.668
317    74.462    83.369
318    73.135    85.789
319     71.55     80.08
320    74.472    83.959
321    54.146    79.337
322    58.044    79.603
323    58.422     80.34
324    55.738    79.161
325    56.806    79.791
326    54.029    80.802
327    56.342    80.643
328    57.342    79.292
329    61.316    78.253
330    53.816    80.936
331    57.411    76.991
332    57.822    80.734
333    59.857    80.341
334     56.87    80.099
335    56.819    77.566
336    56.262    79.217
337    53.073    79.902
338    56.025    82.321
339    56.523    79.682
340    60.503     82.31
341    36.699    17.501
342    39.553    16.876
343    35.308    18.168
344    42.669    16.435
345    36.553    13.439
346    36.966    15.413
347    37.972    15.626
348    41.195    13.837
349    37.762    16.234
350    38.316    12.728
351      34.5     16.06
352    34.792    15.809
353    36.425    15.601
354    37.962    15.798
355    37.242    14.388
356    36.333    11.972
357     39.99    13.977
358    37.714    15.617
359    38.691    18.561
360    37.581    14.596
361    79.501    21.936
362    77.857     19.96
363    77.168    22.981
364    83.457    23.243
365    82.628    22.129
366    76.987    19.884
367    77.524    18.787
368     79.33    21.391
369    79.866    22.337
370     76.21    23.758
371     81.83    20.073
372    79.612    22.687
373    76.519    23.295
374    83.758    21.039
375     79.57    23.688
376    81.636    25.461
377    75.809    20.122
378     81.78     22.93
379    82.884    25.514
380    80.758    23.197
381    94.336    47.612
382    90.946    48.201
383    93.089    47.936
384    90.599    46.318
385    93.143    49.176
386    96.426    41.656
387    92.875    43.494
388    94.527    43.462
389     94.97    46.393
390    96.093    45.977
391    95.436    43.861
392    96.601    42.789
393    95.737    45.679
394    89.602    46.698
395    90.471      44.9
396    95.384    44.437
397      96.9    48.153
398    93.041    46.694
399    94.093    44.965
400    93.112    43.284
401    82.492    18.664
402    84.439    20.257
403    80.971    20.262
404    85.772    19.265
405    84.116    17.804
406    82.345    26.288
407    83.428    23.747
408    84.111    25.936
409    79.386     23.17
410    86.054    24.591
411    83.367    25.155
412    79.098    20.997
413    80.465    26.146
414    81.438    25.712
415     83.95    19.684
416    87.266    23.279
417    83.786    26.495
418    83.164    22.826
419    79.761    18.842
420    86.541    25.859
421     9.789    23.419
422    12.863    21.306
423    10.921    24.129
424     9.145    19.807
425    11.122    24.071
426     9.422    22.808
427    13.074    21.247
428     9.115     20.69
429    11.399    23.602
430    12.797     22.48
431    11.149     23.78
432    11.126     24.02
433    11.385    22.736
434     7.795    24.992
435    11.087    23.889
436    10.046    28.335
437     9.933    21.743
438     9.138    21.844
439     9.956    20.822
440    11.172    23.901
441    83.519    82.316
442    84.214    84.891
443    79.527    85.104
444    83.321    83.531
445    84.668    84.149
446    84.479    83.293
447    83.909    81.877
448    85.184    82.331
449    80.726    81.049
450    85.457    80.759
451    81.468    80.043
452    81.371    80.759
453    85.128    86.857
454    82.385    84.261
455    87.653     84.46
456    85.874    83.865
457    82.894    83.793
458     81.81    82.988
459    83.243    85.312
460    83.635    87.861
461    49.825    52.685
462    49.826    50.005
463    50.473    56.723
464    50.221    52.264
465     50.83    49.148
466    50.265    52.363
467    53.842    53.757
468    51.239    55.038
469    47.353    56.234
470    52.768     55.26
471    52.942    51.763
472    51.623    48.679
473    52.698    51.939
474    48.206    48.664
475    51.108    51.466
476    50.298    52.965
477    49.935    48.815
478    52.262    51.677
479    49.987    52.283
480    52.685    52.001
481    94.805    43.984
482    93.328    47.255
483    89.782    42.909
484    86.639    45.841
485    91.928    48.795
486    92.754     40.51
487    94.401     46.87
488    87.521    46.961
489    93.575    44.259
490     91.42     44.15
491      90.1    44.965
492    90.232    48.855
493    87.816    46.508
494    88.212    47.031
495    90.367    45.577
496    90.034    44.626
497    91.012    43.142
498    89.863    41.064
499    90.147    44.895
500    92.684    48.197
501    12.485    29.029
502    15.192    28.566
503    10.172    30.507
504    12.832    28.186
505    14.083    28.365
506    15.345    25.194
507     9.333    28.999
508    11.976     29.35
509    12.828    26.396
510      8.57    28.678
511    15.843    27.466
512    11.944    28.035
513    12.481    32.353
514    11.844    23.436
515    12.227     27.59
516    12.373    28.643
517    15.327    25.657
518    12.834    25.812
519    12.778    28.186
520    16.618    27.072
521    20.422    36.263
522    16.367    30.273
523    14.682    31.677
524    19.043    35.756
525    23.043    33.152
526    19.045    33.311
527    18.315    33.343
528    18.337    33.688
529    18.671    33.675
530    19.223    33.772
531    15.695    36.399
532     19.95    34.414
533    17.082    33.176
534    19.239    33.388
535    16.567    32.281
536    22.706    33.853
537    19.594    32.244
538    17.835    33.115
539    23.199    33.132
540    18.978    33.567
541    91.912    20.522
542    92.809    18.282
543    92.302    19.801
544    96.394    18.813
545    94.569    18.311
546    93.479    18.848
547    92.392    16.776
548    94.812    22.146
549     96.37     18.79
550    90.411    21.136
551    92.275    20.773
552    88.544    19.918
553    91.531    19.091
554    90.776    20.764
555    94.964    19.251
556    95.574     18.88
557    93.752    22.368
558    91.372    23.628
559    90.562    21.476
560    92.221    20.409
561    77.481    13.424
562    77.383    11.308
563    76.797    15.013
564    75.905      9.83
565    77.781    10.507
566    81.699     12.99
567    77.228    11.013
568    76.975     8.243
569    75.541     9.609
570    78.027    10.723
571    78.503    13.326
572    78.422    10.143
573    74.246     8.443
574    80.205    11.947
575    74.714    10.186
576    81.703     7.939
577    78.858    11.835
578    81.221    12.056
579    78.703    11.844
580    79.533    11.999
581      88.9    64.539
582    88.848    65.716
583    91.674     65.47
584    88.753    64.357
585    90.319     63.93
586    87.441    67.514
587    88.812    64.728
588    91.517    68.289
589    89.703    65.676
590    91.576    63.414
591    83.566    66.085
592    87.783    66.717
593    88.608    69.707
594    88.574    65.054
595    87.904    69.397
596    86.167    65.956
597    90.646    66.886
598    86.877    65.007
599    83.492    68.807
600    87.781    63.251
601     5.831    43.876
602     6.897     42.82
603     6.601    46.616
604     6.203    43.528
605     4.632    45.966
606     7.718    43.398
607     7.941    42.506
608       3.5     44.28
609     6.453    41.991
610     6.766    39.378
611     3.501    40.676
612     4.228     40.64
613     7.883    39.867
614     8.651    47.052
615     5.047     46.73
616    10.356     42.25
617     3.363    46.519
618     3.687      41.9
619     8.395    44.693
620     6.307    42.819
621    18.471     5.197
622    16.857     8.029
623    17.771     5.198
624    24.676     7.354
625    20.413     6.105
626    19.221      7.47
627    21.397    10.115
628    20.261     6.023
629    22.423     9.257
630    19.802     7.889
631    22.045     6.066
632    18.426     5.604
633    20.154     6.659
634    20.494     5.921
635    22.962     7.192
636     21.39     5.391
637    19.677     3.998
638    22.963     6.715
639     18.94     6.296
640    21.018     6.524
641    24.723    33.897
642    25.711    36.062
643    27.192    36.762
644    26.186     36.61
645    26.037    31.216
646    25.654    35.845
647     24.91    35.753
648    25.608    35.879
649    22.531     36.42
650    26.015    35.648
651    24.293    37.248
652    21.281    34.611
653    25.912    35.857
654    26.867     33.26
655    23.871    33.771
656    21.862    33.368
657    26.236    35.486
658    26.695    36.202
659    23.157    37.036
660    25.644    35.477
661    37.239     26.75
662    32.715    21.285
663    35.104    24.957
664    30.228    22.315
665    34.742    24.828
666    33.969    24.935
667    31.642    25.653
668    34.578    28.238
669    34.317    23.344
670    33.849    20.698
671    35.221    22.503
672    34.272    21.907
673    35.304    24.418
674     31.65    24.253
675    37.512    26.883
676    29.787    25.617
677    34.749    24.535
678    34.667    25.136
679     33.57    28.835
680    30.409    24.012
681    86.751    81.305
682    85.779    78.881
683    83.891    77.544
684    88.397    80.102
685    86.611    78.918
686    87.408    79.631
687    86.307    79.138
688    85.406    78.009
689    85.988     80.89
690     84.33    78.092
691    85.457    79.289
692      84.9    81.992
693     86.58    77.892
694    85.683    78.505
695    85.753        79
696    84.907    77.774
697    84.925    82.378
698    89.514    82.589
699    84.349     77.23
700    86.659    80.246
701    29.052    48.606
702    31.522    49.147
703    33.937    45.127
704    33.432    44.479
705    30.046    48.426
706    33.868    49.072
707    31.548    50.051
708    31.779    51.948
709    28.518    50.739
710    31.234    50.282
711    30.923    49.252
712    35.542    46.339
713    31.379    48.648
714    30.615    48.708
715    28.579    49.431
716    32.247    45.166
717    33.412    50.069
718    30.934    48.596
719     28.88     45.38
720    32.094    49.112
721    16.251    72.078
722    14.271    73.295
723    19.715    70.478
724    13.765    76.059
725    15.811    71.648
726    15.144    74.376
727    13.456    74.552
728    15.635    71.567
729    14.097    71.517
730    18.014    76.324
731     15.99    68.729
732    19.283    69.849
733     17.11    68.607
734    15.313    70.291
735     16.76    70.731
736    18.161    68.432
737    17.385    74.206
738    16.531    69.637
739      14.1    68.931
740    16.617    73.233
741    35.111    61.039
742    32.491    63.246
743    28.843    64.411
744    32.297    63.679
745    31.914    62.773
746    29.056    61.798
747    32.432    66.622
748    32.233    62.872
749    32.457    63.093
750    32.366    59.741
751      32.9    64.761
752    34.222    62.436
753    30.986    60.652
754    33.515    59.746
755    32.412    63.347
756    32.792    62.879
757    31.623     61.63
758    29.027    61.202
759    32.984    63.206
760    32.694    63.541
761     10.08    52.917
762     8.717    52.333
763      6.17    52.318
764     10.75    53.024
765     9.688      57.2
766    10.126    52.542
767     8.091    50.468
768     8.979    50.194
769     8.773    50.567
770    13.994    52.359
771     8.919     53.88
772    12.638     52.32
773     6.398    50.466
774     10.42    51.658
775     9.928    53.173
776       6.6     51.15
777    14.854    53.083
778    12.038    53.421
779     8.148    54.049
780    12.928    53.502
781    80.923    12.342
782    86.074    12.516
783    84.099    14.371
784    83.105      7.85
785    87.379     9.943
786      85.8     9.642
787     83.27     8.675
788    87.442     7.538
789     81.73    10.961
790    84.553     9.524
791    85.671     6.834
792    83.718     7.144
793     83.75    11.748
794    83.598      6.26
795    83.612      13.7
796    83.354    10.175
797    83.139     8.963
798     84.05    10.025
799    85.913    11.372
800    80.875     6.222
