41 Stops, 400 Students, 10 Max_Walking, 25 Capacity, 5 Days 

0       0  0  1  0  1
1       0  0  1  1  0
2       1  0  1  0  0
3       1  1  0  1  1
4       1  0  0  1  1
5       0  1  0  0  1
6       1  0  1  1  1
7       1  0  0  1  0
8       1  1  0  1  1
9       0  1  1  0  1
10       0  1  1  1  1
11       1  0  1  1  0
12       0  1  0  0  1
13       1  0  0  1  0
14       0  0  1  1  0
15       0  1  1  1  0
16       0  1  1  0  1
17       1  0  0  0  1
18       0  1  0  0  1
19       0  1  0  0  1
20       1  1  0  0  0
21       0  0  1  1  1
22       0  0  1  0  1
23       0  1  1  0  1
24       1  1  1  0  0
25       1  1  0  0  0
26       1  1  0  0  1
27       0  1  1  1  1
28       1  1  1  1  0
29       1  1  1  0  1
30       1  0  1  1  0
31       1  0  1  0  1
32       0  1  0  0  1
33       1  1  1  1  1
34       1  0  1  0  1
35       1  0  1  0  1
36       0  0  1  1  1
37       1  0  1  0  1
38       1  1  1  0  0
39       0  0  0  1  1
40       0  1  0  0  1
41       1  1  0  1  0
42       0  1  0  0  1
43       1  0  1  1  1
44       0  0  1  0  1
45       0  0  1  1  1
46       1  0  1  1  1
47       1  0  0  1  1
48       1  1  1  1  1
49       1  1  0  1  1
50       1  0  1  0  0
51       0  1  0  1  0
52       1  0  1  0  0
53       0  1  0  0  1
54       1  0  1  0  1
55       0  0  0  1  1
56       1  0  1  1  0
57       0  1  0  0  1
58       0  1  0  0  1
59       1  0  0  0  1
60       0  1  1  0  1
61       0  0  1  1  1
62       1  0  1  1  1
63       1  1  1  1  1
64       0  0  1  1  1
65       1  0  1  1  1
66       0  1  1  0  0
67       1  0  1  1  1
68       1  0  1  1  1
69       1  0  0  0  1
70       0  1  1  0  1
71       0  1  1  0  0
72       1  1  1  1  0
73       0  1  1  0  0
74       1  0  1  0  0
75       1  0  0  0  1
76       0  1  0  1  0
77       1  0  1  1  1
78       1  0  1  1  1
79       0  1  0  1  0
80       1  0  0  1  1
81       0  1  1  0  1
82       0  1  0  0  1
83       1  1  0  0  1
84       1  1  1  0  1
85       0  1  1  1  0
86       1  1  1  1  1
87       1  1  0  0  1
88       0  1  0  0  1
89       0  1  1  0  0
90       1  1  0  0  0
91       1  1  1  0  0
92       1  1  1  0  1
93       1  1  0  0  0
94       0  1  0  0  1
95       1  1  1  0  0
96       0  0  1  1  0
97       0  0  0  1  1
98       1  0  1  0  1
99       1  1  0  0  1
100       1  1  1  0  1
101       0  0  0  1  1
102       1  1  1  1  0
103       1  0  0  1  0
104       1  1  1  0  1
105       1  1  1  1  1
106       1  1  1  1  1
107       0  0  1  1  0
108       1  1  0  1  1
109       1  0  1  1  0
110       1  0  1  0  0
111       0  1  0  0  1
112       1  1  1  0  0
113       1  1  0  0  0
114       1  0  1  0  1
115       0  1  0  1  1
116       0  0  1  0  1
117       1  1  1  0  0
118       0  0  1  1  1
119       1  1  1  1  1
120       1  1  0  1  0
121       1  0  0  1  0
122       1  1  0  0  0
123       1  1  0  1  1
124       0  0  1  0  1
125       1  0  1  0  0
126       1  0  0  0  1
127       1  0  1  0  0
128       1  1  0  1  0
129       1  0  0  1  1
130       0  1  0  1  1
131       1  1  1  0  1
132       0  1  0  1  0
133       0  0  1  1  1
134       0  1  1  1  0
135       0  0  1  0  1
136       1  1  0  0  0
137       0  0  1  1  1
138       1  1  1  0  1
139       1  0  1  0  1
140       0  0  1  1  1
141       1  1  0  0  0
142       1  0  1  0  1
143       0  1  1  1  0
144       1  0  1  0  0
145       1  1  0  0  0
146       0  1  0  0  1
147       1  0  0  1  0
148       0  0  1  1  1
149       1  1  0  1  0
150       0  0  1  0  1
151       0  0  1  1  1
152       0  0  1  1  0
153       1  1  1  0  1
154       1  0  0  1  1
155       0  0  1  0  1
156       0  1  0  0  1
157       1  0  0  1  0
158       0  0  0  1  1
159       1  0  1  0  0
160       1  0  0  1  0
161       1  1  1  1  0
162       1  1  0  0  1
163       0  1  1  1  0
164       1  0  1  0  0
165       1  0  1  1  1
166       0  1  0  0  1
167       0  1  0  1  1
168       0  1  1  0  1
169       1  1  0  1  0
170       0  1  1  1  0
171       1  0  0  1  1
172       1  0  0  1  1
173       1  0  0  0  1
174       1  0  1  0  1
175       1  0  1  1  0
176       1  0  0  0  1
177       1  1  1  0  0
178       1  0  0  1  1
179       1  1  1  0  0
180       1  0  0  1  0
181       0  0  1  1  0
182       1  1  0  0  0
183       0  1  1  0  1
184       1  0  0  0  1
185       1  1  1  1  1
186       1  0  1  1  0
187       1  1  1  1  0
188       0  0  1  0  1
189       0  1  0  1  1
190       0  1  0  1  1
191       1  0  1  0  0
192       1  0  0  0  1
193       1  0  1  0  0
194       1  0  1  0  1
195       1  0  1  0  0
196       1  1  0  0  0
197       1  0  0  1  0
198       0  1  1  1  0
199       1  1  0  1  1
200       1  0  0  1  1
201       1  1  1  1  0
202       1  1  1  0  0
203       1  1  1  1  1
204       0  1  0  1  0
205       1  1  0  1  1
206       0  0  1  1  0
207       0  0  1  0  1
208       1  0  0  1  0
209       0  1  1  0  1
210       1  1  1  0  0
211       1  1  0  1  1
212       1  1  0  0  1
213       1  0  1  1  1
214       0  1  0  0  1
215       1  0  1  0  0
216       1  1  0  1  1
217       0  0  0  1  1
218       1  0  0  0  1
219       1  1  0  0  1
220       1  0  1  1  1
221       1  1  1  1  0
222       1  0  0  1  0
223       0  0  1  1  1
224       1  1  0  1  0
225       0  0  0  1  1
226       1  0  1  0  0
227       0  1  1  1  0
228       0  0  0  1  1
229       0  1  0  1  0
230       0  0  1  1  1
231       1  0  0  1  0
232       0  1  0  0  1
233       1  1  0  0  1
234       0  1  0  1  0
235       0  1  1  1  0
236       1  0  0  1  1
237       1  0  0  1  0
238       0  0  1  1  0
239       0  0  1  1  1
240       1  0  0  0  1
241       1  1  1  1  0
242       0  0  0  1  1
243       1  1  1  1  1
244       1  0  0  1  0
245       0  0  1  0  1
246       1  0  1  1  0
247       1  1  1  0  0
248       0  1  1  0  0
249       1  1  0  0  1
250       1  0  1  0  1
251       1  1  1  0  0
252       1  0  1  0  1
253       0  0  1  0  1
254       0  1  0  0  1
255       1  1  1  0  0
256       1  0  1  1  1
257       0  0  1  0  1
258       1  1  0  1  1
259       1  1  1  0  0
260       1  1  0  1  0
261       1  0  0  1  0
262       1  0  1  0  1
263       1  1  1  1  1
264       1  0  0  1  1
265       1  1  0  0  1
266       1  1  0  1  1
267       0  1  1  0  0
268       0  0  1  1  0
269       1  0  1  1  0
270       1  0  0  1  0
271       0  0  1  0  1
272       1  0  0  1  1
273       1  1  0  0  1
274       1  0  1  1  1
275       1  0  1  0  0
276       1  1  1  0  1
277       1  1  1  1  0
278       1  0  0  0  1
279       1  1  1  1  0
280       0  1  1  1  0
281       1  0  0  1  0
282       1  0  0  1  0
283       1  0  0  0  1
284       0  1  1  0  1
285       0  0  1  0  1
286       1  1  0  0  0
287       1  1  0  1  0
288       1  1  1  1  0
289       1  1  1  0  1
290       0  0  0  1  1
291       0  1  1  0  0
292       1  0  1  0  0
293       0  0  0  1  1
294       0  1  0  1  1
295       0  0  1  1  1
296       0  1  1  1  1
297       1  1  0  1  0
298       0  0  1  1  0
299       1  0  1  0  1
300       1  1  1  0  1
301       0  1  0  1  0
302       1  1  1  1  1
303       1  1  0  1  1
304       1  0  1  1  0
305       0  1  0  1  1
306       1  0  0  0  1
307       0  1  1  0  0
308       1  0  0  1  1
309       0  1  1  1  0
310       1  0  0  0  1
311       0  1  0  1  1
312       1  1  0  1  1
313       1  1  1  0  1
314       1  1  0  1  1
315       1  0  1  1  0
316       1  1  1  1  1
317       1  0  1  1  1
318       1  0  0  1  1
319       1  0  0  0  1
320       0  1  0  0  1
321       1  0  1  1  0
322       1  1  0  1  1
323       1  0  0  0  1
324       0  1  1  1  0
325       0  1  1  1  1
326       0  1  1  0  1
327       1  1  1  0  1
328       0  1  1  1  1
329       1  0  0  1  1
330       0  1  1  1  0
331       0  1  1  1  1
332       1  0  1  0  1
333       1  1  0  0  1
334       1  0  1  1  0
335       0  0  1  1  0
336       0  1  1  1  0
337       0  1  1  0  1
338       1  0  1  0  0
339       1  1  0  0  1
340       1  0  1  0  0
341       0  0  0  1  1
342       1  0  1  1  1
343       1  1  1  0  1
344       1  0  0  1  1
345       1  0  0  0  1
346       1  1  0  0  0
347       1  0  1  0  1
348       1  1  0  1  1
349       1  0  1  1  1
350       0  1  0  1  1
351       0  0  1  0  1
352       1  1  0  1  1
353       0  1  0  1  0
354       0  0  0  1  1
355       1  0  1  1  0
356       0  1  0  1  1
357       0  1  1  1  0
358       1  1  1  0  0
359       1  0  0  1  0
360       0  1  0  0  1
361       1  0  0  1  1
362       0  1  0  1  0
363       1  1  1  1  0
364       1  0  0  1  1
365       0  1  1  1  1
366       0  1  1  1  0
367       0  1  0  0  1
368       0  0  0  1  1
369       1  0  1  1  1
370       1  1  0  1  1
371       0  0  0  1  1
372       1  1  0  0  1
373       1  0  1  0  1
374       0  1  0  0  1
375       1  1  0  1  1
376       1  0  0  1  1
377       0  0  1  1  1
378       0  1  1  1  1
379       1  1  0  0  0
380       1  1  1  1  1
381       0  1  0  1  1
382       1  1  1  0  0
383       1  1  1  0  1
384       1  1  0  0  1
385       1  1  0  1  1
386       0  0  0  1  1
387       0  1  0  1  1
388       0  1  0  0  1
389       1  1  1  0  0
390       1  1  1  0  0
391       1  0  1  0  1
392       1  1  1  1  1
393       1  0  1  0  1
394       0  0  0  1  1
395       0  1  1  0  1
396       1  1  0  0  0
397       1  0  1  1  0
398       1  0  1  1  0
399       0  0  0  1  1


0             50        50
1         64.499    56.622
2         69.971    84.709
3         74.153    27.206
4          27.87    40.035
5         84.544    45.538
6         28.066    44.375
7         73.522    15.959
8         52.972    60.237
9         82.948    49.323
10         49.063    39.401
11         81.769    61.838
12         22.026    20.998
13         56.038    51.801
14         70.454     88.03
15         18.985    58.016
16         86.932    85.681
17          55.01    69.872
18         81.211    37.871
19         55.781     35.95
20         38.258    47.391
21         39.389    32.784
22         53.651    53.876
23         32.133    20.312
24         46.006    33.213
25         48.521    31.301
26          53.97    81.018
27         51.171    37.753
28         74.296    31.253
29         29.171    67.392
30         58.499    36.329
31         85.153    14.867
32         42.276    57.488
33         52.702    70.117
34         57.427    52.843
35         65.595    67.592
36         32.532    71.897
37         30.345    71.787
38         58.084    48.011
39         64.565    70.338
40         46.334    31.656


1    66.532    56.664
2    65.988    54.717
3    67.201    59.147
4    59.594    52.778
5    61.481    64.335
6    64.738    53.469
7    69.423    53.715
8    60.717    63.977
9    66.562    62.389
10    71.195    61.911
11    79.102    87.222
12    71.257    87.753
13    66.195    86.557
14    76.459    84.287
15    72.138    91.349
16    61.901    85.735
17    69.147    80.706
18    72.575    84.058
19    77.248    85.017
20    64.513    90.792
21     74.46    34.732
22    68.068    26.366
23    82.714    23.382
24     78.97    21.935
25    79.289    19.965
26     73.15    24.929
27    69.414    30.915
28    69.344    21.812
29    69.524    26.338
30     68.41    33.789
31    26.163      45.3
32    27.217    39.122
33    33.484    42.874
34    33.677    39.377
35    26.785    36.482
36    27.815    39.505
37    30.989    32.427
38    32.677    34.316
39    29.848    39.653
40    21.522    34.166
41    81.112    46.981
42    87.233    38.275
43    83.932    38.528
44     83.19    51.482
45    88.349    41.939
46    87.658    48.793
47    83.787    45.572
48    81.466    53.665
49    86.761    46.784
50    85.283    45.304
51    30.168    46.922
52     31.29    49.201
53    37.427    45.786
54    28.584    49.859
55    32.064    50.555
56    30.039    45.128
57    32.679    44.621
58    27.051    45.052
59    27.119    47.155
60    26.384    43.944
61    74.439    22.639
62    67.674    18.218
63    67.512    15.946
64    69.683     9.342
65    79.308     7.886
66    73.035    16.526
67    73.574     8.884
68     74.76    10.549
69    74.488    17.899
70    72.949    16.934
71    56.878    61.111
72    52.943    65.603
73     51.29    55.245
74    58.944    56.057
75    52.958    60.285
76    53.471    57.308
77    56.574    60.459
78    51.481    57.634
79    53.842    59.916
80    54.814    62.367
81    81.463    49.331
82    83.603    47.996
83    91.342    49.609
84    81.734    51.091
85    89.421    45.701
86    84.637    54.734
87     90.32    47.912
88    83.749    49.451
89    73.041    49.161
90    77.193    53.737
91    53.796    41.664
92    53.384    39.861
93    40.931    40.442
94    50.708     39.51
95    47.331    39.271
96    49.881    37.605
97     46.04      41.7
98     45.47    32.696
99    49.759    41.204
100    50.797    40.701
101    81.913    65.468
102    84.424    65.192
103    84.496    55.145
104    76.042    63.734
105    77.747    55.067
106    81.059    56.446
107    74.631    63.825
108    81.156     62.65
109     78.86    59.979
110    75.215    67.059
111     18.63    20.507
112    23.791    26.193
113    24.015    21.709
114    16.984    17.111
115    22.217    20.141
116    23.298    19.661
117    18.476    26.384
118    16.168    27.696
119    19.283    20.271
120    25.197    22.201
121    54.538    50.478
122    56.319    55.169
123    57.601    43.772
124    59.432    49.194
125    56.175    49.808
126    56.023    48.629
127    54.156    60.882
128    60.116    56.459
129    60.567    44.245
130    56.344      55.6
131    71.905    89.039
132    65.605    92.447
133    61.194    90.922
134    68.548     87.61
135    65.396    91.246
136    67.101    85.316
137    74.077    90.592
138    69.944    84.543
139    72.559    89.017
140    69.603    90.788
141    17.679    53.887
142     21.04    54.164
143    12.019    61.322
144     9.155    59.362
145    27.452     55.78
146    27.091    59.794
147    18.798    49.251
148    17.128    57.938
149     19.23    58.097
150    17.692    54.643
151    88.422    86.164
152    91.784    90.385
153    77.825    84.771
154    88.667     90.78
155    88.692    77.643
156    85.832    83.751
157    85.715    86.047
158    92.943    91.163
159    85.253    86.241
160    85.962    83.581
161    51.793    62.202
162     54.97    68.824
163    46.517    69.381
164    63.734    72.372
165    64.292    72.169
166    52.544    68.189
167    46.001    66.613
168    50.159    68.585
169    57.783    67.419
170    55.036    61.883
171    80.115    36.513
172    81.076    37.308
173    79.921    31.825
174    89.314    42.394
175    83.188    38.464
176    83.148    39.535
177    86.426     41.37
178    82.025    41.878
179    83.489    46.419
180    82.662    44.544
181    60.736    37.552
182    54.432    40.882
183    55.623    38.082
184    58.414    33.405
185    58.786     28.45
186    55.264    34.453
187    49.776    37.105
188    55.321    36.007
189    53.836    32.075
190     56.45    32.968
191     37.27    46.573
192    40.774    39.285
193    39.999    43.257
194     37.44    40.574
195    41.785    53.207
196    44.174    51.228
197    38.545    45.275
198    46.084    43.129
199    41.005    38.461
200    32.936    47.401
201    43.185    31.554
202    42.069    26.016
203    41.822    28.479
204    39.504    32.451
205    36.682    34.633
206    33.898    31.236
207    35.532    35.966
208    38.964    33.675
209    44.896    26.198
210    43.411     34.42
211    53.199    53.702
212     62.87    51.019
213    54.082    48.272
214     62.41    53.295
215     48.98    56.019
216    52.098    53.594
217    48.918    48.177
218    52.996    51.685
219    61.141    50.561
220    55.074    55.316
221    39.029    19.165
222    27.539    15.403
223    35.008    18.617
224    34.107     28.42
225    40.077    18.406
226    31.458    17.019
227        35    21.351
228    31.793    18.388
229     23.93    22.299
230    30.379    18.012
231    48.674    34.564
232    50.249    32.915
233    52.911     33.08
234    46.347     33.21
235    45.327     33.77
236    43.067    39.666
237    36.501    32.012
238    46.205     33.21
239    46.414    31.714
240    45.927    30.538
241    54.434     36.41
242     41.99    26.256
243    44.688    22.784
244    49.664    35.121
245    48.615    33.743
246    48.067    31.068
247    49.533    23.445
248    50.583    30.172
249    47.328    36.413
250    48.491     31.86
251    45.412    79.787
252    53.601    80.408
253    49.943    77.929
254    51.357    84.706
255    46.073    85.617
256    51.715    77.517
257    55.858      80.3
258     48.71    79.473
259    48.867    79.218
260    54.982    82.876
261    51.012    39.236
262    46.644    43.623
263    51.668    38.291
264    54.346    44.302
265    48.646    39.406
266    52.489    37.537
267    47.772    29.116
268    51.907    36.595
269    42.455    41.741
270    53.878    32.546
271    76.531    36.952
272    71.991    25.576
273    81.887    32.595
274    71.822    32.054
275    77.392    31.247
276     74.39    31.301
277    72.907    24.568
278    80.828    34.012
279    70.959    30.535
280    80.406    32.143
281    25.288    62.301
282    33.938    70.893
283    29.886    68.778
284    33.036    68.046
285     29.57    70.111
286     33.47    67.418
287    34.506    70.506
288    27.212    68.314
289    23.915    68.355
290    27.033    68.803
291    50.292    31.561
292    58.934    34.197
293    53.134    32.789
294     56.99     36.84
295    52.957    29.904
296    49.132    37.829
297    58.639    37.278
298    57.461    31.186
299     68.08     35.51
300    58.618     35.82
301     89.14    11.532
302    85.247    14.266
303    84.022     5.893
304    87.619    14.323
305    79.081    20.621
306    85.068    14.902
307    83.818    17.384
308    87.414    11.317
309     85.84    13.305
310    80.686    12.467
311    44.656    51.982
312    41.862    63.843
313    33.122    57.007
314    36.919    58.341
315    40.457    50.237
316    39.933    54.139
317    36.237    59.301
318    44.735    58.794
319     41.96    57.986
320    45.605    55.469
321    52.767    69.868
322    55.684    68.336
323    53.248     69.99
324    54.622    68.118
325    60.148    71.037
326    54.568        71
327    58.493    67.028
328    52.769    70.158
329    53.622    69.291
330    54.029    71.638
331     54.62    53.939
332    66.391    53.291
333    50.514    58.377
334    57.315    52.923
335    61.842      47.8
336    50.321    48.928
337     55.43    58.614
338    57.804    54.579
339    61.195    54.236
340    60.352    53.084
341    65.771    67.924
342    60.577    67.839
343    65.829    67.287
344    61.707    61.108
345    68.348    67.662
346    62.877    67.387
347    70.394    62.123
348    66.741    62.611
349    63.866    62.374
350    60.642    72.456
351     33.07    70.779
352    35.704    71.686
353    31.989    74.645
354     38.17    71.464
355    34.108    71.278
356    31.426    74.403
357    25.263    67.867
358    29.694     63.23
359    29.708    70.396
360    28.183    77.426
361    30.603    64.273
362    27.867    75.708
363    31.361    70.664
364     26.71    75.577
365    30.915    77.977
366    29.446    67.687
367    28.707    69.739
368    29.022    72.799
369    31.242      71.5
370    31.951    76.937
371     66.12    45.955
372    64.433     46.15
373    55.634    50.622
374     54.39    51.482
375    59.601    44.604
376    54.402    43.688
377    63.058    50.222
378    60.594     45.78
379    52.587     47.26
380    53.694    52.639
381    66.884    75.375
382    64.507    70.947
383    61.295    67.142
384    64.457    70.149
385    67.733    75.285
386    71.359    64.894
387    63.079     68.58
388    69.037    68.638
389    59.203    70.901
390    71.293    64.143
391     48.16    36.602
392    46.244    31.167
393    44.848    40.284
394    48.144    27.556
395    44.216    28.002
396    46.788    31.754
397    49.549    34.545
398    43.463    31.988
399    40.947    30.242
400    48.745    27.827
