41 Stops, 400 Students, 10 Max_Walking, 50 Capacity, 5 Days 

0       1  1  1  1  1
1       1  1  1  1  1
2       1  1  1  1  1
3       1  0  1  0  1
4       1  1  1  1  1
5       1  0  0  1  1
6       0  1  1  0  1
7       1  1  0  0  1
8       1  1  1  1  1
9       0  0  0  1  1
10       1  1  1  1  1
11       1  1  1  1  1
12       1  1  1  1  1
13       1  1  1  1  1
14       0  1  1  1  0
15       0  0  1  1  0
16       1  1  1  1  0
17       0  1  0  1  1
18       1  1  1  1  1
19       1  1  0  0  1
20       0  1  1  1  0
21       1  0  0  0  1
22       1  1  0  0  1
23       1  1  1  1  1
24       0  0  1  1  0
25       1  0  1  1  1
26       0  0  1  1  1
27       1  0  0  1  1
28       0  1  1  1  1
29       1  1  1  1  1
30       1  0  0  1  1
31       1  1  1  1  1
32       1  0  1  1  0
33       0  0  1  0  1
34       1  1  1  1  1
35       1  1  1  0  1
36       1  1  1  1  1
37       1  1  1  1  1
38       1  1  1  1  1
39       1  1  1  1  1
40       0  1  1  1  1
41       1  1  1  1  1
42       1  1  1  1  1
43       0  1  1  1  1
44       1  1  1  1  1
45       1  1  1  1  1
46       1  1  1  0  1
47       1  0  1  1  0
48       1  1  1  1  1
49       1  0  0  0  1
50       1  1  1  1  1
51       0  1  1  1  1
52       1  1  1  1  0
53       1  1  0  1  0
54       1  1  1  1  1
55       1  1  1  1  1
56       0  1  1  0  0
57       1  0  1  1  1
58       1  1  1  1  1
59       0  1  1  1  0
60       1  1  1  1  1
61       0  1  0  0  1
62       1  1  1  1  1
63       1  1  1  1  1
64       1  1  1  0  1
65       1  1  0  0  0
66       1  0  0  1  1
67       1  0  0  1  1
68       1  1  1  1  1
69       0  1  1  1  0
70       1  1  1  1  1
71       1  1  0  1  0
72       1  1  1  1  1
73       1  1  1  1  1
74       0  0  1  0  1
75       1  1  1  1  1
76       1  1  0  0  0
77       1  0  1  1  1
78       1  1  1  1  1
79       0  1  1  1  1
80       1  1  1  1  1
81       1  1  1  1  1
82       1  1  1  1  1
83       0  0  0  1  1
84       1  1  1  1  1
85       1  1  0  0  1
86       1  1  1  1  1
87       1  1  0  1  0
88       1  1  1  1  1
89       1  1  1  1  1
90       1  1  1  1  1
91       0  0  0  1  1
92       1  1  1  1  1
93       1  1  1  1  1
94       1  1  1  0  1
95       1  1  1  1  1
96       1  1  1  1  1
97       1  1  1  1  1
98       1  1  1  1  1
99       1  1  1  1  1
100       1  1  0  1  0
101       1  1  1  1  0
102       1  0  1  0  1
103       1  1  1  0  0
104       1  1  1  1  1
105       0  1  0  1  0
106       1  1  0  0  0
107       1  1  1  1  0
108       0  0  1  1  0
109       1  1  1  1  1
110       1  0  0  0  1
111       1  1  1  1  1
112       1  1  1  1  1
113       1  1  1  1  1
114       1  1  1  1  1
115       1  1  1  1  1
116       1  1  0  1  1
117       1  1  1  0  1
118       1  1  1  1  1
119       1  1  1  1  1
120       0  0  1  1  1
121       1  1  1  1  1
122       1  0  0  1  1
123       1  1  1  1  1
124       1  1  0  1  1
125       1  1  1  1  1
126       1  1  1  1  1
127       1  1  1  1  1
128       1  1  1  1  1
129       1  0  0  1  0
130       1  1  1  1  1
131       0  0  1  1  1
132       1  1  0  0  0
133       1  1  1  1  1
134       1  0  0  1  0
135       1  1  1  1  1
136       0  0  1  0  1
137       0  1  1  1  1
138       1  1  0  1  0
139       1  0  1  0  0
140       1  1  0  0  0
141       1  0  0  0  1
142       1  0  1  1  0
143       1  1  1  1  1
144       0  0  1  1  0
145       1  1  1  0  0
146       0  1  1  1  0
147       0  1  0  0  1
148       1  1  1  1  1
149       1  1  1  1  0
150       1  1  1  1  1
151       1  1  1  1  1
152       1  1  1  1  1
153       1  1  1  1  1
154       1  1  1  1  1
155       1  1  1  1  1
156       1  1  0  0  1
157       1  1  1  1  1
158       1  1  1  1  1
159       1  1  1  1  1
160       1  0  0  0  1
161       1  0  0  0  1
162       1  1  1  1  1
163       1  1  1  1  1
164       1  1  1  1  1
165       1  1  1  1  1
166       1  1  1  1  1
167       1  1  1  1  1
168       1  1  1  1  1
169       0  0  0  1  1
170       1  1  1  1  1
171       1  0  0  1  1
172       1  1  0  1  1
173       1  1  1  1  1
174       1  1  1  1  1
175       1  1  1  1  1
176       1  1  1  0  0
177       1  0  1  1  0
178       1  0  0  1  1
179       1  1  1  1  1
180       1  1  1  1  0
181       1  1  1  1  1
182       0  0  1  1  1
183       1  1  0  1  1
184       0  0  1  1  0
185       1  1  1  1  1
186       0  1  1  1  1
187       1  1  1  1  1
188       1  1  1  1  1
189       1  1  1  1  1
190       1  1  1  1  1
191       1  1  1  1  1
192       1  1  1  1  1
193       1  1  1  1  1
194       1  1  0  1  1
195       0  1  0  1  1
196       1  1  1  1  1
197       0  1  0  0  1
198       0  0  1  1  1
199       0  1  1  1  0
200       0  0  1  1  0
201       1  1  0  0  1
202       0  1  0  1  1
203       0  1  0  1  0
204       0  1  0  0  1
205       0  1  1  1  0
206       0  1  1  0  0
207       1  1  0  0  0
208       1  1  1  1  0
209       1  1  0  0  1
210       1  1  1  0  0
211       0  1  1  0  1
212       0  0  0  1  1
213       0  1  1  0  0
214       0  1  1  1  0
215       1  1  0  1  1
216       0  0  0  1  1
217       1  0  0  1  0
218       1  1  1  0  1
219       0  1  0  0  1
220       1  0  0  1  1
221       1  1  0  0  0
222       1  1  0  1  0
223       0  0  1  1  1
224       1  1  1  1  0
225       1  0  1  0  0
226       1  1  0  1  0
227       0  0  1  0  1
228       1  0  1  1  1
229       0  0  1  0  1
230       1  0  0  0  1
231       0  0  1  1  0
232       0  0  1  0  1
233       0  0  1  1  1
234       1  1  0  0  0
235       0  1  1  1  0
236       1  0  1  1  0
237       0  1  0  1  0
238       1  0  1  0  1
239       1  1  1  0  1
240       1  0  0  0  1
241       1  0  1  0  0
242       1  1  0  0  1
243       0  0  1  1  0
244       1  1  1  0  1
245       0  0  1  0  1
246       1  0  0  1  1
247       0  1  0  1  1
248       0  1  0  1  0
249       1  1  1  1  1
250       0  1  1  1  0
251       1  1  1  1  1
252       1  0  0  1  1
253       1  0  0  1  1
254       0  1  0  1  0
255       1  1  1  1  1
256       1  1  1  0  1
257       1  1  0  0  1
258       0  1  0  1  0
259       0  1  1  1  0
260       0  1  1  0  1
261       0  1  1  1  0
262       1  0  1  1  1
263       1  1  1  0  1
264       0  1  1  1  1
265       1  0  1  1  0
266       0  1  0  1  1
267       1  1  0  1  1
268       1  0  0  0  1
269       0  1  1  1  1
270       1  0  0  1  1
271       0  1  0  1  0
272       0  0  1  1  0
273       1  1  0  1  1
274       1  1  1  1  0
275       0  0  1  1  0
276       0  1  1  0  0
277       1  1  0  1  0
278       1  1  0  1  0
279       1  0  1  0  0
280       0  1  1  1  1
281       1  1  1  1  1
282       1  0  1  0  0
283       0  1  1  0  1
284       1  0  0  1  0
285       0  1  0  1  0
286       0  1  1  1  1
287       0  1  0  0  1
288       1  0  0  1  0
289       1  0  1  0  1
290       0  1  1  0  1
291       1  1  1  0  1
292       1  1  1  1  0
293       1  1  1  1  1
294       1  1  0  1  0
295       1  1  0  0  1
296       0  0  0  1  1
297       1  1  1  1  1
298       0  0  1  1  1
299       1  0  0  0  1
300       0  0  1  1  0
301       1  1  0  1  0
302       0  1  1  0  1
303       1  1  1  0  1
304       0  0  1  1  1
305       1  0  1  1  0
306       0  1  1  1  0
307       0  1  1  1  1
308       1  1  0  0  0
309       1  0  1  1  1
310       1  1  0  1  0
311       1  1  0  1  0
312       1  0  0  1  0
313       1  1  0  0  1
314       1  1  1  0  1
315       0  0  0  1  1
316       1  0  1  1  0
317       1  1  1  1  1
318       0  0  0  1  1
319       1  1  0  1  0
320       1  1  1  0  1
321       0  1  1  0  0
322       1  0  1  1  1
323       1  1  0  1  1
324       1  1  0  1  1
325       0  1  0  1  0
326       1  0  0  0  1
327       1  0  0  0  1
328       1  0  0  1  0
329       0  1  1  1  0
330       0  1  1  0  0
331       0  0  1  0  1
332       0  0  1  1  0
333       1  0  1  0  1
334       1  1  1  1  0
335       0  1  1  1  0
336       1  1  1  1  0
337       0  0  1  1  1
338       1  0  1  0  1
339       1  1  1  0  0
340       0  0  1  1  0
341       1  1  0  0  1
342       0  1  1  1  1
343       1  0  1  1  1
344       1  1  1  1  0
345       1  1  0  1  0
346       1  0  1  1  0
347       1  0  1  1  1
348       0  1  1  0  0
349       0  0  0  1  1
350       1  0  1  0  0
351       1  1  1  1  0
352       1  1  0  1  0
353       0  1  1  1  0
354       0  1  0  1  0
355       0  0  1  0  1
356       1  0  1  1  1
357       1  1  1  1  0
358       1  1  0  1  1
359       0  1  1  0  1
360       0  1  1  0  1
361       1  1  1  0  0
362       0  0  0  1  1
363       0  1  1  1  1
364       1  0  1  0  1
365       1  1  0  1  0
366       0  1  1  0  1
367       1  1  0  1  0
368       1  1  0  0  1
369       0  1  1  0  1
370       1  0  1  1  0
371       0  1  1  0  1
372       0  0  1  0  1
373       1  1  1  0  1
374       1  1  1  0  0
375       0  0  1  1  0
376       1  1  1  0  1
377       1  1  1  1  1
378       1  0  0  1  0
379       0  1  1  1  0
380       1  1  0  1  0
381       1  1  1  1  1
382       0  1  1  1  1
383       1  0  0  1  0
384       1  1  1  0  0
385       0  1  0  1  0
386       1  0  1  0  0
387       0  1  0  0  1
388       1  0  1  0  0
389       0  0  1  1  1
390       0  1  0  1  0
391       1  0  0  1  0
392       1  0  1  0  1
393       0  1  0  1  1
394       0  0  1  1  0
395       0  1  1  1  0
396       1  1  1  0  1
397       1  1  0  0  0
398       1  1  1  1  0
399       1  1  1  1  1


0             50        50
1         30.035    41.231
2         66.591    18.026
3          89.56    20.066
4         68.955    39.416
5         39.057    80.666
6         86.982    10.289
7         33.561    85.291
8         17.955    73.447
9         11.638    30.259
10         67.438    67.197
11         34.267    47.912
12         11.416    13.181
13         45.522    33.068
14         35.418    72.253
15         69.946     40.62
16         67.914    36.409
17          68.01     54.55
18         45.132    71.823
19         73.371     73.98
20         82.449    70.397
21         38.364    54.147
22         29.736     66.15
23         61.757    66.081
24         12.776     72.34
25         10.885    61.745
26         39.958    15.342
27         66.346    82.311
28         37.159    72.978
29         46.123    71.943
30         77.256    12.741
31         71.326     23.32
32         18.497    22.389
33         13.378    30.276
34         55.224    82.984
35         58.198    70.454
36         66.915    88.527
37         13.696    83.593
38         26.312    35.346
39          24.82    25.538
40          46.57    68.638


1    33.345    38.522
2    33.227    45.101
3    26.569     34.78
4    35.379    41.915
5    33.212    41.562
6    33.838    34.983
7    31.636    42.246
8    22.836    38.678
9     30.07    49.137
10    30.165    43.531
11    58.489    18.503
12     63.05    24.641
13    63.813     9.818
14    75.885    19.544
15    67.228    18.865
16    68.112    12.752
17    71.049    19.098
18    65.712    10.202
19    65.434    19.313
20    64.574    21.484
21    93.087    25.143
22     85.85    27.261
23     91.45     16.03
24    83.662    21.784
25    91.047    13.538
26    89.501    19.967
27    89.004    21.512
28     86.85    22.319
29    91.317    16.617
30    94.853    25.209
31    76.283    44.104
32    69.779    42.722
33    69.591    36.002
34    69.456    37.224
35    70.524    46.517
36    71.563      42.6
37    68.439    37.663
38    65.395    32.807
39    68.671    39.217
40    69.276    39.308
41    38.791    87.599
42    35.048    77.238
43    43.745    81.724
44    37.398    83.391
45    42.003      72.9
46    32.304     78.25
47    40.589    78.952
48    42.235    77.033
49      41.6    73.491
50    44.811    77.859
51    79.144     4.617
52     83.95     6.033
53    85.851    10.072
54    83.368    12.575
55     85.63    10.848
56    87.277     9.516
57     84.39     7.022
58    94.566     5.774
59    84.286    13.581
60    89.938    11.502
61    30.458     85.46
62    33.619    84.618
63    30.915    84.312
64     35.95    81.909
65     27.98    83.213
66    36.143    82.332
67    27.992    83.788
68    30.618    78.292
69    35.319    88.075
70    35.336    95.071
71    10.822    77.619
72    17.846    74.386
73    13.587    72.774
74    19.583    76.358
75    17.874    78.829
76    18.384    72.465
77    17.279    73.781
78    17.795    73.556
79    20.512    68.681
80    19.585    72.087
81    10.749    28.136
82    12.822    25.386
83    18.048    32.024
84     9.008    27.261
85     10.92    34.082
86      17.9    25.303
87     9.927    29.496
88     11.28     35.06
89    11.102     25.21
90     9.638    30.312
91    65.634    68.168
92    60.957    73.934
93    69.755    67.115
94    71.114     74.23
95    70.602    65.997
96    67.673    65.658
97    72.901    66.965
98    69.865    70.839
99    65.361    60.937
100    66.098    70.107
101    31.539    47.653
102    27.159    42.389
103    34.531    42.052
104    32.167      49.5
105    38.086    47.071
106    29.685    47.323
107    35.663    51.723
108    30.378    56.297
109    33.977    47.953
110    27.536     43.53
111    15.155    13.761
112    13.566    12.879
113     13.43    12.933
114     4.288    11.414
115    10.269    13.013
116    11.412     8.415
117    16.368    11.867
118    16.985      9.87
119    13.987     7.495
120     9.155    12.895
121    37.333     34.86
122     42.62    35.609
123     46.67    27.574
124    48.688     37.44
125    44.362    37.253
126    40.313     30.35
127    47.667    33.709
128     40.99    31.132
129    45.897     31.05
130    43.952    34.944
131    35.989    75.662
132    32.817    76.288
133    36.116    72.145
134    39.986    66.471
135    35.242    68.102
136    34.775    71.369
137    34.213     73.65
138    39.549    76.036
139    38.659    63.199
140    38.523    78.572
141    73.466    39.178
142    64.873    45.515
143    70.517    35.576
144    71.968    40.702
145    73.135    36.936
146    72.421    40.793
147    64.145    41.246
148    71.597    41.639
149     73.16    41.601
150    75.183    39.607
151    68.745    37.566
152    72.886    29.986
153    71.451    41.521
154    75.609    34.414
155    66.185    29.475
156      70.9    27.994
157     70.89    34.928
158    77.743    37.406
159    69.074    37.015
160    64.514    37.909
161      59.1    54.195
162    63.489    45.932
163    68.042    55.135
164    73.512    54.688
165     62.97    56.268
166    68.123    54.912
167    66.924    54.251
168    67.314    50.445
169    68.843    52.257
170    64.245    63.494
171    44.205    72.078
172    45.446    79.703
173    42.199    69.799
174     43.21     70.56
175    46.018    70.869
176    41.231    64.625
177    44.941    72.277
178    42.546    80.842
179     44.98     70.29
180    39.844    78.889
181    80.096    68.262
182    71.922    72.254
183    72.745    71.515
184    71.759    78.211
185    75.137    74.221
186     80.59    73.582
187    72.444    74.409
188    75.521    79.209
189     78.12     68.04
190    75.964    74.315
191    81.773    72.266
192      84.5    60.714
193    86.622    66.799
194    82.757     70.16
195    83.671    63.197
196    85.748    70.559
197    88.053    72.903
198    75.501    68.303
199    79.467    68.916
200    81.767    70.217
201    36.834     55.42
202    35.495    51.684
203    38.219     54.05
204    44.302    53.594
205    32.968     54.76
206    37.849    52.136
207    37.975    55.044
208    30.459    49.938
209    37.838    53.931
210     34.97    59.749
211    33.611    69.007
212    30.183     65.87
213    25.999    69.051
214    29.333    65.142
215    29.371    67.403
216    29.981    67.386
217    30.113    63.918
218    28.687    66.165
219    31.253    68.885
220    34.475     61.27
221    65.492    70.155
222    57.285    61.346
223    62.478    68.016
224    67.351    59.092
225    60.539    73.578
226    69.314    60.957
227    62.945    65.714
228    55.477    70.814
229    61.142    62.678
230    58.867    66.389
231    10.078     77.34
232    13.392     72.35
233    14.013    65.349
234    16.114    74.279
235    18.946    71.258
236    12.798    72.344
237     3.962    70.289
238     4.534    74.822
239    17.831    75.882
240    10.425    72.849
241     9.222    61.245
242    15.459    65.912
243     4.848    66.918
244      8.22    54.513
245     5.041    57.159
246    11.473    61.276
247    14.274    69.301
248    16.035    64.673
249     2.561    62.965
250    12.326    64.199
251    39.625    13.928
252    47.829    10.462
253    46.094    13.716
254    42.536    18.356
255     37.83     8.978
256    40.147     6.699
257    43.795    22.039
258    39.227    16.529
259    35.576    15.661
260    39.709    23.493
261    73.494    76.108
262    68.046    78.965
263    72.524    82.938
264    73.257    81.708
265    68.222    82.348
266     70.98    82.995
267    68.373    80.121
268    71.651     89.57
269    73.097     81.34
270    65.531    80.961
271    31.126    73.901
272    35.882    75.671
273    44.606    67.614
274    35.908    74.932
275    38.893    69.732
276    36.384    73.155
277    36.808    71.321
278    29.904    78.969
279     33.94    63.596
280    38.153    74.619
281    48.481     65.54
282    45.995    71.032
283    40.223    67.047
284    47.287    79.594
285    37.152    70.288
286    36.477    74.369
287    51.987    71.822
288    48.149    71.525
289    44.044    67.182
290    38.093     66.45
291    70.654    10.461
292    77.122    12.696
293    78.377    13.912
294     78.84    10.107
295    77.301    12.761
296    76.496    12.363
297    73.789     4.449
298    76.398    15.211
299    77.806     5.799
300    74.912     9.155
301    73.087    26.395
302    75.113    28.144
303    64.128    22.227
304    71.358    26.727
305    69.628    21.097
306    71.654     20.61
307     72.88     21.95
308    73.069     24.14
309    66.655    27.185
310    68.291    17.513
311    20.901    26.917
312    17.255    18.844
313    14.455     28.57
314    16.907     21.87
315    16.398    21.999
316    24.316    18.848
317     18.79    22.197
318    22.032    16.234
319    21.927    29.148
320    11.445    25.736
321    17.185    37.962
322    11.108    34.588
323    19.067    30.581
324     5.217    33.933
325     8.033    31.916
326    16.413    31.279
327    13.301    21.514
328     15.97     22.53
329    19.298     34.43
330     13.38    29.805
331    49.842    80.093
332    57.214    80.445
333    57.149    82.438
334    49.766    81.841
335    59.251    79.304
336     50.69     83.98
337    59.226    87.544
338    52.385    82.293
339    51.032    82.528
340     53.87    81.758
341    55.962    64.678
342    58.509    74.992
343    63.596     74.01
344    59.683    73.892
345     59.73    70.313
346    55.669    78.171
347    57.872    68.789
348    51.578    67.475
349    58.018    70.519
350    59.124    68.173
351    76.449    88.375
352    66.658    86.434
353     61.75     84.12
354    67.114    88.622
355    66.842    88.326
356    71.021    80.976
357      70.1    83.403
358    60.635    94.927
359    72.286    84.535
360      67.4    88.185
361    12.853    83.795
362    10.577    82.862
363     7.599    86.862
364    11.838    73.879
365    16.391    75.283
366    16.128    81.754
367    14.973    73.778
368    20.065    87.736
369    10.052     79.82
370    17.417    88.617
371    25.806    35.294
372    24.518    37.955
373    29.663    40.919
374    26.704    32.813
375    27.364    35.801
376    30.583    39.633
377    29.548    31.588
378     29.33    35.536
379    26.475    30.501
380    26.154    28.305
381    27.105    33.654
382    24.543    25.135
383    25.864     16.58
384    26.337    20.905
385    20.129    24.394
386    20.991    32.952
387    22.387     34.76
388    27.839    20.826
389     29.79    28.077
390    15.119    23.603
391    48.488    64.992
392    51.522    73.788
393    44.041    72.076
394    45.531    63.866
395    42.727    75.772
396    46.621    68.415
397    46.307    67.583
398    48.673    74.624
399    53.098    67.159
400    46.885    68.575
