41 Stops, 800 Students, 20 Max_Walking, 50 Capacity, 5 Days 

0       1  1  1  1  1
1       1  1  1  1  1
2       1  1  1  1  1
3       0  1  0  0  1
4       0  1  0  1  0
5       1  1  0  1  1
6       1  1  1  1  1
7       1  1  1  1  1
8       1  0  0  1  0
9       1  1  1  1  0
10       1  1  1  1  0
11       1  0  1  1  1
12       1  1  1  1  1
13       1  0  1  1  0
14       1  1  1  1  1
15       1  1  0  1  0
16       1  1  0  1  0
17       1  0  0  1  1
18       1  1  1  0  0
19       1  1  1  1  1
20       1  1  1  1  1
21       1  1  1  1  1
22       1  1  1  1  1
23       1  1  1  1  1
24       1  0  1  1  0
25       1  1  1  1  1
26       1  1  1  1  1
27       1  1  1  1  1
28       0  1  1  1  1
29       1  1  1  1  1
30       0  1  0  0  1
31       1  1  0  1  1
32       1  1  1  1  1
33       1  1  0  1  0
34       1  1  1  1  1
35       0  1  0  1  0
36       1  1  1  1  1
37       1  1  1  0  0
38       0  1  0  1  0
39       1  1  0  1  1
40       1  1  1  1  1
41       1  1  1  1  1
42       1  1  1  1  1
43       1  1  1  1  1
44       0  1  1  0  1
45       1  1  1  0  1
46       1  1  1  1  1
47       1  0  0  1  1
48       1  1  1  1  1
49       1  1  1  1  1
50       0  1  1  0  1
51       1  1  1  1  1
52       1  1  0  0  0
53       1  1  1  1  1
54       1  1  0  0  1
55       1  1  1  1  1
56       0  1  1  0  0
57       0  1  0  0  1
58       1  1  1  1  0
59       0  0  0  1  1
60       1  0  1  0  0
61       0  1  1  1  1
62       1  1  1  1  1
63       1  1  1  1  1
64       0  1  0  1  1
65       0  0  1  0  1
66       1  1  1  1  1
67       0  1  0  1  0
68       0  1  1  0  0
69       1  1  0  1  0
70       0  1  0  0  1
71       1  1  1  1  1
72       1  1  1  1  1
73       1  1  1  1  1
74       1  1  1  1  1
75       0  1  1  0  1
76       1  0  1  0  1
77       0  0  1  1  0
78       1  0  0  0  1
79       1  1  1  1  1
80       1  0  0  1  0
81       0  0  1  1  0
82       1  0  1  1  0
83       1  1  1  1  1
84       1  0  1  1  0
85       0  1  1  1  0
86       1  0  0  1  0
87       1  0  0  1  1
88       1  1  1  1  1
89       0  0  1  0  1
90       1  1  1  1  1
91       1  1  1  1  1
92       1  1  1  1  1
93       1  1  1  1  1
94       1  1  1  1  1
95       1  0  1  0  1
96       0  0  1  1  0
97       1  1  1  1  1
98       1  1  1  1  1
99       1  1  1  1  1
100       1  1  1  1  1
101       1  1  1  0  0
102       1  0  1  1  0
103       1  1  1  1  1
104       1  1  1  1  1
105       1  1  1  1  1
106       1  1  0  0  0
107       1  1  1  1  1
108       1  1  1  1  1
109       0  0  1  0  1
110       1  1  1  1  1
111       1  1  0  0  1
112       1  1  1  1  1
113       1  1  1  1  0
114       0  1  0  0  1
115       1  1  1  1  1
116       1  1  1  1  1
117       0  1  1  0  1
118       1  1  1  1  1
119       0  1  0  0  1
120       0  1  1  0  0
121       1  1  1  1  1
122       1  1  1  1  1
123       1  1  1  1  1
124       1  1  1  1  1
125       1  1  1  1  1
126       0  0  0  1  1
127       1  1  1  1  1
128       1  1  1  1  1
129       1  1  1  1  1
130       1  1  1  1  1
131       1  0  1  1  0
132       1  1  1  1  1
133       1  1  1  0  1
134       1  1  1  1  1
135       1  1  1  1  1
136       1  1  1  1  1
137       1  0  0  1  0
138       1  1  1  1  1
139       1  0  1  1  0
140       1  1  1  1  1
141       1  0  0  1  0
142       1  1  1  1  1
143       1  1  1  1  1
144       1  1  1  1  1
145       1  1  0  0  1
146       1  1  1  1  1
147       1  1  1  1  0
148       1  1  0  1  0
149       1  1  1  1  1
150       1  0  0  0  1
151       1  0  0  0  1
152       1  1  1  1  1
153       0  1  0  0  1
154       1  1  1  1  1
155       0  0  1  0  1
156       0  1  0  0  1
157       0  0  0  1  1
158       1  1  1  1  1
159       0  1  1  0  1
160       1  1  1  1  1
161       1  1  1  1  1
162       1  1  1  1  1
163       1  1  0  1  0
164       1  1  1  0  1
165       1  0  0  1  0
166       0  0  0  1  1
167       1  1  1  1  1
168       1  1  1  1  1
169       1  0  1  1  0
170       1  1  1  1  1
171       1  1  1  1  1
172       1  1  1  1  1
173       1  1  1  1  1
174       1  1  1  1  1
175       1  1  1  1  1
176       1  1  1  1  1
177       1  1  1  1  1
178       1  1  1  1  1
179       1  1  1  1  1
180       1  1  1  1  1
181       1  1  1  1  1
182       1  1  1  1  1
183       1  1  1  1  1
184       1  1  1  1  1
185       1  1  1  1  1
186       1  1  1  0  0
187       1  1  1  1  1
188       1  1  1  1  1
189       1  1  1  1  1
190       1  1  0  0  1
191       0  1  1  1  1
192       0  0  1  1  1
193       1  1  1  1  1
194       0  1  0  1  1
195       1  1  1  1  1
196       1  1  1  1  1
197       0  1  1  0  0
198       0  0  1  0  1
199       1  0  1  0  0
200       1  1  1  1  1
201       1  1  1  1  1
202       1  0  1  0  0
203       1  1  1  1  1
204       1  1  1  1  1
205       1  1  0  1  0
206       1  0  1  0  0
207       1  1  1  1  1
208       0  1  1  0  0
209       1  1  1  1  0
210       1  1  0  1  1
211       1  1  1  1  1
212       1  0  1  1  1
213       0  0  1  0  1
214       1  0  0  0  1
215       1  1  1  1  1
216       1  1  1  1  1
217       0  0  1  0  1
218       1  1  1  1  1
219       1  1  1  1  1
220       1  1  1  1  1
221       1  1  1  1  1
222       0  1  0  1  0
223       0  1  0  1  1
224       1  1  0  0  1
225       1  1  1  1  1
226       1  1  1  0  0
227       1  1  1  1  1
228       0  0  0  1  1
229       1  1  1  1  1
230       1  1  1  1  1
231       1  1  1  1  1
232       1  1  1  1  1
233       1  1  1  1  1
234       1  1  1  1  1
235       1  1  1  1  1
236       0  0  0  1  1
237       1  1  1  1  1
238       1  1  1  1  1
239       1  1  1  1  1
240       1  1  1  1  1
241       1  1  1  0  0
242       1  1  1  1  1
243       1  0  1  0  1
244       1  1  1  1  1
245       1  0  0  1  1
246       1  0  0  0  1
247       1  1  1  1  1
248       1  1  1  1  1
249       1  1  1  0  1
250       1  1  1  1  1
251       0  0  1  0  1
252       0  1  0  1  1
253       1  1  1  1  1
254       1  1  1  1  1
255       1  1  1  1  1
256       1  1  1  1  1
257       1  1  1  0  0
258       1  1  1  1  1
259       1  1  1  1  1
260       1  1  1  1  1
261       1  1  0  1  0
262       1  0  0  1  0
263       1  1  1  0  0
264       1  1  1  1  1
265       1  1  1  1  1
266       0  0  1  1  0
267       0  0  0  1  1
268       1  1  0  1  1
269       0  1  0  1  1
270       1  1  1  1  1
271       0  1  0  0  1
272       1  1  0  0  0
273       1  1  0  0  1
274       1  1  1  1  1
275       1  0  1  0  1
276       0  0  1  1  1
277       1  1  1  1  1
278       0  0  0  1  1
279       1  1  1  1  1
280       0  0  0  1  1
281       1  1  1  1  1
282       1  1  1  1  1
283       1  0  1  0  0
284       1  1  1  1  1
285       1  1  1  1  1
286       0  0  1  1  1
287       1  1  1  1  1
288       1  1  1  1  1
289       1  1  1  0  1
290       1  1  1  1  1
291       1  1  0  1  0
292       1  1  1  1  1
293       1  1  1  1  1
294       1  1  1  1  1
295       1  1  1  1  1
296       1  1  1  1  1
297       1  0  0  1  0
298       1  1  1  1  1
299       1  1  1  0  0
300       0  1  0  1  1
301       1  1  1  1  1
302       1  1  1  0  1
303       1  1  1  1  1
304       0  1  1  1  1
305       1  1  1  1  1
306       1  1  1  1  0
307       1  0  0  0  1
308       1  1  0  1  1
309       0  1  0  1  0
310       1  0  1  1  1
311       0  1  0  1  1
312       0  1  1  1  1
313       1  1  1  1  0
314       1  1  1  1  1
315       1  0  1  0  0
316       1  1  1  1  0
317       0  1  1  0  0
318       0  1  0  0  1
319       1  0  0  1  1
320       0  0  1  0  1
321       1  1  0  1  0
322       1  1  1  1  1
323       1  1  1  1  1
324       0  0  0  1  1
325       0  1  1  0  1
326       1  0  0  1  1
327       0  1  1  0  1
328       0  1  0  0  1
329       0  1  0  1  1
330       1  1  1  1  1
331       1  1  1  1  0
332       0  0  1  1  0
333       1  1  1  1  1
334       1  1  1  1  1
335       0  1  0  1  0
336       1  1  0  0  1
337       1  1  1  1  1
338       1  1  0  0  1
339       1  1  1  1  1
340       1  1  1  1  1
341       1  0  1  0  1
342       1  1  1  1  0
343       1  1  1  1  1
344       1  1  1  1  0
345       1  1  1  1  1
346       1  0  0  1  0
347       1  1  1  1  1
348       1  1  1  1  1
349       1  0  1  0  1
350       1  1  1  1  1
351       1  0  1  1  0
352       1  1  1  1  1
353       0  1  1  0  1
354       1  0  1  1  0
355       0  0  1  1  1
356       1  1  1  1  1
357       1  0  1  1  1
358       0  0  1  1  1
359       1  1  1  1  0
360       1  1  1  0  1
361       1  1  1  1  1
362       1  1  1  1  1
363       0  1  0  1  1
364       1  1  1  0  0
365       0  0  1  1  1
366       0  1  1  0  1
367       1  1  1  1  1
368       1  0  1  0  0
369       1  0  1  1  1
370       0  1  1  1  1
371       0  1  0  1  0
372       1  1  1  1  1
373       1  1  1  1  1
374       1  1  1  1  1
375       1  1  1  1  1
376       0  1  0  0  1
377       1  1  0  0  0
378       1  1  1  1  1
379       0  0  1  1  0
380       1  0  1  1  0
381       1  1  1  1  1
382       0  1  1  0  0
383       1  0  1  1  0
384       1  1  0  0  1
385       1  1  1  0  0
386       1  1  1  1  1
387       1  1  1  1  1
388       1  1  1  1  1
389       1  1  1  1  1
390       0  1  0  1  0
391       1  1  0  0  1
392       1  1  1  1  1
393       1  1  1  1  1
394       1  1  1  1  1
395       1  1  1  1  1
396       0  0  1  1  0
397       1  0  1  0  0
398       1  1  1  1  1
399       1  1  1  1  1
400       1  1  1  1  1
401       0  0  1  1  0
402       1  0  0  0  1
403       1  1  1  1  1
404       0  1  1  1  1
405       1  1  1  1  1
406       1  1  1  1  1
407       1  1  1  0  1
408       1  1  1  1  1
409       1  0  1  0  0
410       1  1  1  1  1
411       1  1  1  1  1
412       0  1  0  1  1
413       1  1  0  1  1
414       1  1  1  1  1
415       1  1  1  1  0
416       1  1  1  1  1
417       1  1  1  1  1
418       1  1  1  1  1
419       1  1  1  1  0
420       0  1  1  1  1
421       1  1  1  1  1
422       1  0  1  1  1
423       1  1  1  1  1
424       1  1  1  1  1
425       1  1  1  1  1
426       1  0  1  0  0
427       0  0  1  1  0
428       1  1  1  1  1
429       1  1  1  0  0
430       1  1  1  1  1
431       1  1  1  1  1
432       1  1  1  1  1
433       0  1  0  0  1
434       1  1  1  1  1
435       0  0  1  1  0
436       1  1  1  1  1
437       1  1  1  1  1
438       1  1  1  1  1
439       0  1  0  0  1
440       1  1  1  1  1
441       1  1  1  1  1
442       1  1  1  1  1
443       1  1  1  1  1
444       1  1  1  1  1
445       1  1  1  1  1
446       1  1  1  1  1
447       1  0  1  1  0
448       0  1  1  0  0
449       1  1  1  1  1
450       0  0  1  1  1
451       1  1  1  1  1
452       0  1  1  1  1
453       1  1  1  1  1
454       0  1  1  1  1
455       1  1  0  0  0
456       0  0  1  0  1
457       1  1  1  1  1
458       1  0  0  1  1
459       1  1  1  1  1
460       1  1  1  1  1
461       1  1  1  1  1
462       1  1  1  1  1
463       0  0  1  1  1
464       1  1  0  1  1
465       1  0  0  1  1
466       1  0  1  0  1
467       1  1  1  1  1
468       1  1  1  1  1
469       1  1  1  1  1
470       1  0  1  1  0
471       1  1  1  1  1
472       1  1  1  1  1
473       1  1  1  1  1
474       1  0  0  0  1
475       1  1  1  1  1
476       1  1  1  0  1
477       1  1  1  1  1
478       1  1  0  1  1
479       1  1  0  0  0
480       1  1  1  1  1
481       0  1  1  1  1
482       0  1  0  0  1
483       0  1  0  1  1
484       1  1  1  1  1
485       1  1  1  1  1
486       1  1  1  1  1
487       1  1  0  0  1
488       1  0  0  1  0
489       1  1  1  1  1
490       1  1  1  1  1
491       1  1  1  1  1
492       1  1  1  1  1
493       1  1  1  1  1
494       1  1  1  1  1
495       1  1  1  1  1
496       1  1  1  1  1
497       0  1  1  0  0
498       0  1  1  0  1
499       0  1  1  0  1
500       1  0  0  1  1
501       1  1  1  1  1
502       1  1  1  1  1
503       1  1  1  1  1
504       1  1  1  0  0
505       1  1  1  1  1
506       1  1  1  1  1
507       1  1  1  1  1
508       1  1  1  1  1
509       1  0  1  0  1
510       1  1  1  1  1
511       1  1  1  1  1
512       1  1  1  1  1
513       1  1  1  1  1
514       0  1  1  1  0
515       1  1  1  1  1
516       1  1  1  1  1
517       0  1  1  1  1
518       1  1  1  1  1
519       1  0  0  0  1
520       1  1  1  1  1
521       0  0  1  1  1
522       0  0  1  1  0
523       0  1  1  1  1
524       1  0  1  1  0
525       1  1  0  0  0
526       1  1  1  1  1
527       0  1  1  1  0
528       1  1  0  0  0
529       1  1  1  1  1
530       0  1  0  1  0
531       1  1  1  1  1
532       0  0  1  0  1
533       1  0  0  0  1
534       1  1  1  1  1
535       1  0  0  1  1
536       1  1  1  0  1
537       1  1  1  1  1
538       1  1  1  1  1
539       0  1  0  1  1
540       1  1  1  1  1
541       1  1  1  0  0
542       1  1  1  1  1
543       1  1  1  1  1
544       1  1  1  1  1
545       1  1  1  1  1
546       1  1  1  0  1
547       1  0  0  1  0
548       0  0  1  1  0
549       1  1  1  1  0
550       1  1  1  1  1
551       1  0  0  1  1
552       1  1  1  1  1
553       1  1  1  1  1
554       1  0  0  1  0
555       1  1  1  1  1
556       0  0  1  0  1
557       1  1  1  1  1
558       1  1  0  0  0
559       1  1  1  1  1
560       0  1  0  1  0
561       1  0  0  1  0
562       1  1  1  1  1
563       1  1  1  1  1
564       1  1  1  1  1
565       1  1  1  0  0
566       1  1  1  1  1
567       1  1  1  1  1
568       1  1  1  1  1
569       1  1  1  1  1
570       0  0  1  0  1
571       1  0  0  1  1
572       0  1  0  0  1
573       0  1  0  1  1
574       1  1  1  1  1
575       1  0  1  0  1
576       1  1  1  1  1
577       1  1  1  1  0
578       1  1  1  1  1
579       1  1  1  1  1
580       1  1  1  0  0
581       1  1  1  1  1
582       1  1  0  1  1
583       0  1  0  1  0
584       1  1  1  1  1
585       1  1  0  1  1
586       1  0  0  1  1
587       1  1  1  1  1
588       1  1  1  1  1
589       0  0  1  1  1
590       1  0  1  0  1
591       1  1  1  1  1
592       1  1  1  1  1
593       1  1  1  1  1
594       0  1  1  1  0
595       1  1  1  1  1
596       1  1  1  1  1
597       1  1  1  1  1
598       1  0  0  0  1
599       1  1  1  1  1
600       1  1  1  1  1
601       1  0  0  0  1
602       1  1  1  1  1
603       0  0  1  1  0
604       0  0  1  0  1
605       1  1  1  1  1
606       1  1  0  0  1
607       0  1  0  0  1
608       1  1  0  1  0
609       1  0  0  1  1
610       1  0  1  0  0
611       1  1  1  1  1
612       1  0  0  1  1
613       1  1  0  1  0
614       1  1  1  1  1
615       1  1  1  1  1
616       1  1  1  1  1
617       1  1  1  1  1
618       1  1  1  1  1
619       1  1  1  0  1
620       1  1  1  1  1
621       1  1  1  1  1
622       0  1  1  1  0
623       1  1  1  1  1
624       1  0  0  0  1
625       0  1  0  1  0
626       1  1  1  1  1
627       0  1  1  1  1
628       1  1  1  1  1
629       0  1  0  1  1
630       1  1  0  1  0
631       1  1  1  1  1
632       1  1  1  1  1
633       1  0  1  0  1
634       1  1  1  0  1
635       1  1  1  1  1
636       1  1  1  1  1
637       1  1  1  1  1
638       1  1  1  1  1
639       1  1  1  1  1
640       1  1  1  1  1
641       1  1  1  1  1
642       1  0  1  0  1
643       1  1  1  1  1
644       1  1  1  1  1
645       1  1  1  1  1
646       1  1  1  1  1
647       1  0  1  1  1
648       1  1  1  1  1
649       1  1  1  0  0
650       1  1  1  1  1
651       1  1  1  1  1
652       1  1  1  1  1
653       1  1  0  0  0
654       1  1  1  1  1
655       1  1  1  1  1
656       1  1  1  1  1
657       1  1  1  1  1
658       1  1  1  1  1
659       0  1  1  0  1
660       1  1  1  1  1
661       1  1  1  1  1
662       0  0  1  1  0
663       1  1  1  1  1
664       1  1  1  1  1
665       0  1  1  1  0
666       1  1  1  1  1
667       1  1  1  1  1
668       1  1  1  1  1
669       1  1  1  1  1
670       1  1  1  1  1
671       1  1  1  1  1
672       1  1  1  1  1
673       1  1  1  1  1
674       1  0  0  0  1
675       0  1  1  0  0
676       1  1  0  0  1
677       0  0  0  1  1
678       1  1  1  1  1
679       1  1  1  1  1
680       1  1  1  1  1
681       1  1  1  1  1
682       1  1  0  0  0
683       1  1  1  1  1
684       0  0  1  1  0
685       0  1  1  0  1
686       1  1  0  1  1
687       0  1  0  1  1
688       0  1  1  1  0
689       1  1  1  1  1
690       1  1  1  1  1
691       1  0  1  1  1
692       1  1  1  1  1
693       1  1  1  1  1
694       1  1  1  1  1
695       1  1  1  1  1
696       0  0  1  1  1
697       1  0  0  0  1
698       1  1  1  1  1
699       1  1  1  1  1
700       1  1  1  1  1
701       0  0  1  0  1
702       1  1  0  1  0
703       1  1  1  1  1
704       1  1  1  1  1
705       1  1  1  1  1
706       1  1  1  1  1
707       1  1  0  0  0
708       1  0  0  1  0
709       0  1  0  0  1
710       1  0  0  1  0
711       1  1  1  1  1
712       1  1  1  1  1
713       1  0  1  0  0
714       1  1  1  1  1
715       1  0  1  1  0
716       1  1  1  1  1
717       1  0  0  1  0
718       1  1  1  0  1
719       1  1  1  1  1
720       1  1  1  1  1
721       1  1  1  1  1
722       1  1  1  0  1
723       0  1  0  1  0
724       1  1  1  1  1
725       0  1  0  0  1
726       0  1  1  0  0
727       0  0  1  0  1
728       1  1  1  1  1
729       1  0  1  1  0
730       1  1  1  1  1
731       1  1  1  1  1
732       1  1  1  1  1
733       1  1  1  1  1
734       1  1  1  1  1
735       1  1  1  1  1
736       0  0  1  0  1
737       1  1  0  0  1
738       1  1  1  1  0
739       1  1  1  0  0
740       1  0  1  0  1
741       1  1  1  1  1
742       1  0  0  1  1
743       1  1  1  1  1
744       1  1  1  1  1
745       1  1  1  1  1
746       0  1  0  1  1
747       0  0  1  0  1
748       0  1  0  1  0
749       0  1  1  1  0
750       1  0  1  1  1
751       1  1  1  0  1
752       0  1  1  0  0
753       1  1  1  1  1
754       1  1  1  1  1
755       1  1  1  1  1
756       1  1  1  1  1
757       1  1  1  1  0
758       1  0  1  0  0
759       1  1  1  1  1
760       1  1  0  0  0
761       1  1  1  1  1
762       1  1  1  1  1
763       1  1  1  0  1
764       1  0  0  0  1
765       0  0  1  1  0
766       1  1  1  1  1
767       1  0  1  1  1
768       1  1  0  0  0
769       1  1  0  1  0
770       1  1  1  1  1
771       1  1  0  0  0
772       1  1  1  1  0
773       1  1  1  1  1
774       1  1  1  0  0
775       1  1  1  1  1
776       1  1  1  1  1
777       1  0  1  1  0
778       1  1  0  0  0
779       0  1  0  1  1
780       1  1  1  1  1
781       1  0  1  0  0
782       1  1  1  1  1
783       1  1  1  0  1
784       1  0  0  0  1
785       1  1  1  1  1
786       1  1  1  1  1
787       0  0  1  1  1
788       1  1  0  0  0
789       1  0  1  1  1
790       1  0  1  0  1
791       1  1  1  1  0
792       1  0  1  0  1
793       0  0  0  1  1
794       0  1  1  0  1
795       0  1  0  0  1
796       1  1  1  1  0
797       0  0  1  0  1
798       0  1  1  1  1
799       1  0  0  1  0


0             50        50
1         21.524    64.433
2         28.518    61.058
3         29.981    40.854
4         30.232     23.16
5         45.105    60.518
6          40.68    28.218
7         60.172    58.634
8         22.668    37.448
9         63.941    70.381
10         23.786    30.076
11         64.947    42.114
12         21.329    24.835
13         22.967    62.934
14         44.131    71.652
15         59.007     70.71
16         75.047    65.018
17         36.829    47.155
18         44.646    37.698
19         70.111    50.791
20         70.759    71.052
21          46.34    74.393
22         68.162    46.145
23         42.997    68.909
24         25.902    20.566
25         25.533    35.823
26         56.257    51.783
27         34.003    55.419
28         57.791     71.21
29         36.765     68.45
30         20.148    50.959
31         56.757    50.866
32          37.66     21.93
33         26.609    42.403
34         28.153    44.618
35         38.452    77.297
36           53.3    30.175
37         24.043    47.398
38          38.38    60.307
39          41.55     63.35
40         50.396    33.985


1    39.787     65.85
2    23.375    64.823
3    16.324    55.857
4    33.999    70.822
5    16.612    79.723
6    20.442    62.413
7    10.907    67.443
8    20.778     76.78
9    24.484     63.99
10     23.74    74.583
11    34.807    51.481
12    22.076    66.924
13     6.687     68.18
14    34.978    58.124
15    34.156    55.781
16    27.848    73.195
17    19.546    66.541
18    21.568    76.642
19    15.926    66.768
20    14.575    64.647
21    17.043    76.502
22    41.564    64.469
23    13.484    53.115
24    30.573    75.057
25     28.61    57.723
26    27.979    59.272
27    24.654    51.674
28    25.189    60.415
29    27.487    44.496
30     29.22     46.35
31    29.437    60.081
32    28.609    60.244
33    33.331    60.343
34     28.13    60.614
35    11.958    59.255
36    25.988    64.555
37    34.989    51.793
38      30.4    61.202
39    14.958     71.77
40    45.466    62.755
41    33.009    41.456
42    39.798    43.655
43    29.029    24.124
44    26.263    24.959
45    25.693    27.059
46     20.09     43.14
47    30.916    47.738
48    28.012     36.46
49    17.344    39.993
50    40.252    45.546
51    30.634    40.212
52    38.827    39.653
53    17.885     47.18
54    32.774    33.209
55    24.393    29.189
56    37.861    27.095
57    33.442    56.977
58     37.16    36.387
59    41.338    35.021
60    36.724    59.015
61    30.533    23.556
62    27.196    14.523
63    21.075    17.414
64    30.283    28.687
65    20.446    33.658
66    33.819    20.475
67    46.212    27.601
68     30.44    36.874
69    45.106    19.274
70    31.889     5.663
71    29.877    13.472
72     25.86    25.901
73    21.631    29.453
74    20.548    10.275
75    26.722    26.322
76    30.567    23.837
77    31.524    15.946
78    29.792    19.424
79    23.489    14.457
80    27.906    21.851
81    34.818    72.213
82    42.861    62.327
83    47.267    55.916
84    28.866    68.625
85    40.886    55.091
86    45.392      58.9
87    38.718    43.114
88    44.991    61.202
89    34.395    71.517
90    57.299    71.525
91    54.832    58.061
92    27.324     60.98
93    35.986    57.301
94    30.369    73.449
95    33.654    62.962
96    36.157    52.555
97    64.196    58.426
98    29.658    63.574
99    33.011      44.9
100    49.221    55.899
101    45.869    34.636
102    47.196    19.881
103    43.394    13.191
104    49.084    12.497
105    55.458    25.519
106    41.556    27.132
107    48.204    18.661
108    39.571    28.391
109    46.234    21.806
110    37.947    29.185
111    40.571    40.386
112    42.837    42.627
113    38.989    30.057
114    40.752    28.153
115    26.316    24.091
116    33.737    31.819
117    40.358    28.414
118    47.277    23.597
119    37.688    38.684
120    39.864    32.362
121    57.292    62.016
122    52.526    57.188
123    56.927    52.836
124    62.863    63.673
125    61.724    57.701
126    61.092    55.533
127    51.725     44.21
128    53.764    68.131
129    77.456    48.925
130    55.542    51.922
131    64.089    58.891
132    77.371    57.032
133    63.335    43.843
134    42.968    60.357
135    78.677    65.389
136    64.133    50.891
137    59.341    57.701
138    47.716    50.836
139    53.972    57.042
140    54.323    63.781
141    22.059    51.257
142    29.574    51.934
143    25.827    55.662
144    23.111    37.853
145    31.032    29.611
146    22.882    36.208
147    16.296    48.915
148    21.587    37.309
149    26.567    31.885
150    21.375    35.196
151    14.364    30.954
152    15.123     31.36
153    14.949    47.172
154    23.201    36.127
155    25.495    34.698
156    21.531    45.712
157    25.408    36.247
158    21.685     37.97
159     9.551    40.903
160    20.759    36.839
161    55.735    61.502
162     80.52    72.585
163     44.98    64.687
164    48.546    72.134
165     69.15    70.248
166     59.61    60.663
167    72.633    86.144
168     76.88    71.872
169     72.36    65.515
170    45.995    65.816
171    61.856     66.71
172     61.57    61.693
173    65.289    64.128
174    65.322    69.726
175    59.188     86.29
176    60.705    51.508
177    76.268    79.254
178    67.491    58.127
179    69.073    65.682
180    62.311    71.759
181    18.508    20.068
182    17.148    33.198
183    13.768    13.169
184    22.895    28.727
185    22.505    30.951
186     22.45    30.043
187    25.103    27.477
188    30.044     34.28
189    12.565    22.557
190    32.443    16.628
191    33.023    28.005
192    21.118    16.754
193    23.059      31.5
194    39.011    20.554
195    29.729    19.388
196    10.932    32.985
197    20.364    47.981
198    30.389    30.722
199     8.431    23.157
200     26.12    35.641
201    63.916    41.771
202    65.425    42.066
203    60.553     36.13
204    79.473     52.64
205    53.077    42.916
206    57.376    48.954
207    76.671     42.95
208    56.653    59.055
209    56.333    27.588
210    66.932    36.489
211    55.958    47.766
212    66.691    50.653
213    62.186    30.799
214    83.872    37.144
215    50.142    44.232
216    52.186    50.656
217    63.645    47.562
218    81.488    31.995
219    52.645    51.482
220    60.529    52.624
221    13.962    28.008
222    20.801    17.141
223     31.81    27.507
224    15.458     7.182
225    31.569    12.148
226    20.219    34.126
227    27.442    29.325
228    31.194    13.671
229    16.721    39.507
230    16.481    40.544
231    21.837    26.991
232    14.799    29.655
233     9.626    27.502
234    18.641    37.533
235    12.799    12.044
236    20.257    23.255
237    18.507     9.359
238    17.065    44.211
239    18.704    28.827
240    20.292    25.838
241    24.039    59.432
242     3.546    66.476
243    25.754    71.805
244    23.994    61.402
245     14.34    66.231
246    19.395    67.873
247    24.035    65.775
248    20.525    62.377
249    11.426    71.311
250    35.709    60.504
251    23.913    64.106
252    39.482    68.942
253    13.143    78.548
254    32.239    65.516
255    16.054    58.382
256     20.88    63.713
257    22.473    48.757
258    21.595    55.524
259    22.459     62.97
260    32.218    54.146
261    44.602     62.11
262    36.716    88.709
263    45.747    86.856
264    38.219    67.761
265     56.41    71.756
266    53.326    83.446
267    50.419     65.38
268    53.236    57.583
269     39.09    62.508
270     42.05    78.624
271    45.983    73.983
272    41.466    73.561
273    32.178    64.079
274     31.57    61.643
275     44.17    57.547
276    47.034    73.538
277    42.124    75.661
278    35.482    72.038
279    30.319    62.643
280    39.349    78.674
281    62.088    85.409
282    73.573    75.184
283    50.737    81.315
284    51.131    71.679
285    70.787     79.06
286    51.903     63.96
287    57.052    56.124
288    76.755    75.539
289    59.884    70.586
290    73.433    76.344
291     57.28    72.101
292    67.214    82.577
293    56.743    78.166
294    60.179    61.726
295    60.191    82.024
296    56.593    71.058
297    59.026    70.715
298    61.129    78.934
299     57.61    69.699
300    66.311    74.297
301    75.379    63.738
302    77.787    53.008
303    77.305    72.013
304    79.318    73.726
305    87.725    53.746
306    75.938    66.426
307    62.013    62.835
308    65.689    67.782
309    72.389    70.152
310    64.684    63.596
311    77.414    67.308
312    74.132    64.779
313    66.719    54.502
314    78.842    70.699
315    69.362    65.988
316    69.065    79.812
317    76.399    64.562
318    67.195    62.717
319    82.008    54.945
320    73.347     48.05
321    36.229    52.715
322    21.066    42.712
323    48.822      57.4
324    36.385    28.634
325    35.628    52.729
326    34.852    48.865
327     27.06    40.152
328     45.79    56.378
329    38.388    47.668
330    33.667    43.711
331    46.557     47.98
332    35.228    47.362
333     38.82    48.663
334    47.346    53.582
335    34.228    48.853
336    34.543    47.014
337    50.523     51.51
338    25.921    31.457
339    35.094    49.562
340    39.357    51.237
341    50.938    51.072
342    56.942     32.88
343    47.111    35.096
344    45.762    36.048
345    50.047    26.071
346    55.307    31.807
347     45.97    36.232
348    41.447    48.072
349    47.127    35.523
350    42.769    35.902
351    45.951    41.173
352    40.945    22.892
353    43.487    47.562
354    51.428    37.732
355    29.873    28.152
356    50.316     23.76
357    48.557    31.093
358    48.138     49.33
359    38.285    39.682
360    33.651    23.126
361     88.13    47.957
362    60.599    34.057
363      63.2    59.054
364    71.611    48.063
365    71.227     46.77
366    54.689     44.42
367    56.748    45.432
368    70.432    61.125
369    67.591    61.344
370    66.308    43.623
371    69.193    48.638
372    81.607    43.912
373     70.43    45.713
374    70.801    52.658
375    71.518    50.375
376    85.528    57.907
377    70.389    50.639
378    84.852    42.958
379    70.221    51.375
380    66.885    60.973
381     81.05    66.438
382    55.805    58.145
383    68.063    74.923
384     78.97    66.266
385    72.599    79.613
386    57.047    58.281
387    70.827    68.788
388    67.774    79.142
389    86.607    66.891
390    83.767    78.853
391    69.743    73.944
392    77.243    52.868
393    75.815    75.684
394    79.218    75.962
395    65.566    70.687
396    85.158    65.171
397    78.605    55.771
398    70.816    70.968
399    73.964    70.876
400    67.321    68.697
401    47.074    74.048
402    43.541    87.904
403    42.454    89.859
404    44.338    75.912
405    26.991    71.211
406     28.93    69.712
407    47.603    72.022
408     49.19    72.878
409    51.656    65.338
410    46.274     67.25
411    47.165    68.136
412    49.576     65.36
413    44.753    88.213
414    43.784    59.097
415     50.87    72.406
416    44.376    75.877
417    64.674    69.046
418    42.071    67.698
419    52.098    79.883
420    52.194    72.777
421    78.517    51.981
422    76.319    42.475
423     66.04    47.767
424    61.233    47.202
425    75.785    42.843
426    68.957    44.814
427    77.592    51.603
428    68.015    45.723
429     68.69    45.767
430    52.421     54.87
431    73.305    50.974
432    75.072    48.532
433    73.852     47.65
434    65.032     45.19
435    72.151    52.016
436    69.211    52.281
437     72.34    49.293
438    54.366    49.409
439    72.992    48.312
440    67.022    47.072
441    47.735    66.266
442    50.366    57.267
443    43.419     69.27
444    45.971    63.303
445    42.084     68.25
446    34.194    72.963
447    44.192    63.468
448    43.802    68.529
449    54.968    56.102
450    42.899    68.862
451    36.927     60.16
452    39.964    56.971
453    29.902    81.071
454    45.568    67.387
455    39.641    55.883
456    45.708    58.619
457    40.507     78.46
458    44.717    70.088
459    39.853    75.981
460    43.399    83.953
461    31.137    30.979
462    29.135    28.561
463     31.15     3.912
464    28.115    22.025
465    24.752    19.517
466    33.593    24.076
467    26.282     12.03
468    22.523    24.619
469    23.935     19.27
470    38.794    18.101
471    30.827    15.775
472    38.776    23.947
473    23.906    22.612
474    27.281     8.856
475    23.086     0.896
476    31.487    29.607
477    26.132    20.391
478    29.283    27.853
479    31.557     23.06
480        22    34.116
481    35.751    38.041
482    38.063    47.204
483     7.836    38.599
484    26.511     35.31
485    26.902     33.98
486    17.801    31.838
487     8.286    38.369
488    31.205    52.721
489    23.295    19.651
490    25.595    36.887
491    25.439    45.679
492    26.912    36.517
493    14.025    22.553
494    24.866    35.374
495     33.59    32.394
496    24.966    35.598
497    29.164    22.152
498    26.157    48.286
499    23.142    33.686
500    18.202    52.946
501    56.973    61.254
502    69.497    43.364
503    47.965    39.402
504    59.541    53.571
505     59.75    47.654
506    58.197    48.564
507    71.794    53.877
508    61.478    43.617
509     56.11     71.06
510    65.331    46.807
511    55.636    51.286
512    60.862     50.64
513    43.689    55.345
514    52.388    55.133
515    46.907    36.857
516    55.412    45.034
517    54.915     57.94
518    58.563    47.693
519    72.922    46.917
520    56.387    53.209
521    16.179     59.88
522    36.208    58.124
523    35.008    46.579
524    17.001    47.172
525    20.292    59.256
526     29.14    73.883
527    29.118    55.191
528    26.434    71.378
529    28.141    55.909
530    30.666    54.722
531    33.654    60.887
532     28.23    47.876
533    47.478    68.545
534    25.107    50.603
535    32.972    65.261
536    36.068    51.489
537    32.618    61.975
538    22.934    45.111
539    20.176    61.606
540    34.303    55.222
541    47.254    76.789
542    56.104    65.279
543    68.427    69.079
544     59.86    73.375
545    72.087    83.975
546    51.964    64.577
547    45.074    56.209
548    73.923    80.179
549    47.135     55.02
550    52.798    69.609
551    62.528    57.795
552    51.803    57.819
553    68.582    85.624
554    53.773    70.346
555    68.951    78.638
556    46.544    76.917
557     44.96    71.714
558    49.701     62.23
559    63.461     73.84
560    63.476    62.391
561    31.384    72.603
562    49.942    64.499
563     31.31    63.455
564    25.732    63.707
565    37.672    61.745
566     44.49    65.396
567    38.807    58.262
568    37.026    67.517
569    33.432    68.317
570     38.64    80.333
571    46.219    75.643
572    50.312    78.545
573    34.377    59.733
574    31.313    70.526
575    26.784    71.543
576    35.269    70.715
577    25.942    60.161
578    38.966    77.422
579    31.939    77.741
580     37.06     69.22
581    21.674    65.819
582    34.906    62.491
583    28.129    45.528
584    18.928    44.238
585     18.79    33.376
586     19.96    52.123
587     4.097    40.406
588    24.868    62.511
589    34.485    46.348
590    20.039    51.735
591    18.824    61.366
592    28.099    55.015
593    22.435    45.668
594     8.587    43.325
595    33.128    64.786
596    22.707    39.863
597     0.503    53.043
598     9.643    62.474
599    17.414    46.789
600     9.098    48.509
601    68.631    49.584
602    60.611    68.523
603     69.85    56.327
604    49.836    47.281
605     53.03    66.032
606    61.811    60.869
607    59.271     52.71
608     56.04    49.727
609    58.955     57.47
610    59.251    46.953
611    45.032    47.106
612    42.479    47.548
613     50.36    56.153
614    54.443    51.013
615    61.181    40.753
616    71.842    61.944
617    56.112    56.519
618    57.373    51.375
619     48.04    42.607
620    52.408    47.466
621    46.388     26.79
622    19.616    20.687
623    37.606    21.862
624    31.126    35.557
625    46.461     5.667
626    47.962    21.571
627    20.546    25.565
628     37.34    22.858
629    40.221    18.396
630    40.425    32.092
631    50.244    27.417
632    29.336      6.15
633    35.517    30.894
634     38.61    22.793
635    54.818    11.926
636    54.908    17.201
637    46.035     8.621
638    34.158    24.313
639    25.017    35.453
640    36.932    21.431
641    36.423    44.245
642    23.207    41.849
643    25.474    44.924
644    39.904    56.317
645    31.841    42.918
646    15.751    55.443
647    26.231    44.633
648    36.462    26.273
649    27.605    46.596
650    19.528    44.008
651     20.94    54.759
652    26.668    42.417
653     45.71    37.598
654    43.095     52.01
655    16.931    32.093
656    33.299    37.522
657    28.036    28.403
658    21.897    59.783
659    25.316    50.287
660    40.864    52.153
661    24.223    33.061
662     36.53    53.231
663    30.261    37.651
664    21.952    57.252
665    31.834    41.828
666    24.957    39.387
667    28.796    44.536
668    27.521    45.018
669    22.981    44.102
670    15.913    53.947
671    14.279      47.2
672    37.181    36.992
673    10.279    44.263
674    35.431    43.138
675    33.875    38.078
676     15.71    54.904
677    23.699    45.008
678    26.016    41.759
679     25.47    29.694
680    13.611    56.059
681    41.855    57.811
682    40.908     76.97
683    41.083    73.072
684    34.242    95.375
685    38.563    77.021
686    40.521    78.137
687    27.183    77.572
688    39.825    78.074
689    36.258    86.007
690    34.064    79.462
691    44.973    90.716
692    35.179    61.287
693     30.74    76.926
694    55.821    80.076
695    32.095    82.911
696    26.761    87.558
697    33.037     78.26
698    21.563     82.14
699    45.875    90.432
700    31.333    82.601
701    40.792    24.693
702    51.144    26.641
703    52.579    34.498
704    67.657    20.715
705     41.92     40.51
706    55.871    29.112
707    66.781    43.372
708    34.576    27.897
709    54.556    27.138
710    57.476    37.726
711    45.006    29.859
712    37.899    23.005
713    63.778    15.122
714    62.319    26.907
715    42.188    19.002
716    53.265    30.211
717    57.184     21.52
718    46.228    12.334
719     47.66    22.125
720    47.374    11.986
721     8.889    52.991
722    37.762    34.849
723    21.836    31.341
724    30.412    55.137
725    21.825    41.935
726    11.131    33.472
727     5.525    51.993
728    19.983    51.777
729    15.701    30.201
730    16.844    46.777
731    24.336    47.123
732    23.557    57.926
733    11.482    35.524
734    17.042    56.557
735    23.788    54.544
736    18.014    51.846
737    38.174    59.268
738    22.035    53.119
739     26.37    37.543
740    12.729    38.135
741    39.306    60.147
742    39.119    61.587
743    54.147    64.808
744    35.991    64.196
745    31.298    76.834
746    29.586     75.49
747    35.806    45.509
748    52.601    58.773
749    21.864    67.479
750    29.538    66.791
751    32.303    61.867
752    34.024    58.297
753    36.881    60.467
754    25.085    46.488
755    23.483    63.687
756    41.035    74.439
757    36.082     52.25
758    39.197    72.464
759    27.844    57.552
760    37.662    57.625
761    41.633    65.346
762    47.178    62.672
763     43.69    65.574
764    38.894    43.907
765    40.746    60.184
766    55.394    66.019
767    33.822    60.206
768    37.607    55.203
769    56.838    62.429
770    44.735    73.786
771    34.374    76.113
772    49.736    53.219
773     41.69    63.375
774     41.92    63.439
775    50.406    61.654
776    47.554    62.157
777    39.773    62.194
778    37.284     61.34
779    38.546    63.347
780    35.586    61.795
781    47.791    39.662
782    51.156    35.133
783    49.901    34.453
784    47.248    25.958
785    47.147    18.955
786    65.528    40.153
787    46.328    38.519
788    45.843    19.484
789    48.706     18.54
790    48.836     32.96
791    59.205    48.512
792    49.973     36.44
793    45.121    34.125
794    35.449    30.535
795    50.282    23.561
796    50.987    39.046
797     50.49    32.233
798    45.727    25.183
799    49.449    33.875
800     50.08    38.847
