41 Stops, 800 Students, 10 Max_Walking, 25 Capacity, 5 Days 

0       0  1  0  1  0
1       1  1  0  1  1
2       1  1  0  1  0
3       1  1  1  1  1
4       1  0  0  1  0
5       1  0  0  1  1
6       0  1  0  1  0
7       1  0  0  1  1
8       0  1  1  0  1
9       0  1  1  1  0
10       0  1  1  0  0
11       1  0  0  0  1
12       0  1  0  1  0
13       0  1  0  0  1
14       0  0  1  0  1
15       0  1  0  0  1
16       1  1  1  0  1
17       1  0  1  1  0
18       0  0  0  1  1
19       1  1  1  1  0
20       0  0  1  0  1
21       1  0  1  1  1
22       1  0  1  1  1
23       1  0  1  0  0
24       1  1  1  0  1
25       1  0  1  1  1
26       1  0  0  1  0
27       0  0  1  1  0
28       1  0  0  0  1
29       1  1  0  0  1
30       1  1  0  1  0
31       1  1  0  0  1
32       1  1  0  0  1
33       0  1  1  0  1
34       1  0  1  1  0
35       0  0  1  0  1
36       1  1  0  0  0
37       0  0  1  0  1
38       1  0  1  1  1
39       0  0  1  1  0
40       1  0  0  0  1
41       1  1  0  0  1
42       0  1  0  0  1
43       1  1  0  1  1
44       0  0  1  1  0
45       1  0  1  0  0
46       0  0  1  1  1
47       0  1  0  1  0
48       0  0  1  1  0
49       0  1  0  1  0
50       0  0  1  1  0
51       0  0  1  1  1
52       1  0  1  1  0
53       1  1  0  0  1
54       1  1  1  1  1
55       0  1  1  1  0
56       1  0  1  1  1
57       1  1  0  0  0
58       1  1  0  1  0
59       0  1  1  1  0
60       1  1  1  1  1
61       1  0  1  1  0
62       0  1  1  0  0
63       1  1  0  1  0
64       0  1  0  1  0
65       1  0  1  1  0
66       1  0  1  1  1
67       1  1  1  1  1
68       0  0  1  0  1
69       1  0  1  0  1
70       0  1  1  0  1
71       1  1  1  0  1
72       0  0  1  0  1
73       1  1  1  0  1
74       1  1  0  1  1
75       0  0  1  1  0
76       1  0  1  0  1
77       0  1  0  0  1
78       0  0  1  1  1
79       0  1  1  0  1
80       1  1  1  0  0
81       0  0  0  1  1
82       1  0  0  1  0
83       1  1  0  1  1
84       0  1  1  1  0
85       0  0  1  1  0
86       0  1  1  1  1
87       0  1  0  1  1
88       1  0  0  0  1
89       0  1  1  0  1
90       1  0  0  0  1
91       1  0  0  0  1
92       0  1  0  1  0
93       0  0  1  1  1
94       0  1  1  1  1
95       0  1  1  1  1
96       1  0  1  0  1
97       0  0  1  1  1
98       1  1  1  0  0
99       1  0  0  0  1
100       1  1  1  1  0
101       0  1  1  0  1
102       0  1  0  0  1
103       0  0  1  1  0
104       1  0  0  1  1
105       1  0  0  0  1
106       1  1  1  1  0
107       1  0  0  1  1
108       0  1  1  1  0
109       0  0  1  1  0
110       1  0  1  0  1
111       0  1  1  1  1
112       1  1  1  0  1
113       1  0  1  1  0
114       1  1  1  1  1
115       1  0  0  1  0
116       1  1  0  1  0
117       0  0  1  0  1
118       0  0  1  1  0
119       1  1  0  0  0
120       1  0  1  1  1
121       1  1  0  1  1
122       1  0  1  1  0
123       0  1  0  0  1
124       1  1  1  1  0
125       0  1  0  1  0
126       0  0  1  1  0
127       1  1  0  0  1
128       1  0  0  1  0
129       0  1  1  1  1
130       1  0  1  0  1
131       1  0  0  1  1
132       0  0  0  1  1
133       1  1  0  0  1
134       1  0  1  0  1
135       1  1  0  1  0
136       0  0  1  1  0
137       1  0  0  1  1
138       0  1  0  0  1
139       1  1  0  0  0
140       0  0  1  1  1
141       1  0  1  0  0
142       1  1  0  0  0
143       0  1  1  1  1
144       1  0  1  0  0
145       1  1  1  0  0
146       0  1  0  1  0
147       1  0  0  1  1
148       0  1  1  1  1
149       0  1  0  0  1
150       0  0  0  1  1
151       0  1  0  1  1
152       1  1  1  0  1
153       1  1  1  0  1
154       0  1  1  1  1
155       0  1  1  0  1
156       1  1  1  1  1
157       0  1  0  1  1
158       0  1  1  0  1
159       0  1  0  0  1
160       1  0  0  1  0
161       0  1  1  0  0
162       1  0  1  1  0
163       1  0  1  0  1
164       0  1  0  1  0
165       1  0  1  1  0
166       0  0  1  1  1
167       0  0  1  1  0
168       0  0  0  1  1
169       0  0  1  1  1
170       1  0  1  1  0
171       1  0  1  1  0
172       1  1  0  1  0
173       0  1  1  1  0
174       1  0  0  0  1
175       1  1  0  1  1
176       0  0  1  1  0
177       1  1  0  1  1
178       0  1  1  0  1
179       0  1  0  0  1
180       1  1  1  1  1
181       0  1  1  0  0
182       0  1  0  1  0
183       0  0  1  1  0
184       1  1  1  0  1
185       1  1  1  0  1
186       1  0  1  0  1
187       1  0  0  0  1
188       0  0  0  1  1
189       0  0  1  0  1
190       1  1  1  1  0
191       0  0  0  1  1
192       1  1  0  1  1
193       1  1  0  0  0
194       0  1  0  1  0
195       0  0  1  1  1
196       1  0  1  1  1
197       1  0  1  1  1
198       0  0  1  1  1
199       0  0  0  1  1
200       1  1  0  0  1
201       0  1  1  0  1
202       0  0  0  1  1
203       1  1  0  0  1
204       0  0  1  1  0
205       0  1  1  1  1
206       1  0  1  1  0
207       1  1  1  0  0
208       1  0  1  1  1
209       1  0  1  0  1
210       1  1  1  1  0
211       1  0  0  1  1
212       0  1  0  0  1
213       0  1  1  1  0
214       1  0  1  1  0
215       1  0  0  1  1
216       1  1  1  0  1
217       1  0  0  1  1
218       1  0  1  0  1
219       1  0  1  0  1
220       0  0  1  0  1
221       1  0  0  1  0
222       0  1  1  0  0
223       0  1  1  0  1
224       1  0  0  0  1
225       0  0  1  0  1
226       1  1  0  0  0
227       0  1  0  0  1
228       0  0  1  0  1
229       1  0  0  0  1
230       1  0  1  0  1
231       1  1  0  1  0
232       1  1  1  0  0
233       0  1  1  0  0
234       0  1  0  0  1
235       0  0  1  0  1
236       1  0  0  0  1
237       1  0  0  1  0
238       1  1  0  1  0
239       1  1  0  0  1
240       0  1  0  1  1
241       0  1  1  1  1
242       1  1  0  0  0
243       1  1  0  1  1
244       1  1  1  0  1
245       1  1  0  1  0
246       1  0  1  1  0
247       1  1  1  0  0
248       1  1  0  1  0
249       1  1  1  0  0
250       0  0  1  0  1
251       1  0  1  1  0
252       1  0  1  1  0
253       0  0  1  1  1
254       1  0  0  1  1
255       1  0  0  1  1
256       0  0  1  1  1
257       1  1  0  1  1
258       1  0  1  0  0
259       1  1  0  0  0
260       1  1  1  0  1
261       1  1  1  1  0
262       1  1  0  1  1
263       1  0  1  0  1
264       1  0  1  0  0
265       1  0  1  0  0
266       1  1  1  0  1
267       0  1  1  0  0
268       1  0  0  0  1
269       1  1  1  1  0
270       1  1  1  1  1
271       1  1  0  0  1
272       0  0  1  1  1
273       0  1  1  0  1
274       1  1  0  0  0
275       0  1  1  1  1
276       1  1  1  1  0
277       1  1  0  1  0
278       0  0  1  0  1
279       0  1  1  0  1
280       0  1  1  0  0
281       1  1  1  0  1
282       0  1  1  0  1
283       0  1  0  0  1
284       1  0  1  0  1
285       0  0  1  0  1
286       1  0  1  0  0
287       0  1  1  0  1
288       0  1  0  1  0
289       0  1  1  0  0
290       1  1  1  0  0
291       1  1  0  0  1
292       1  0  1  1  0
293       1  1  1  0  1
294       1  1  1  0  1
295       1  1  1  0  1
296       1  1  1  1  0
297       1  0  1  1  0
298       1  0  0  1  0
299       0  1  1  1  1
300       0  1  1  1  0
301       0  1  1  0  1
302       0  1  0  0  1
303       1  1  1  0  1
304       1  1  0  0  1
305       0  1  1  0  1
306       1  0  1  0  0
307       0  1  0  0  1
308       1  1  1  1  0
309       1  1  1  1  0
310       0  1  1  0  0
311       1  0  1  0  1
312       0  1  1  0  1
313       0  1  1  1  1
314       1  1  1  0  1
315       1  1  1  0  1
316       1  1  0  0  0
317       0  1  1  0  0
318       0  1  1  1  0
319       1  0  1  1  1
320       1  0  0  1  0
321       1  0  0  1  1
322       1  0  0  0  1
323       1  0  1  1  1
324       0  1  1  1  0
325       0  1  1  0  1
326       1  0  1  1  1
327       1  1  1  0  0
328       0  1  0  1  1
329       1  0  0  0  1
330       1  0  1  1  0
331       0  1  0  1  0
332       0  0  1  1  0
333       0  0  0  1  1
334       0  0  0  1  1
335       0  1  1  1  0
336       1  0  1  1  1
337       1  1  1  1  1
338       1  0  1  0  0
339       0  0  1  1  1
340       1  0  1  0  0
341       1  0  0  1  0
342       0  0  0  1  1
343       1  0  1  1  1
344       1  0  1  0  0
345       0  0  1  0  1
346       1  1  0  0  0
347       0  1  0  0  1
348       0  1  1  1  1
349       1  1  1  0  0
350       1  1  0  1  0
351       0  1  1  0  1
352       1  0  0  1  1
353       1  1  0  0  0
354       1  0  0  0  1
355       1  1  1  0  1
356       1  1  0  1  1
357       0  0  0  1  1
358       0  0  1  1  1
359       1  1  0  0  1
360       0  1  1  1  1
361       1  1  1  1  0
362       1  0  0  0  1
363       1  1  0  1  0
364       0  0  1  1  1
365       1  0  0  0  1
366       0  1  1  1  1
367       0  0  0  1  1
368       1  1  1  0  1
369       1  1  0  0  0
370       1  0  0  0  1
371       0  1  0  1  0
372       1  1  1  0  1
373       0  1  0  0  1
374       1  1  0  0  0
375       0  1  1  1  0
376       0  1  1  1  0
377       1  1  0  1  1
378       1  0  0  0  1
379       1  0  1  1  0
380       0  0  0  1  1
381       0  0  0  1  1
382       0  1  1  1  0
383       0  0  1  1  1
384       1  0  0  0  1
385       1  1  0  1  1
386       0  1  1  1  0
387       1  0  1  0  0
388       0  1  0  1  0
389       1  1  0  0  1
390       1  1  0  1  1
391       1  0  0  1  0
392       0  1  1  1  0
393       1  1  1  0  0
394       0  1  1  0  1
395       1  0  1  1  0
396       1  1  0  0  0
397       0  1  0  0  1
398       1  0  0  1  1
399       1  0  0  1  1
400       1  0  1  1  1
401       0  0  0  1  1
402       1  1  0  1  0
403       0  1  0  1  1
404       0  1  1  1  0
405       0  0  1  1  0
406       1  1  1  1  0
407       0  1  1  0  0
408       0  0  1  0  1
409       0  0  1  0  1
410       1  0  1  1  0
411       0  0  1  1  1
412       1  1  1  0  0
413       0  1  1  1  0
414       0  1  0  0  1
415       1  0  1  0  1
416       0  0  1  1  1
417       1  1  1  1  1
418       1  1  1  0  1
419       0  1  1  0  1
420       1  0  1  0  0
421       0  1  1  0  0
422       1  1  0  0  1
423       1  1  0  1  1
424       1  1  0  0  0
425       0  1  1  1  1
426       1  1  0  0  1
427       1  1  1  0  0
428       1  0  1  1  1
429       1  0  1  1  1
430       1  1  1  1  1
431       1  0  1  0  0
432       0  1  0  0  1
433       0  0  1  1  1
434       0  0  0  1  1
435       0  1  0  1  1
436       1  1  0  0  0
437       1  0  1  1  1
438       1  1  0  1  1
439       1  1  1  0  1
440       1  0  1  1  1
441       1  0  0  1  1
442       1  1  0  0  1
443       0  1  1  1  0
444       0  1  0  1  0
445       1  1  0  0  1
446       0  1  1  1  0
447       1  0  0  1  1
448       1  1  0  1  0
449       0  0  1  1  0
450       1  0  1  1  1
451       0  1  0  1  1
452       1  0  1  1  0
453       0  1  1  1  1
454       1  1  1  1  0
455       1  0  1  1  0
456       0  0  1  1  1
457       1  1  0  0  1
458       1  1  1  1  1
459       0  1  1  0  0
460       0  1  0  1  0
461       0  1  1  1  1
462       0  1  1  0  1
463       0  1  0  1  0
464       1  0  0  1  1
465       1  0  0  1  0
466       1  1  0  0  1
467       1  0  1  1  0
468       1  0  1  1  0
469       1  0  0  1  1
470       0  0  1  0  1
471       0  0  1  0  1
472       0  1  1  1  1
473       1  1  1  1  0
474       1  1  0  1  1
475       1  1  0  0  0
476       0  0  0  1  1
477       0  0  0  1  1
478       0  0  1  0  1
479       0  0  1  1  0
480       1  1  1  0  1
481       1  1  0  0  0
482       1  0  0  0  1
483       1  0  1  0  1
484       0  1  1  0  0
485       0  1  1  0  0
486       1  0  1  1  1
487       0  1  1  0  0
488       0  1  0  1  0
489       1  0  1  0  0
490       0  1  1  0  1
491       0  0  0  1  1
492       1  0  1  0  0
493       0  0  0  1  1
494       0  0  1  0  1
495       0  1  1  1  0
496       0  1  0  0  1
497       0  1  1  1  0
498       0  1  1  0  0
499       1  1  0  0  1
500       0  1  0  0  1
501       0  1  0  1  0
502       1  1  1  0  0
503       0  0  0  1  1
504       1  1  0  1  0
505       1  1  1  0  0
506       1  0  1  0  1
507       1  1  0  1  1
508       0  1  1  0  1
509       0  1  1  0  0
510       0  0  1  0  1
511       1  0  0  1  1
512       0  1  0  1  0
513       1  0  1  0  0
514       0  1  0  0  1
515       1  0  1  1  1
516       0  0  1  1  1
517       1  1  1  0  1
518       1  1  0  0  0
519       0  0  1  1  0
520       0  0  0  1  1
521       1  1  0  1  1
522       1  0  0  1  1
523       1  1  1  1  0
524       0  1  1  1  1
525       1  0  0  0  1
526       0  1  1  0  0
527       1  0  0  1  1
528       1  1  1  1  0
529       0  1  1  0  0
530       0  1  1  0  0
531       1  1  0  1  0
532       0  1  0  0  1
533       0  1  0  1  1
534       0  1  0  0  1
535       1  0  1  1  1
536       0  1  1  1  1
537       0  1  1  1  1
538       0  0  1  1  1
539       1  1  1  1  1
540       0  0  1  1  1
541       1  1  0  0  1
542       1  0  1  0  0
543       1  1  0  1  0
544       0  0  1  1  1
545       1  1  1  0  1
546       0  1  0  1  1
547       1  0  0  1  1
548       1  0  0  1  1
549       0  1  1  0  0
550       0  1  1  0  0
551       1  1  1  1  0
552       1  0  1  1  0
553       0  1  0  1  0
554       0  1  1  0  0
555       0  1  1  1  0
556       1  1  1  1  0
557       0  1  0  0  1
558       1  0  1  0  0
559       0  1  0  0  1
560       0  1  0  1  0
561       0  1  0  1  0
562       0  0  1  0  1
563       1  1  1  0  0
564       1  1  1  1  1
565       1  1  0  0  0
566       0  1  0  1  1
567       1  1  1  0  1
568       1  1  0  0  1
569       0  1  1  1  1
570       1  0  1  0  1
571       1  1  1  0  0
572       0  1  1  1  0
573       1  1  1  0  1
574       0  1  1  1  0
575       1  0  0  1  0
576       0  1  0  0  1
577       0  0  1  1  1
578       1  1  1  0  0
579       1  0  1  0  0
580       1  1  1  1  0
581       1  1  1  1  1
582       1  0  0  0  1
583       0  1  1  0  0
584       1  0  1  1  1
585       0  1  1  1  0
586       1  1  0  0  1
587       0  1  0  0  1
588       1  0  1  0  0
589       1  0  0  1  0
590       0  1  1  1  1
591       1  0  1  1  1
592       1  1  1  1  1
593       0  1  1  1  1
594       1  0  1  0  0
595       1  0  1  1  0
596       1  1  1  1  0
597       0  0  0  1  1
598       0  1  1  0  0
599       0  1  0  0  1
600       0  0  0  1  1
601       1  1  1  0  1
602       0  1  0  1  0
603       1  1  1  0  1
604       1  0  0  1  0
605       1  1  1  1  0
606       0  0  1  0  1
607       0  1  0  1  1
608       0  1  1  0  1
609       1  1  0  1  0
610       1  0  1  0  1
611       0  0  1  1  0
612       0  1  1  0  0
613       1  0  0  0  1
614       1  1  1  1  1
615       1  0  0  1  1
616       1  1  0  0  0
617       0  0  1  1  0
618       1  1  1  0  0
619       0  0  0  1  1
620       1  0  1  0  1
621       1  1  0  0  0
622       0  1  0  1  0
623       0  1  1  1  1
624       1  0  0  0  1
625       1  1  1  1  1
626       0  1  0  1  1
627       1  0  0  1  0
628       1  1  1  0  1
629       1  1  0  1  1
630       0  1  1  1  0
631       0  1  0  1  0
632       1  1  0  1  0
633       1  0  1  1  1
634       0  1  1  1  1
635       0  1  1  0  1
636       0  0  1  1  1
637       0  0  0  1  1
638       1  1  0  0  0
639       1  1  1  0  1
640       0  1  0  0  1
641       0  0  1  0  1
642       1  0  0  1  0
643       1  1  1  0  1
644       1  1  0  0  1
645       1  0  0  1  0
646       1  0  0  1  1
647       0  0  1  0  1
648       1  0  1  1  1
649       1  1  1  1  0
650       0  1  0  1  0
651       1  1  0  0  1
652       0  0  1  0  1
653       0  1  1  1  1
654       0  0  1  1  0
655       1  1  1  0  0
656       0  1  1  0  0
657       0  1  1  0  1
658       0  1  0  1  0
659       1  1  1  0  1
660       1  0  1  1  1
661       1  0  1  1  0
662       1  1  0  1  0
663       1  1  0  0  0
664       1  0  1  0  0
665       1  1  1  1  1
666       1  0  1  1  0
667       1  0  0  1  0
668       1  1  1  1  1
669       0  1  0  0  1
670       1  1  1  1  0
671       0  1  0  1  0
672       1  0  0  1  1
673       0  1  0  0  1
674       1  0  1  1  1
675       1  1  0  0  1
676       0  1  0  1  1
677       1  1  1  0  0
678       1  0  1  1  0
679       0  0  0  1  1
680       1  1  1  0  0
681       0  1  1  1  1
682       0  0  1  0  1
683       0  1  1  0  0
684       0  1  0  1  0
685       1  1  1  1  0
686       1  0  0  1  1
687       1  0  1  1  1
688       1  0  1  1  0
689       0  0  0  1  1
690       0  1  1  1  0
691       1  0  0  1  1
692       1  0  1  0  0
693       0  1  0  1  0
694       1  1  1  0  0
695       0  0  1  0  1
696       1  1  1  1  1
697       1  0  0  1  0
698       1  1  0  0  1
699       0  1  0  1  0
700       1  1  0  1  0
701       0  1  0  0  1
702       1  0  0  1  1
703       1  1  0  0  0
704       1  0  1  1  1
705       1  1  1  0  0
706       1  1  0  0  0
707       0  0  0  1  1
708       0  0  0  1  1
709       1  1  0  0  1
710       0  0  1  1  1
711       1  0  1  0  0
712       0  0  1  0  1
713       0  1  1  0  0
714       1  1  1  1  0
715       1  0  1  1  0
716       0  0  1  1  1
717       1  0  1  0  0
718       0  0  1  0  1
719       1  1  1  0  1
720       1  0  1  1  0
721       1  1  1  1  1
722       1  1  1  1  0
723       0  0  1  1  0
724       1  1  1  1  1
725       0  0  1  1  1
726       1  1  1  1  1
727       1  0  1  0  0
728       0  1  0  0  1
729       0  1  1  0  1
730       0  1  0  1  1
731       0  1  0  0  1
732       1  1  1  1  1
733       1  1  0  0  1
734       0  0  1  1  0
735       0  1  0  0  1
736       0  0  0  1  1
737       0  1  1  1  0
738       1  1  1  1  0
739       0  1  1  1  0
740       1  0  1  1  0
741       1  1  0  1  0
742       0  1  1  1  0
743       1  1  0  1  1
744       1  0  0  0  1
745       0  1  1  0  0
746       1  1  1  1  0
747       1  0  1  1  0
748       1  0  1  1  1
749       1  0  1  0  0
750       1  1  0  1  1
751       0  1  1  1  0
752       1  0  0  1  1
753       1  0  1  1  1
754       1  1  1  1  1
755       0  0  1  1  0
756       0  0  1  0  1
757       1  1  0  1  0
758       0  0  1  1  1
759       1  1  1  0  1
760       1  0  1  0  0
761       1  0  1  0  0
762       1  1  1  1  0
763       0  1  1  0  1
764       1  0  0  1  1
765       1  0  1  1  1
766       1  1  0  0  0
767       1  0  1  1  0
768       1  0  0  1  1
769       0  1  1  1  0
770       1  0  0  1  0
771       0  1  1  1  1
772       0  1  0  0  1
773       0  0  1  1  1
774       0  1  1  0  0
775       1  1  1  1  0
776       0  0  0  1  1
777       0  0  1  1  1
778       0  1  0  1  0
779       1  1  1  1  0
780       0  1  0  1  0
781       1  0  0  1  1
782       0  0  1  1  1
783       0  1  0  1  1
784       0  0  0  1  1
785       0  1  1  0  1
786       1  0  1  1  0
787       0  0  0  1  1
788       1  1  0  0  0
789       0  0  0  1  1
790       1  0  1  0  1
791       1  0  0  0  1
792       0  1  1  1  1
793       0  1  1  1  0
794       1  1  1  1  1
795       1  1  1  0  1
796       0  1  1  0  0
797       1  1  1  1  1
798       0  0  0  1  1
799       1  0  0  1  1


0             50        50
1         37.628    71.801
2         15.163    43.368
3         12.683     57.91
4         25.253    68.084
5         13.335    85.013
6         27.147    77.627
7         87.241    73.697
8         16.841    87.764
9         20.741    13.935
10         25.989    32.604
11         69.313    61.747
12         79.477    45.623
13          81.94    49.612
14          86.46    32.713
15         20.128    82.395
16         40.306     24.19
17          55.51    25.306
18         29.283    21.101
19         45.471    71.962
20         88.381    84.068
21         32.385    16.035
22         79.172    59.833
23         16.063    38.494
24          77.43    71.906
25          28.95    24.768
26         21.043    22.303
27         49.144     23.97
28         75.676    34.654
29         29.018      53.8
30         25.112     33.39
31         45.485    19.313
32         28.434    66.746
33          63.42    74.197
34         39.243    23.797
35         89.176    80.105
36         65.363    43.514
37         48.108    80.981
38         85.511     11.08
39         24.332    40.579
40         42.256    11.835


1    42.856     76.47
2    31.918    68.062
3    41.539    73.018
4    34.369    67.368
5    37.545    71.682
6    39.106    79.041
7    39.321    80.446
8    42.166    71.419
9     45.68    75.135
10     36.86    64.384
11    32.559     69.74
12    33.685    65.055
13    35.404    75.035
14    37.637    72.198
15    31.265    66.729
16    34.702    69.685
17    41.392    71.443
18    37.102    71.756
19     37.78    71.375
20    41.531    79.626
21    15.407    43.922
22     23.25    44.698
23    22.406    43.711
24    10.635    43.628
25     8.278    41.888
26    14.805    45.237
27    15.254    40.354
28    11.768    50.366
29    14.468    46.341
30     7.286    49.324
31    10.864    49.893
32    16.242    44.037
33    15.676    38.266
34    13.202    47.065
35    20.764    41.524
36    17.821     44.31
37    17.789     36.82
38    11.765    47.869
39    17.375    44.549
40       8.9    37.085
41    12.767    56.688
42     4.341     57.13
43    15.098    60.975
44    20.695    61.463
45     8.362    57.341
46    15.916     57.28
47    19.677    60.534
48    19.761    63.593
49     9.532    65.829
50    13.998    60.231
51    14.757    59.098
52     8.941    56.122
53      5.43    60.789
54    11.595    57.945
55    11.615    58.287
56    14.259    55.349
57    16.978    48.889
58    10.803    54.953
59     9.851    60.314
60     7.756    60.019
61    24.296    70.513
62    15.737     65.63
63    20.163    60.065
64    23.221    70.451
65    23.503    58.292
66    28.614     68.23
67     21.45    63.475
68    29.529     68.07
69    22.399    64.203
70    23.014     75.65
71    25.442    68.295
72    25.671    69.836
73    27.125    63.383
74    24.266     76.99
75    28.192    66.131
76    27.957    68.621
77    24.183    66.945
78    23.077     68.34
79    27.436    62.782
80    27.929    72.423
81    15.769    87.445
82    14.148    77.015
83    16.098    80.139
84     11.63    85.836
85    20.689    78.811
86     8.299    82.463
87    12.751    92.324
88     4.884    86.844
89    17.896    82.404
90    14.353    81.501
91    14.091    84.135
92    15.735    85.228
93    12.577    83.861
94    15.181    79.985
95    13.159    92.214
96     10.37    87.478
97    11.421    77.707
98     10.29    84.506
99     5.729    89.211
100    13.389    84.914
101     27.83    75.188
102    24.673    79.554
103    35.295    73.937
104    19.616    81.745
105    26.986    85.094
106    24.056     76.81
107     25.48    77.887
108    21.249    80.039
109    31.444    76.184
110    21.248    77.935
111    28.238    77.562
112     28.59    72.824
113     35.73    79.051
114    22.439    72.931
115    20.257     71.17
116    25.837    83.861
117    25.459    78.594
118     33.68    80.089
119    26.507    76.393
120    28.239    80.131
121    87.317    69.952
122    87.417    73.657
123     88.23    73.395
124    86.502    65.645
125    87.421    73.255
126    89.066    78.528
127    84.098    81.515
128    87.916    75.412
129     90.55     81.35
130    83.015    79.109
131    95.011    71.117
132    91.608    69.191
133    84.914    74.009
134    85.768    78.283
135    86.486    73.602
136    89.184    71.921
137    83.695    67.049
138    88.103    72.573
139     81.82    81.682
140    83.501    74.089
141    22.366    86.245
142    14.345    86.489
143    16.355    78.072
144    15.397    84.825
145    10.129    92.581
146    11.042    95.174
147    22.196    95.938
148     16.59    89.284
149     15.12    90.652
150    18.334        85
151    18.634    91.288
152    16.043     88.48
153    13.497    86.711
154    24.068    86.847
155    18.731    92.402
156    19.864    84.384
157    18.578    93.998
158    17.467    85.147
159    14.459    92.207
160    11.477    84.524
161    16.361    16.025
162     19.81    13.222
163    14.775    15.601
164    26.754    16.427
165    28.807    19.807
166    14.584    18.992
167    21.004    10.247
168    27.468      9.72
169    22.067    16.665
170    21.689     9.615
171     18.66     9.578
172    22.745     8.947
173    20.546    14.124
174    22.226    14.608
175    22.673    20.504
176    12.114    16.814
177    20.044    14.823
178    14.206    13.704
179    22.741    18.301
180    16.679    18.587
181     26.57    28.924
182    18.807    28.863
183    26.166    32.701
184    21.885    24.345
185    26.523    29.688
186    20.193    36.207
187    28.316    36.522
188    27.317     30.22
189    16.116    31.033
190    26.339    37.258
191    30.763    32.334
192    29.914    23.743
193    27.238    32.479
194    29.035    31.977
195    27.609    38.185
196    24.638    34.403
197    28.901    39.156
198    21.278    40.537
199    24.899    31.336
200    35.119    29.964
201    66.189     62.11
202    69.839    54.507
203    66.923    61.478
204    76.287    67.359
205    66.684    69.898
206    69.168    65.404
207    68.627    64.778
208    69.714    57.657
209    66.781    57.656
210    76.892    56.597
211    70.445    61.325
212     69.16     62.31
213    66.394     61.92
214    68.633     65.13
215    68.637    60.527
216    68.533    62.069
217    76.511    64.504
218    67.262    62.593
219    67.225     52.81
220    72.316    66.221
221    80.045    48.423
222     70.15    48.676
223    80.779    42.419
224    75.238    44.569
225    78.722     44.97
226    79.715    45.451
227    83.782    37.691
228    84.323     41.85
229    79.503    45.615
230    72.377    49.937
231    76.837    37.824
232    73.926    43.035
233    72.866    46.796
234    79.521    53.781
235    78.365    54.466
236    81.866    45.086
237    79.559    47.464
238    82.064    41.539
239    70.166    47.504
240    77.893    48.254
241    82.829     44.23
242     85.21    45.349
243    79.437    47.206
244    82.033    49.643
245    80.085    43.585
246    83.294    50.207
247    84.811    55.572
248    77.256    48.164
249    87.445     41.64
250    77.275    44.718
251    89.355    45.861
252    76.873    46.876
253    75.046    42.905
254    80.056    50.887
255    79.311    44.694
256    73.326    50.338
257    78.479    42.113
258    83.282    52.022
259    85.887    57.904
260    88.439    50.575
261    83.931     40.44
262    82.734    34.586
263    80.941    31.802
264    91.701    29.915
265    87.648    42.364
266    85.469    31.069
267    80.962    37.287
268    86.118    37.689
269    83.655    29.713
270    84.226    27.736
271    90.154    31.937
272    89.699    28.133
273    81.787    32.983
274    87.731    30.712
275    87.174    28.632
276    86.466    32.724
277    95.121    37.297
278    84.089    27.693
279    93.018     27.08
280    80.041     31.26
281    24.641    81.176
282    16.609     91.22
283    22.274    74.187
284    16.796    76.392
285    27.101    86.605
286    28.079    82.906
287    20.178     82.62
288    11.192     85.68
289    19.551    79.474
290    19.572    92.154
291    12.758     85.27
292    13.387    86.509
293    19.775    83.158
294    17.486    82.427
295    20.453    81.567
296    21.893    82.862
297    23.024    74.815
298    20.025    83.874
299    19.373    82.878
300    12.145     83.53
301     49.82    23.964
302    40.083    18.377
303    39.298    23.276
304    36.073    30.373
305    49.059    24.068
306    40.335    25.494
307    35.831    19.128
308    40.216    26.295
309    45.531    20.666
310    34.332    22.001
311    41.248    24.073
312    35.521    27.779
313    46.907     30.31
314    36.462    21.346
315    32.822    29.876
316    38.183    17.016
317    34.547    27.115
318    47.082     28.16
319    47.549    22.305
320    31.358    23.107
321    52.892    24.001
322    63.718    25.815
323    56.965    26.479
324    51.728    32.937
325    61.713    24.769
326    61.981    23.786
327    56.217    28.629
328    62.872    25.144
329    48.342    31.913
330    54.646    25.374
331    51.459    23.451
332    57.755    26.891
333    55.116    25.581
334    64.136    26.891
335    52.231    19.321
336    53.076    23.118
337    53.713    30.154
338    47.722    28.498
339    57.312    28.316
340    55.777    24.808
341    29.061    21.076
342    29.431    21.318
343    29.087    20.882
344    34.254    15.446
345    27.456    16.372
346    31.021    30.865
347    30.093    25.462
348    30.044    17.077
349    38.131    18.623
350    29.157    14.672
351    22.255    20.786
352    27.082    24.995
353    29.648    21.425
354    30.261    21.737
355    21.316    20.323
356    29.418    20.882
357    25.276     17.46
358      31.2    14.539
359    36.347    14.358
360    33.342    23.579
361    44.238    65.658
362    44.462     77.02
363    45.942    72.069
364    49.594    71.752
365     52.22    71.217
366    47.865    67.653
367    44.537    71.745
368    46.071    72.761
369    46.393    70.501
370    52.071    73.231
371    40.082    78.399
372    46.719    67.138
373    45.397    71.811
374    47.033    68.325
375    43.883    72.855
376    41.929    71.621
377    46.309    68.419
378    53.805    67.547
379    44.552    73.117
380    46.957     75.37
381    88.528    84.158
382    84.535    82.964
383    86.948    83.031
384    85.682    80.349
385    83.461    76.629
386    92.186    78.429
387    89.273    82.788
388    90.597     84.91
389    85.631    82.265
390    86.898    93.179
391    86.105    74.561
392    89.668    82.974
393    90.958     80.22
394    80.399    88.528
395    96.255    82.936
396    87.988    84.272
397    89.798    92.393
398     80.14    78.809
399    81.201    90.015
400    90.587    74.353
401     31.96    20.867
402    26.823    20.837
403    31.891    15.833
404    33.683    19.068
405    33.949    15.712
406    36.366    22.966
407    32.721    20.978
408    28.789    20.527
409     32.53    16.377
410    24.608    17.016
411    32.562     17.51
412    32.652    17.341
413    32.354    23.538
414    33.504    15.841
415    23.398    15.651
416    38.714    13.585
417    38.232    11.516
418    31.447    17.592
419    33.565    12.925
420    32.852    15.782
421    78.023    58.496
422      79.1    60.938
423    77.237    54.783
424    77.329    58.325
425    77.459    66.125
426    84.982    57.278
427     77.78    64.196
428    77.654    65.227
429    81.103    62.396
430    83.346    68.739
431    82.296    59.663
432    82.259    55.197
433    85.418    66.884
434    72.966    58.035
435    82.559    60.966
436    85.258    61.538
437    73.518    64.269
438    78.975    61.963
439    74.445    54.396
440    80.282    59.375
441    12.012    45.265
442    17.116    38.274
443    17.541    38.915
444    18.825    42.273
445    14.081    30.399
446    20.762    39.474
447    15.703    37.318
448    15.346     39.37
449    11.268    33.621
450    23.027    32.227
451     12.52    33.896
452    14.031    36.025
453     15.53    40.496
454    16.839    36.913
455    10.856    34.587
456    23.253    39.397
457    23.995    39.511
458    16.656    39.723
459    14.707    39.738
460    16.873    48.431
461    77.259    71.747
462    76.932     76.17
463    79.129    79.937
464     73.42    77.447
465    80.408    78.506
466    77.434    71.942
467     78.15     76.38
468    77.494    71.897
469    83.639    72.296
470    74.262    73.728
471    77.568    73.586
472    78.741    72.203
473    81.819    80.751
474    79.504    71.379
475    76.769    73.089
476    82.037    71.687
477    81.863    68.891
478     73.01    64.388
479    77.579    71.035
480    77.331    68.798
481    29.777    34.533
482    28.803    21.976
483    28.516    21.192
484     22.73    17.672
485    34.426    19.899
486    25.262    21.347
487     28.56    24.308
488    25.262    29.777
489    27.065    27.335
490    31.464    32.629
491    26.317    25.154
492    28.484    24.444
493    28.903    24.488
494    30.614    19.456
495    27.403    25.405
496     24.99    23.045
497     26.97    26.281
498    33.293    25.622
499    33.917    16.985
500    26.764    24.581
501    18.272    28.728
502    20.417    18.775
503    23.747    21.478
504    22.141    13.102
505    21.671    19.846
506    30.375    21.375
507     23.52    12.643
508    21.908    14.594
509    24.795    17.824
510    20.967    29.426
511     15.14    24.674
512    18.612    25.377
513    22.211    21.885
514    26.355    21.114
515    25.842     17.07
516    17.272    19.043
517    30.434    20.727
518    21.934    23.951
519    21.096    23.078
520    20.111    21.583
521    53.958    26.781
522    49.882    23.794
523    58.344    20.625
524    51.433     23.78
525    56.677    24.977
526     46.79    23.742
527    49.199    24.087
528    51.773    24.791
529    56.589    24.456
530     49.04    27.136
531    50.502    22.809
532    56.767    26.201
533    43.816    26.462
534    51.901    26.503
535    42.224    26.924
536    48.642     25.69
537    48.021    24.686
538    56.821    24.053
539    44.636    30.421
540    46.525    24.252
541    77.748    29.189
542    74.782    34.534
543    80.544    40.967
544    83.417    33.898
545     69.28    27.878
546    70.681    38.909
547    75.751    35.499
548    71.685    36.394
549    80.408    31.528
550    69.567    37.729
551    83.757    29.586
552    75.328    36.647
553    80.776    41.954
554    68.448    31.149
555    70.573    26.942
556    75.602     34.65
557    74.838    35.405
558    74.451    32.069
559    74.572    35.383
560    77.795     41.32
561    30.045    47.608
562    28.213     58.81
563    31.395    47.923
564    32.727    54.092
565    29.968    51.048
566    27.648    55.254
567    31.516    49.596
568    25.721    58.779
569    29.527    55.807
570    28.239    44.512
571    22.305    52.567
572    25.194    53.393
573    35.663    47.495
574    20.933    57.202
575    27.031    59.839
576    20.662    48.564
577    27.527    47.968
578    29.682    54.457
579    28.793    51.314
580    26.999    58.562
581     24.27    32.401
582    25.989    34.066
583    23.138      26.1
584     24.87    33.436
585    25.638    35.286
586    27.823    34.145
587    25.139    33.614
588     25.24     33.41
589    25.892     32.98
590    32.577    31.577
591     22.61    24.075
592    22.821     34.39
593    24.936    33.393
594     23.22    41.102
595    28.852    38.995
596    19.263    26.941
597    25.097    42.316
598    16.961    28.551
599    28.552    37.601
600    32.808    35.472
601    41.015     22.52
602    47.783    16.899
603    52.014     12.47
604    51.516    12.346
605    39.758    26.851
606    45.089     22.27
607    52.033    15.784
608    49.806    24.066
609    39.242    25.499
610    48.901    13.782
611    53.921    19.761
612    40.936    23.366
613    37.999    24.383
614    48.404    18.904
615    45.844     21.65
616    45.338    14.928
617    46.107    11.153
618    45.579    18.348
619    41.756    16.794
620    48.862    20.971
621    28.972    66.335
622    38.201    65.689
623    22.038    72.085
624      29.1    59.127
625    27.579    66.907
626    26.277    72.739
627    31.218    63.252
628    24.255    61.142
629    34.636    63.584
630    34.937    62.709
631    26.396    68.263
632    23.238    69.185
633    27.414    65.299
634    28.909    66.976
635    21.099    61.252
636    27.622    75.187
637     21.33    69.282
638     29.44    75.099
639    24.398     57.99
640    27.955    62.545
641    54.605     72.04
642    58.368    75.221
643    63.552    75.377
644     55.76    76.155
645    65.293    68.744
646    72.287    71.934
647     63.29    76.736
648     64.73    81.352
649    62.195    71.928
650    59.361    70.672
651    58.905     81.85
652    62.022    74.452
653    67.261    75.116
654    56.666    77.214
655    62.184    71.269
656    62.266    73.898
657    62.425     71.08
658    71.047    71.573
659    67.887    65.294
660    65.424    65.714
661    40.493    24.582
662    36.263      26.3
663    31.125    22.117
664     40.62    24.213
665    40.157    20.344
666    38.922    26.424
667    39.519    21.133
668    31.961    17.419
669    35.971    17.925
670    48.144    23.867
671    42.345    27.158
672    33.838    23.212
673    37.727    22.188
674    40.807    23.659
675    37.045    15.399
676    41.419    33.124
677      41.6    21.858
678    39.112    15.957
679    39.658    21.487
680    35.952    26.641
681     88.85    81.671
682    90.865    74.555
683    98.612    80.353
684    90.618    84.525
685    88.139    79.344
686      95.4    81.763
687    89.885    80.776
688     88.64    80.144
689    90.466    79.193
690     90.79    75.595
691    83.827    79.076
692    90.664    80.053
693    84.486     79.31
694    90.607    80.932
695    86.979    82.259
696     88.16    82.371
697    88.746    80.015
698    89.031    81.934
699     86.45    83.221
700    97.745    77.837
701    69.304    50.981
702    63.142    39.656
703    72.176    42.856
704    65.665    42.862
705    58.004    42.188
706    65.673    37.469
707    65.482    44.687
708    65.642    49.222
709    62.432    38.652
710    70.708    35.144
711    69.907    36.404
712    64.225    39.883
713    67.783      42.8
714    64.757    35.263
715    69.286    47.553
716    63.468     41.37
717    60.847    41.722
718    62.021    36.097
719    64.699     42.52
720    61.677    34.565
721    47.144    71.275
722    54.167    86.965
723    53.024     75.66
724    46.137    77.917
725    51.492    84.588
726    46.771    79.317
727    42.466    81.356
728    48.727    88.066
729    53.679    84.177
730    47.991    84.377
731    48.101      82.4
732    47.853    75.818
733    41.909    84.837
734    48.164    79.849
735    45.609    80.198
736    52.328    86.367
737    53.875    86.777
738    49.523    80.352
739    44.682    77.888
740    48.388    82.737
741    87.575    10.247
742    86.016    12.189
743    87.145    14.921
744    88.133    12.588
745    83.771    13.477
746     76.91     5.987
747    88.456    19.844
748    89.206    11.964
749    76.405     7.993
750    82.423     8.211
751    94.235    13.909
752    87.216    14.595
753    84.521    10.402
754    83.252    12.167
755    87.282    14.878
756    83.968    12.087
757    82.556     9.736
758    84.649    11.454
759    84.163    13.312
760    87.612    10.837
761     18.68    39.826
762    16.293    44.565
763    30.375    47.641
764    25.028    48.483
765    15.601     36.45
766    33.056      40.3
767    30.798    39.994
768    24.314    40.871
769    16.705    45.482
770    23.743    41.612
771    22.189    44.431
772    24.574    40.635
773    22.531    43.106
774    26.348    39.957
775    15.052    43.183
776    24.324    40.552
777    24.403    40.531
778    16.041    40.434
779      29.9    48.297
780    26.071    39.211
781    39.274       7.7
782    40.294     4.571
783    41.261      6.29
784    42.034    11.775
785    39.356      4.14
786    42.645     4.465
787    40.945    11.472
788     42.12    13.357
789    42.653    14.736
790     37.93     9.827
791    34.826     7.483
792    45.695      6.41
793    45.382    13.687
794    35.519     11.54
795    39.596     3.215
796    41.671    15.242
797     51.65     9.616
798     42.23    16.798
799    43.132    12.401
800     42.61     6.629
