81 Stops, 400 Students, 10 Max_Walking, 25 Capacity, 5 Days 

0       1  1  0  0  0
1       0  1  1  0  0
2       0  1  0  1  0
3       1  0  1  1  0
4       1  0  0  1  0
5       0  1  0  1  0
6       1  0  0  1  0
7       1  1  0  1  0
8       0  0  0  1  1
9       1  1  1  0  1
10       0  1  1  1  1
11       0  0  0  1  1
12       1  1  0  0  1
13       1  1  1  0  0
14       1  1  0  1  1
15       0  1  0  1  0
16       0  0  1  0  1
17       1  0  1  0  1
18       1  1  1  1  0
19       0  1  0  1  0
20       0  1  1  0  0
21       0  1  0  1  1
22       0  1  1  1  0
23       0  0  1  1  0
24       1  1  1  1  0
25       1  1  0  1  0
26       0  1  0  0  1
27       0  1  1  0  1
28       1  0  0  0  1
29       0  1  1  0  1
30       0  0  1  1  1
31       0  1  0  1  0
32       1  0  1  1  1
33       0  1  0  1  1
34       1  1  0  1  0
35       0  1  1  1  1
36       1  0  1  0  0
37       0  0  1  0  1
38       0  1  1  0  1
39       1  1  1  0  1
40       1  1  1  0  0
41       0  1  0  1  0
42       1  0  1  1  0
43       0  1  1  0  0
44       0  1  1  1  0
45       0  1  0  1  1
46       0  0  1  0  1
47       0  1  0  1  1
48       1  0  1  1  0
49       1  0  1  0  0
50       0  1  1  1  0
51       0  1  1  1  0
52       1  1  0  0  0
53       1  0  0  1  1
54       1  0  1  0  0
55       1  1  0  0  0
56       0  1  1  1  0
57       1  1  1  1  1
58       1  0  0  1  0
59       0  1  1  0  1
60       0  1  1  1  0
61       0  1  0  1  1
62       0  0  1  1  1
63       1  0  0  1  1
64       1  0  1  0  1
65       1  1  1  0  0
66       0  1  0  1  1
67       0  1  1  1  1
68       1  1  0  0  0
69       1  1  1  0  0
70       1  0  0  1  1
71       1  0  0  1  0
72       1  1  0  0  1
73       1  1  1  0  1
74       1  0  1  0  1
75       1  0  0  0  1
76       0  0  1  1  1
77       1  1  1  0  1
78       1  0  1  1  0
79       1  0  0  1  0
80       1  1  0  0  1
81       1  1  0  0  0
82       0  1  1  0  1
83       1  0  1  1  0
84       1  1  1  0  1
85       1  0  0  1  1
86       1  1  0  1  1
87       0  0  1  1  1
88       1  0  0  1  0
89       0  0  1  0  1
90       0  1  1  0  0
91       1  0  1  1  0
92       1  0  0  1  0
93       0  1  1  0  0
94       1  1  0  0  1
95       0  1  0  1  0
96       0  0  1  1  0
97       0  1  1  0  1
98       1  0  1  1  0
99       1  1  1  0  0
100       1  1  1  1  0
101       0  0  1  1  0
102       1  0  1  0  0
103       1  0  1  1  1
104       1  0  1  0  0
105       1  0  0  1  1
106       0  1  1  1  0
107       1  1  0  1  0
108       1  1  1  0  1
109       1  1  0  0  1
110       0  1  1  0  1
111       1  0  1  1  1
112       1  0  1  0  1
113       1  0  1  0  1
114       0  1  1  0  1
115       0  1  1  1  0
116       1  1  1  1  1
117       0  1  1  0  0
118       0  0  1  1  1
119       0  1  0  1  1
120       1  1  0  1  0
121       1  1  1  1  1
122       1  0  1  0  1
123       1  0  1  0  0
124       0  1  0  1  1
125       1  1  1  0  1
126       1  0  0  0  1
127       1  0  0  0  1
128       1  1  1  0  1
129       1  1  1  1  0
130       0  0  1  0  1
131       1  1  0  1  1
132       1  1  1  1  0
133       1  0  0  0  1
134       1  0  0  1  0
135       1  0  1  0  0
136       1  0  1  0  0
137       0  1  0  1  0
138       0  1  1  1  1
139       0  1  1  0  0
140       0  1  1  0  1
141       0  1  0  1  0
142       1  0  1  1  1
143       0  1  1  0  0
144       1  1  1  1  0
145       1  1  1  1  1
146       0  1  1  0  0
147       0  0  1  0  1
148       1  0  1  1  0
149       0  1  1  1  1
150       1  1  1  1  1
151       1  0  0  0  1
152       1  1  0  1  1
153       1  0  0  1  1
154       1  1  1  1  1
155       0  0  1  1  1
156       1  1  1  0  1
157       1  1  0  0  1
158       1  0  1  0  1
159       0  1  0  0  1
160       1  1  1  1  1
161       0  1  0  1  1
162       1  0  1  0  1
163       1  1  0  0  0
164       1  0  1  1  0
165       0  1  1  1  1
166       1  1  1  0  0
167       1  1  1  1  1
168       1  0  0  1  1
169       1  0  1  0  1
170       0  0  1  1  0
171       1  0  1  1  0
172       0  0  0  1  1
173       0  1  1  1  0
174       1  1  0  0  1
175       1  1  1  1  1
176       0  1  1  1  0
177       0  0  1  1  1
178       1  0  0  1  0
179       1  0  1  1  0
180       1  0  1  1  1
181       0  0  1  1  0
182       0  1  0  1  0
183       0  0  1  1  0
184       0  1  0  0  1
185       1  0  1  0  1
186       0  1  1  1  0
187       1  0  0  1  1
188       0  0  1  0  1
189       0  1  0  0  1
190       1  1  1  1  1
191       1  0  0  1  1
192       0  0  0  1  1
193       1  0  1  1  1
194       0  1  1  1  0
195       1  1  0  0  1
196       0  1  1  1  1
197       1  0  0  1  0
198       1  0  0  1  0
199       1  1  1  1  1
200       1  0  0  0  1
201       0  1  0  0  1
202       0  1  1  0  1
203       0  1  1  0  0
204       1  1  1  1  1
205       0  1  0  0  1
206       1  1  0  1  0
207       1  0  1  0  0
208       0  1  1  0  0
209       1  0  0  1  1
210       0  1  1  0  1
211       0  1  1  0  0
212       1  1  0  0  0
213       1  0  1  1  1
214       0  0  1  0  1
215       0  1  1  0  0
216       0  1  1  0  1
217       0  0  1  1  1
218       0  1  0  0  1
219       1  1  1  1  0
220       1  0  0  1  0
221       1  0  0  1  1
222       1  1  0  0  0
223       1  0  0  1  0
224       1  0  1  0  0
225       0  0  1  0  1
226       1  1  1  1  1
227       1  0  1  1  1
228       1  1  1  0  0
229       1  1  0  0  0
230       1  1  1  0  0
231       1  1  1  1  0
232       1  1  0  1  1
233       1  0  1  0  0
234       0  1  0  0  1
235       1  1  1  1  1
236       1  0  0  1  1
237       1  1  0  0  1
238       0  1  1  0  0
239       1  1  1  0  0
240       0  1  0  1  1
241       1  1  0  0  0
242       1  0  0  1  0
243       0  1  0  1  0
244       0  0  0  1  1
245       1  0  0  0  1
246       0  0  1  0  1
247       1  0  1  0  1
248       1  0  1  1  1
249       1  0  0  1  1
250       1  0  1  1  0
251       0  1  1  0  0
252       0  0  1  0  1
253       1  1  0  0  1
254       1  1  1  1  1
255       1  1  1  0  0
256       1  1  0  1  0
257       0  1  0  0  1
258       1  1  1  0  0
259       0  0  1  1  1
260       1  1  0  0  0
261       0  0  1  1  1
262       1  0  0  1  1
263       0  1  1  1  0
264       0  1  1  1  1
265       1  0  1  1  1
266       1  1  1  0  0
267       1  1  1  1  0
268       1  0  0  0  1
269       1  0  0  0  1
270       1  1  0  0  0
271       0  0  1  1  0
272       0  1  1  1  1
273       1  1  1  0  1
274       1  0  1  1  0
275       1  1  1  0  0
276       1  1  1  1  1
277       1  0  1  1  1
278       1  1  0  0  1
279       0  1  0  1  1
280       1  1  1  0  0
281       1  1  1  1  1
282       0  1  0  1  1
283       1  1  0  0  0
284       0  1  0  1  0
285       0  1  1  0  1
286       1  1  1  0  1
287       1  0  1  1  1
288       1  1  1  1  1
289       1  1  0  1  0
290       1  0  1  1  0
291       1  1  0  1  0
292       1  1  0  0  1
293       0  1  0  1  0
294       0  1  1  0  0
295       1  0  1  1  0
296       1  0  1  0  0
297       1  1  0  1  1
298       1  0  1  1  1
299       0  1  1  0  0
300       0  1  1  0  0
301       1  1  0  0  1
302       1  1  0  0  1
303       1  1  1  1  1
304       0  1  1  1  1
305       0  1  0  0  1
306       1  0  0  1  1
307       0  1  1  1  1
308       1  1  1  0  1
309       1  1  0  0  1
310       1  0  0  1  0
311       1  0  1  0  0
312       1  1  1  1  1
313       0  1  1  0  1
314       0  1  1  1  0
315       0  0  1  1  0
316       0  1  1  0  0
317       0  1  1  1  1
318       0  1  1  1  1
319       0  1  1  1  1
320       1  0  1  0  0
321       0  0  1  1  0
322       0  0  1  0  1
323       0  0  1  0  1
324       1  0  0  1  1
325       1  1  1  1  1
326       0  1  1  0  1
327       1  1  0  1  1
328       0  1  0  0  1
329       1  1  1  0  1
330       1  1  1  1  1
331       1  1  0  0  0
332       0  0  1  0  1
333       0  1  1  1  0
334       1  1  0  0  0
335       1  0  1  1  0
336       0  1  1  1  0
337       1  1  0  1  0
338       1  1  0  0  1
339       1  0  1  0  0
340       1  0  0  1  1
341       0  0  1  1  0
342       0  0  1  0  1
343       0  1  1  1  1
344       0  0  1  1  1
345       1  1  0  0  1
346       0  0  1  0  1
347       1  1  1  1  1
348       1  0  1  1  1
349       1  1  0  1  0
350       0  1  1  0  0
351       0  0  1  1  1
352       0  1  0  1  0
353       1  1  1  0  1
354       0  0  1  1  0
355       1  1  0  1  0
356       1  0  1  1  0
357       1  0  1  0  0
358       0  0  1  1  0
359       1  1  0  1  1
360       1  1  0  1  0
361       1  1  0  1  0
362       0  1  1  0  0
363       1  0  0  1  1
364       1  0  1  0  1
365       1  0  1  1  0
366       1  1  1  1  1
367       0  1  1  0  0
368       0  1  0  1  1
369       0  1  0  1  1
370       1  0  1  0  0
371       0  0  1  1  0
372       1  1  1  0  1
373       1  1  0  1  1
374       0  0  1  1  1
375       0  0  1  0  1
376       1  0  0  1  0
377       0  1  0  1  0
378       0  0  0  1  1
379       0  1  1  0  0
380       1  1  1  0  1
381       1  0  0  1  1
382       0  1  0  1  1
383       1  0  1  0  0
384       0  1  1  0  1
385       0  0  1  1  0
386       1  1  0  0  1
387       1  0  1  0  1
388       0  0  0  1  1
389       1  1  0  1  1
390       0  1  0  0  1
391       0  1  1  0  0
392       0  0  1  1  1
393       1  1  0  1  1
394       0  0  1  1  0
395       0  1  1  0  1
396       1  1  0  1  0
397       1  0  1  1  1
398       0  1  1  0  0
399       0  0  1  0  1


0             50        50
1         18.403    47.958
2         16.401    23.752
3         32.665    37.214
4         50.689    77.335
5         16.674    64.695
6         84.521    35.235
7         65.239    52.123
8         55.195    76.978
9         39.911    12.196
10         61.636     26.87
11         12.552    32.856
12         20.249    16.122
13         19.244    69.542
14         62.921    35.266
15          40.72    84.892
16         54.182    58.185
17         77.718    42.468
18          13.04    70.593
19         83.814    48.754
20         14.631    24.713
21         16.531     50.06
22         67.486    79.779
23         67.373    70.953
24         46.596    19.631
25         77.375    89.038
26         87.396    13.821
27         26.914    89.269
28         38.426    24.916
29         37.601    81.267
30         31.134    75.338
31         77.478    42.042
32         50.397    23.157
33         59.772    49.926
34         63.794    22.565
35         87.737    35.116
36         17.781    87.659
37          33.65    85.023
38         13.674    42.759
39          67.33    33.892
40         69.752    16.798
41           67.8    79.423
42         10.937    17.011
43         84.934     61.94
44         17.316    47.013
45         33.213    47.338
46         48.949    33.658
47         54.441    22.628
48         22.477    45.787
49         19.427    34.829
50         36.617    77.612
51         67.836     40.68
52          75.56     87.23
53         67.862     65.24
54          60.46    64.816
55         12.805    20.759
56         17.593    32.808
57         84.254    70.263
58         49.766    17.882
59         35.834    72.856
60         51.135     11.99
61         27.378    48.416
62         56.686    30.165
63         86.586    83.736
64         33.457    57.263
65         32.983     29.75
66         47.387    74.804
67         14.234    36.612
68         49.865    78.796
69          28.66    62.447
70         31.922    27.873
71         85.107    35.281
72         33.909    57.231
73         80.665    41.329
74          10.41    57.917
75          29.55    20.809
76         69.934    46.471
77         81.433    18.444
78         19.802    46.277
79         14.438     44.24
80         11.829    34.431


1    18.699    49.535
2    21.141    51.825
3     25.17     40.74
4    13.084    40.551
5    16.015    43.113
6    16.451    23.786
7    21.648    16.279
8     9.135    19.469
9    13.116    26.538
10    15.202    20.178
11    32.437    38.552
12    32.985    29.102
13    26.866    35.196
14    32.337    42.916
15    33.627    38.365
16    50.993     75.36
17    54.625    70.423
18    59.654    81.399
19    58.342    82.756
20    57.067     81.97
21    12.158    60.642
22    17.657     63.42
23    13.645     63.64
24    15.455    66.879
25    23.036    66.794
26    83.498    35.433
27    79.718    37.252
28    86.061    34.823
29    85.414    42.185
30    86.559    30.259
31    58.784    55.229
32    58.385     57.17
33    72.627    54.248
34    61.956    55.116
35    63.973    52.409
36    59.617    79.877
37    54.309    78.333
38    54.544    69.975
39    59.043    77.188
40    57.287    75.328
41    38.612    13.687
42    39.041    12.441
43    37.898    17.383
44    40.836    14.329
45    40.353    13.257
46    62.559    26.819
47    55.842    25.499
48    65.309    28.628
49    56.106    18.731
50    54.397     25.72
51     14.12    32.949
52     9.823    28.658
53    10.283    31.341
54     13.21    42.525
55    14.424    35.036
56     16.38    23.875
57    20.034    16.773
58    18.553    11.316
59    20.298    11.342
60    20.786    15.763
61    15.162      71.8
62    20.085    69.154
63    18.888    71.576
64    20.461    70.625
65    21.101    71.516
66    58.907    37.614
67     59.68    34.741
68    64.466    36.864
69    69.338    35.449
70     61.26    35.453
71    40.782    87.088
72    43.979    85.992
73    39.088    84.027
74    47.612     81.26
75    47.271    83.533
76    55.212    60.067
77    52.278    56.361
78    57.027    64.532
79    56.362    50.405
80    54.535     57.78
81    85.589    41.768
82    85.243    39.681
83    76.979    37.812
84    71.363    47.772
85    77.454    42.094
86      8.17    73.206
87     9.979    72.575
88    20.119    65.725
89    13.765    74.473
90    13.176     70.36
91    83.809    48.498
92    81.066    50.237
93    90.942    45.647
94      83.5     49.06
95    85.949     49.98
96    10.786     23.78
97    10.255    27.946
98    14.286    24.739
99    21.971    30.832
100     6.225    19.361
101     8.148    48.556
102    25.344    46.153
103    21.129    53.255
104    17.588    50.774
105    17.443    48.546
106    64.468    84.203
107    67.715     80.16
108    67.576    79.643
109    67.794    77.861
110    76.382    82.663
111    60.484    76.702
112    68.266    67.207
113    66.799    71.284
114    63.167    67.788
115    68.473    79.317
116    46.873    23.919
117    51.913    16.405
118    47.469    18.601
119    50.684    20.724
120    44.401    16.481
121    80.907    89.406
122    71.645    95.331
123    79.798    91.517
124    77.409     86.61
125    77.066    93.252
126    89.052    15.317
127    89.868      7.11
128    87.765    12.104
129     91.38    21.821
130    85.123    18.339
131    29.867     95.58
132    27.608    91.428
133     30.48    89.172
134    22.861    89.064
135    28.477    92.201
136    38.819    25.366
137    40.124     23.15
138    37.834    24.905
139    42.999    31.867
140    42.545     28.37
141    31.475    84.383
142    33.874    75.165
143     31.09    79.592
144    36.423    80.088
145    44.935    85.731
146    25.699    75.479
147    30.978    70.381
148    32.311     76.17
149    26.562    67.619
150    30.651    79.021
151    77.474    41.994
152     79.39     40.03
153    77.501    42.008
154    68.562    40.631
155    82.421    35.572
156     47.96    25.314
157    53.205    20.625
158    51.357    25.967
159    47.971    27.862
160    46.986    23.045
161    65.138    45.253
162    62.044    41.579
163    55.634     44.98
164    59.589    58.753
165    59.132    53.056
166    67.721    21.423
167     66.12    24.973
168    64.222    20.005
169    66.598    29.019
170    58.015    30.441
171    80.852    34.192
172    85.453    30.811
173    87.054     41.81
174    87.669    34.885
175    82.423    29.065
176    20.381    95.768
177    18.888    86.558
178    18.177    82.454
179    12.475    94.968
180    15.996    94.824
181    34.752    84.009
182    27.128    86.737
183    33.482    92.494
184    30.729    82.579
185     36.58    82.078
186    13.723    42.935
187    17.229    40.589
188      9.02    43.978
189    18.832    37.632
190    14.593    41.721
191    71.323     30.93
192    67.672    26.717
193    64.358    34.818
194     64.32    31.366
195    68.036    36.292
196     70.34    14.785
197    72.204     17.14
198    73.201    22.035
199    70.261     19.77
200    74.897     9.873
201    67.116    77.103
202    77.575    80.282
203    74.461     83.05
204    74.114    82.315
205    62.761    71.547
206    10.619    16.136
207    10.465    21.241
208     8.826     15.73
209    12.487    16.092
210    16.668     9.809
211    84.949    55.928
212    91.203    64.642
213    90.685    56.989
214    84.799    64.081
215    82.954    63.179
216    18.572     45.99
217    17.326     41.85
218    19.065    47.622
219    19.791    37.464
220    22.065    47.832
221    34.015    46.943
222    35.396    51.811
223    31.176    51.539
224    34.211    48.725
225    42.925    47.989
226    47.432    34.606
227    50.383    37.717
228    48.642    36.059
229    53.738    29.374
230    50.165    25.667
231    51.927    20.989
232    56.088    29.046
233    57.868    25.537
234    59.044    18.694
235    52.056    22.804
236    25.787    40.752
237    26.242    43.409
238    29.078    43.355
239    22.175    42.572
240    25.094    52.769
241    21.044    36.754
242    20.624    34.991
243    18.693    34.758
244    23.187    34.305
245    22.947    40.398
246    36.525    69.927
247    38.089    75.634
248    31.956    74.235
249    35.368    70.545
250    29.886    70.517
251    75.304    36.233
252    68.913    40.711
253    73.868     38.24
254    60.854    39.585
255      61.3    46.785
256    80.073    79.331
257    78.476    88.978
258    74.937    86.755
259    75.346    81.106
260    75.342    86.938
261    62.215    61.394
262    67.638    66.147
263     63.97    56.867
264     60.05    65.464
265    72.193    70.916
266    56.796    66.069
267    64.452    68.054
268    59.665    66.405
269     59.95    64.232
270    60.455    64.816
271     9.085    25.065
272    13.942     21.07
273    18.707     27.08
274     8.853    23.176
275    12.684    20.754
276    16.906    40.437
277    16.512     31.99
278    14.966    28.602
279    15.823    33.893
280    17.959    24.698
281    83.315    60.624
282    93.927    72.296
283    83.741    76.089
284    77.273    66.465
285     83.79    69.699
286    53.267    11.236
287    48.897    24.959
288    56.551     13.53
289     41.14    19.365
290    51.528    16.559
291    34.566     77.44
292    44.874    73.711
293    26.909    77.039
294    40.484    66.494
295    40.267    71.603
296    51.602    13.677
297     46.76     16.95
298    54.007     7.301
299    57.618     8.042
300    43.408     9.859
301    27.462    44.544
302    26.456    40.654
303    27.672    54.244
304    29.057    57.543
305    30.383    48.324
306    52.672    32.511
307    56.874    30.317
308    52.149    36.568
309    54.428    39.903
310    57.154    25.866
311    83.354    85.871
312    83.551    82.827
313    82.373    78.883
314    90.573    90.458
315     91.04    77.974
316    31.369    65.256
317    34.199    56.553
318    27.994    55.257
319    32.478    57.001
320    31.132    57.928
321    38.475    34.457
322    36.001    30.282
323    29.206    32.188
324    33.603    28.763
325    36.929    33.274
326    46.992    74.015
327    51.762    79.436
328     53.14    77.131
329    54.903    81.176
330    40.721    75.374
331    12.098    28.954
332    23.467     39.59
333    19.782    33.128
334     18.27    30.964
335    10.797    37.642
336    47.979    82.544
337    41.504    80.074
338    48.195     80.06
339    46.099    77.516
340    55.199    79.858
341    30.884    60.992
342    35.345    67.533
343    31.985     63.39
344    30.581    58.121
345    29.415    60.614
346      31.8      20.5
347    25.341    30.849
348     32.01    35.934
349    29.087    32.544
350    31.599    26.157
351    81.437    40.633
352    89.654    32.773
353    91.768    28.056
354     79.98    40.365
355    84.461    31.955
356    41.337    58.033
357    34.735    54.256
358    32.798    56.154
359     33.89    57.007
360    24.288    55.966
361    79.711    43.612
362    79.011    31.752
363     80.53    40.751
364    78.597    42.149
365    77.258     40.65
366     9.271    48.849
367    15.785    52.019
368    17.892    56.783
369     2.477    59.119
370    13.066    58.406
371    33.553    28.147
372    39.107    20.672
373    27.217    18.336
374    33.829    20.798
375    29.178    13.328
376    68.622    47.846
377    67.773    42.552
378    70.624    51.219
379    72.496    53.756
380    72.819    37.468
381    82.544    12.425
382    73.817    23.434
383    89.902    18.058
384    81.271    21.731
385    77.988    14.279
386    22.395      42.6
387    17.657     49.08
388    23.731    41.699
389    12.961    47.501
390    15.845     55.41
391     8.799    44.331
392    17.153    43.568
393    21.632    47.321
394    20.955    48.621
395    14.421    44.202
396    15.251    39.298
397    14.645    26.505
398        12    34.027
399     9.721    32.451
400    12.543    34.168
