41 Stops, 200 Students, 20 Max_Walking, 50 Capacity, 5 Days 

0       1  1  1  1  1
1       0  0  1  1  0
2       1  0  0  0  1
3       1  1  1  1  1
4       1  1  0  1  0
5       1  1  1  1  1
6       1  1  1  1  1
7       1  1  0  1  0
8       0  0  1  0  1
9       1  1  1  1  1
10       1  1  1  1  1
11       0  1  1  1  0
12       1  1  1  1  1
13       1  1  1  1  1
14       1  1  1  1  1
15       1  1  1  1  1
16       1  1  1  1  1
17       1  1  1  1  0
18       0  1  1  1  1
19       1  1  1  1  1
20       1  1  1  1  1
21       0  1  1  1  1
22       1  1  1  1  1
23       0  0  1  1  1
24       1  1  1  1  1
25       0  1  1  1  1
26       1  1  1  1  1
27       1  1  1  1  1
28       0  0  0  1  1
29       1  0  1  0  0
30       1  0  0  1  0
31       1  1  1  1  1
32       1  0  1  1  0
33       1  1  1  1  1
34       1  1  1  1  1
35       1  1  1  1  1
36       1  1  1  0  1
37       1  1  1  1  1
38       0  0  0  1  1
39       1  1  1  1  1
40       1  0  0  1  1
41       0  1  1  0  1
42       0  1  1  0  0
43       0  1  1  0  0
44       1  1  1  1  1
45       1  1  1  1  1
46       1  1  1  1  1
47       1  1  1  1  1
48       1  1  0  0  1
49       1  1  1  1  1
50       1  1  1  1  1
51       1  1  1  1  1
52       1  1  0  1  1
53       1  1  1  1  1
54       1  0  1  0  0
55       0  1  1  0  1
56       0  0  1  1  0
57       1  1  1  1  1
58       1  1  0  1  0
59       1  1  1  1  1
60       1  1  1  1  1
61       1  1  1  1  1
62       1  1  1  1  1
63       0  1  1  1  0
64       1  0  1  1  0
65       1  1  0  0  1
66       0  0  1  1  0
67       1  1  1  1  1
68       1  1  1  1  1
69       1  1  1  1  1
70       1  1  1  1  1
71       1  1  1  1  1
72       1  1  1  1  1
73       1  1  1  1  1
74       1  1  1  1  1
75       1  1  1  1  1
76       1  1  1  1  1
77       1  1  1  1  1
78       1  1  1  1  1
79       1  1  1  1  1
80       1  1  1  1  1
81       1  1  1  1  1
82       1  0  0  0  1
83       0  1  1  0  1
84       1  1  0  0  0
85       1  1  1  1  1
86       1  1  1  1  1
87       1  1  1  1  1
88       1  1  1  1  1
89       1  1  0  0  1
90       1  1  0  0  0
91       1  1  1  1  1
92       1  1  1  1  1
93       0  1  1  0  1
94       1  0  0  1  0
95       1  1  1  1  1
96       1  1  1  1  1
97       1  1  0  0  0
98       1  1  1  1  1
99       1  1  1  1  1
100       0  1  0  1  0
101       1  1  1  0  0
102       1  1  1  1  1
103       1  0  0  1  1
104       0  0  0  1  1
105       1  1  1  1  1
106       0  1  1  0  0
107       1  1  1  1  1
108       1  1  0  1  0
109       1  1  0  1  0
110       1  1  1  1  1
111       1  1  1  1  1
112       1  0  0  1  0
113       1  1  1  1  1
114       1  1  1  1  1
115       0  1  0  1  0
116       0  1  1  0  0
117       1  1  1  1  1
118       1  1  1  1  1
119       1  1  1  1  1
120       1  0  1  1  0
121       0  0  1  1  0
122       0  1  0  0  1
123       1  1  1  1  1
124       1  1  1  1  0
125       1  0  1  0  0
126       1  1  1  1  1
127       0  0  1  1  0
128       1  1  1  1  1
129       0  1  1  1  0
130       0  1  1  1  1
131       0  1  0  1  0
132       1  1  0  0  0
133       1  0  1  0  1
134       1  0  1  0  1
135       1  0  0  1  1
136       1  1  1  0  1
137       1  1  0  0  0
138       0  1  1  0  0
139       1  1  1  1  1
140       0  0  1  1  1
141       1  1  1  1  1
142       1  1  1  1  1
143       1  1  1  1  1
144       0  1  0  1  0
145       1  1  1  1  1
146       1  1  1  1  1
147       1  1  0  0  1
148       1  1  1  1  1
149       0  1  0  0  1
150       0  1  1  0  0
151       1  1  1  1  1
152       1  0  1  0  0
153       1  1  1  0  0
154       1  0  0  1  0
155       1  0  0  1  1
156       1  1  1  1  1
157       1  1  1  1  1
158       1  1  1  1  1
159       1  1  1  1  1
160       1  1  1  1  1
161       1  1  1  0  0
162       1  1  1  1  1
163       1  1  0  1  0
164       1  1  1  1  1
165       1  1  0  0  0
166       0  1  1  1  0
167       0  1  1  1  1
168       1  1  1  1  1
169       1  1  1  1  1
170       1  1  1  1  1
171       1  0  1  1  0
172       1  0  1  1  1
173       1  0  0  1  1
174       0  1  1  1  0
175       1  1  1  1  1
176       1  1  0  1  0
177       1  1  1  1  1
178       0  1  0  0  1
179       0  1  1  0  1
180       0  1  0  1  1
181       0  1  1  0  1
182       1  0  1  0  0
183       1  1  1  1  1
184       1  1  1  1  1
185       0  0  1  0  1
186       0  1  0  0  1
187       1  1  1  1  1
188       1  1  1  1  1
189       1  1  1  1  1
190       0  0  0  1  1
191       0  1  1  1  0
192       0  0  1  0  1
193       1  1  1  1  1
194       1  0  0  1  0
195       1  1  1  0  1
196       1  1  1  1  1
197       1  1  1  1  1
198       1  1  1  1  1
199       1  0  1  1  1


0             50        50
1         71.199    39.331
2         78.635    40.636
3         67.603    78.182
4         71.558    39.501
5         50.231    61.249
6         63.376    44.718
7         63.206    30.133
8         62.034    51.252
9         67.123    21.529
10          49.13    36.624
11         59.457    73.989
12         65.038    35.546
13         69.533     34.04
14         46.897    43.898
15         25.949     74.16
16           20.7    71.477
17         50.897    30.912
18         41.527    60.153
19         48.213    25.313
20         21.419    25.646
21          21.73    58.281
22         73.138    67.827
23         75.462    33.072
24         64.779    21.269
25         67.108     56.82
26         41.993     36.44
27         55.157    36.862
28         22.578    54.304
29         42.202    51.444
30         22.217    48.834
31          49.05    60.445
32         53.896    24.934
33         58.282    52.309
34         32.607    35.275
35             70    68.093
36         64.652    73.621
37          24.89    49.723
38         37.973    45.296
39         68.054    67.903
40         53.219    25.347


1    64.303    48.566
2     82.03    50.607
3    69.085    44.591
4    68.297    41.243
5    71.999    44.974
6    80.732    57.186
7    71.277    47.614
8    91.525    54.088
9    84.323    25.299
10    60.279      43.9
11    85.049    75.839
12    80.402    81.119
13    84.346    87.318
14    66.651    78.178
15     71.73    83.144
16    58.235    28.215
17     63.49    22.954
18    78.043    28.359
19    71.552    40.553
20    75.886    44.279
21    36.679    64.853
22    54.053    46.715
23    59.595    52.502
24    48.111    60.349
25    46.457    68.215
26    45.318    37.269
27    57.366    47.571
28    65.976    36.926
29    67.769    43.103
30     63.49    53.128
31    62.647    27.239
32    69.363     47.19
33    63.387    30.865
34    45.718    34.556
35    53.882    45.179
36    64.448    56.912
37    60.568    54.996
38    76.926    53.619
39    70.119    51.083
40    61.472    53.304
41    64.442    30.889
42    58.225        33
43    58.774    35.842
44    72.917    37.882
45    65.064    26.095
46    55.463    46.493
47    38.022     52.91
48    55.708    43.885
49    49.781    40.595
50    57.936    49.378
51    50.522    72.642
52    72.856    79.194
53    66.937     62.88
54    70.071    82.652
55    55.941    75.988
56    49.946     29.41
57    69.849     34.13
58    76.802    47.654
59    63.404    35.515
60    67.655    49.749
61    89.135    37.273
62     55.65    36.565
63    82.481    32.451
64    69.726    34.172
65    71.035    35.558
66     51.69     62.13
67    47.593    27.804
68    45.341    35.965
69    58.035    45.931
70    46.314    47.225
71    21.338    81.416
72    28.936    71.876
73    25.803    73.772
74    12.592    74.936
75    35.279     64.38
76     12.38    72.243
77    10.462    78.565
78     9.812    68.472
79    27.678    75.287
80    21.987     75.58
81    54.164    49.953
82    45.333    14.356
83    45.581    18.986
84    50.295    30.681
85    38.513    33.721
86     44.28    64.209
87     41.26    64.589
88    22.147    61.625
89    39.529    65.425
90    36.673    62.775
91    47.108     28.21
92    63.963    22.192
93    45.783    24.349
94    57.381    27.172
95    31.713    25.525
96    26.293     27.07
97    19.326    24.495
98    31.406    40.902
99    12.606     23.61
100    33.172     23.82
101    29.928    68.183
102    29.079    58.293
103    40.276    57.023
104     7.993    65.688
105    21.064    59.434
106     67.68    54.741
107    74.104    67.227
108    73.853    68.646
109     61.69    56.609
110     73.73    61.446
111    75.679    35.136
112    80.729    25.543
113    71.549    30.745
114    87.678    20.972
115     75.21    33.109
116    63.294    20.388
117    64.321     36.77
118    70.889     14.91
119    52.004    28.341
120    46.221    26.301
121    64.507    57.711
122    58.412    69.837
123    67.275    57.354
124    83.116    50.202
125    56.652    43.272
126    44.707    35.404
127    30.934     33.45
128    39.936    51.226
129    40.923    37.236
130    38.459    48.382
131     63.68    54.376
132    58.876    48.819
133    57.286    36.784
134    45.568    43.966
135    61.054     54.24
136    25.207    45.527
137     21.63     45.22
138     7.125    66.947
139    22.538    54.356
140    20.855    58.042
141    58.286    61.584
142    44.064    52.248
143    42.388    49.413
144    54.204    64.547
145    40.293    39.703
146     31.79     62.52
147    15.998    47.223
148    21.447    50.946
149    20.304    48.819
150    34.552      61.9
151    62.894     55.82
152    50.239    58.451
153     48.48    74.628
154    63.382    47.262
155    45.819    59.822
156     54.89    26.223
157    54.894    22.156
158    70.364    32.123
159    53.178    24.272
160     55.07    18.969
161    40.017     50.19
162    71.097    56.102
163    56.405    51.495
164    41.592    53.138
165    42.595     64.61
166    37.528    24.846
167    31.107    44.347
168     35.65    22.821
169     30.27    40.491
170    19.635    25.454
171    75.373     65.73
172    73.638    70.516
173    58.742    65.875
174    68.635    74.019
175    64.119    55.353
176    50.469    65.798
177    59.831    76.432
178    65.271    70.182
179     54.24    87.682
180    63.695    75.457
181    20.341    36.778
182    10.775    41.918
183    21.495    47.809
184     5.433    47.683
185    29.026    46.604
186    40.225    40.813
187    38.816    38.078
188    24.505    57.809
189    36.531    52.099
190    48.441    43.832
191    66.338    66.249
192    75.688     72.73
193    63.151    50.202
194     69.88    67.604
195    63.856    73.992
196     37.41    35.459
197    52.086    17.384
198    44.303     24.72
199    69.447    33.463
200    70.014    35.083
