41 Stops, 400 Students, 40 Max_Walking, 50 Capacity, 5 Days 

0       1  1  1  1  1
1       1  1  1  1  1
2       1  1  1  1  1
3       1  1  1  1  1
4       1  1  1  1  1
5       1  1  1  1  1
6       1  1  1  1  1
7       1  1  1  1  1
8       1  1  1  1  1
9       1  1  1  1  1
10       1  1  1  1  1
11       1  1  1  1  1
12       1  1  1  1  1
13       1  1  1  1  1
14       0  1  1  1  1
15       1  1  0  0  0
16       1  1  1  1  1
17       1  1  1  1  1
18       0  1  1  0  0
19       1  1  1  1  1
20       1  1  0  0  1
21       1  1  1  1  1
22       1  1  1  1  1
23       1  1  1  1  1
24       1  1  1  1  1
25       1  1  1  1  1
26       1  0  0  1  0
27       1  1  1  1  1
28       1  1  1  1  1
29       1  0  1  1  0
30       1  1  1  1  1
31       0  1  1  0  1
32       1  1  1  1  1
33       1  1  1  1  1
34       1  1  1  1  1
35       1  1  1  1  1
36       0  1  1  0  1
37       1  1  1  1  1
38       1  1  1  1  1
39       1  1  1  1  1
40       1  1  1  1  1
41       1  1  1  1  1
42       1  1  1  1  1
43       0  1  1  1  0
44       1  1  1  1  1
45       1  1  1  1  1
46       0  1  0  1  0
47       0  1  1  0  0
48       1  1  1  1  1
49       1  1  1  1  1
50       1  1  1  1  1
51       1  1  1  1  1
52       1  1  1  1  1
53       1  1  1  1  1
54       1  1  1  1  1
55       1  1  1  1  1
56       1  0  0  0  1
57       1  1  1  1  1
58       1  1  1  1  1
59       1  1  1  1  1
60       1  1  1  1  1
61       1  1  1  1  1
62       1  1  1  1  1
63       0  0  1  0  1
64       1  1  1  1  1
65       1  0  1  1  0
66       1  1  1  1  1
67       1  1  1  1  1
68       1  1  1  1  1
69       0  1  1  1  0
70       1  1  1  1  1
71       1  0  1  1  1
72       1  1  1  1  1
73       0  1  1  1  1
74       1  1  1  1  1
75       1  1  1  1  1
76       1  0  1  1  1
77       1  1  0  1  0
78       1  1  1  1  1
79       1  1  1  1  1
80       1  1  1  1  1
81       1  1  1  1  1
82       1  1  1  1  1
83       1  1  1  1  1
84       1  1  1  1  1
85       1  1  1  1  1
86       0  1  1  0  1
87       1  0  1  0  1
88       1  1  1  1  1
89       1  1  1  1  1
90       1  1  1  1  1
91       1  1  1  1  1
92       1  1  1  1  1
93       1  1  1  1  1
94       1  1  1  1  1
95       1  1  0  1  0
96       1  1  1  1  1
97       1  1  1  0  1
98       1  1  1  0  1
99       1  1  1  1  1
100       1  1  1  1  1
101       1  1  1  1  1
102       1  1  1  1  1
103       1  1  1  1  1
104       1  1  1  1  1
105       1  1  1  1  1
106       1  1  1  1  1
107       1  1  1  1  1
108       1  1  1  1  1
109       0  1  1  1  1
110       1  1  1  1  1
111       0  1  1  0  0
112       1  1  1  1  1
113       1  0  1  0  1
114       1  1  1  1  1
115       1  1  1  1  1
116       1  1  1  1  0
117       1  0  1  1  1
118       1  1  1  1  1
119       1  1  1  1  1
120       1  1  1  1  1
121       1  1  1  1  1
122       1  1  1  1  1
123       1  1  1  1  1
124       1  1  1  1  1
125       1  1  1  1  1
126       1  1  1  1  1
127       1  1  1  1  1
128       1  1  1  1  1
129       1  1  1  1  1
130       1  1  1  1  1
131       1  1  0  0  1
132       1  1  1  1  1
133       1  1  1  1  1
134       1  1  1  1  1
135       1  1  1  1  1
136       1  1  1  1  1
137       1  1  1  1  1
138       1  1  1  1  1
139       1  1  1  1  1
140       1  1  1  1  1
141       1  1  1  1  1
142       0  1  0  1  0
143       1  1  1  1  1
144       1  1  1  1  1
145       1  1  1  1  1
146       1  1  1  1  1
147       1  1  1  1  1
148       1  1  1  1  1
149       1  0  1  0  0
150       1  1  1  1  1
151       1  1  1  1  1
152       1  1  1  1  1
153       1  1  1  1  1
154       1  1  1  1  1
155       1  1  1  1  1
156       1  1  1  0  0
157       1  1  1  1  1
158       1  1  1  1  1
159       1  1  1  1  1
160       1  1  1  1  1
161       1  1  1  1  1
162       1  1  1  1  1
163       1  1  1  1  1
164       1  1  0  1  1
165       1  1  1  1  1
166       0  0  1  1  0
167       1  1  1  1  1
168       1  1  1  1  1
169       1  0  1  0  0
170       1  1  1  1  1
171       1  1  1  1  1
172       1  1  1  1  1
173       1  1  1  1  1
174       1  1  1  1  1
175       1  1  1  1  1
176       1  1  1  1  1
177       1  0  1  1  1
178       1  1  1  1  1
179       1  1  1  1  1
180       1  0  1  0  0
181       1  1  1  1  1
182       1  0  1  0  0
183       1  1  1  1  1
184       1  1  1  1  1
185       1  1  1  1  1
186       1  1  1  1  1
187       1  0  0  1  0
188       1  1  1  1  1
189       1  1  1  1  1
190       1  1  1  1  1
191       1  1  1  1  1
192       1  1  1  1  1
193       1  1  1  1  1
194       1  1  1  1  1
195       1  1  1  1  1
196       1  1  1  1  1
197       1  1  1  1  1
198       1  1  1  1  1
199       1  1  1  1  1
200       1  1  1  1  1
201       1  1  1  1  1
202       1  1  1  1  1
203       1  1  1  1  1
204       1  1  1  0  1
205       1  1  1  1  1
206       1  1  1  1  1
207       1  0  0  1  1
208       1  1  1  1  1
209       1  1  1  1  1
210       1  1  1  1  1
211       1  1  1  1  1
212       0  1  0  1  1
213       1  1  1  1  1
214       1  1  1  1  1
215       0  0  1  1  0
216       1  1  1  1  1
217       1  1  0  1  0
218       1  1  1  1  1
219       1  1  1  1  0
220       1  1  1  1  1
221       1  1  1  1  1
222       1  1  1  1  1
223       1  1  1  1  1
224       1  1  1  1  1
225       1  1  1  1  1
226       1  1  1  1  1
227       1  1  1  1  1
228       1  0  0  1  0
229       1  1  1  1  1
230       1  1  1  1  1
231       1  1  1  1  1
232       1  1  1  0  1
233       1  1  0  0  0
234       1  1  1  1  1
235       1  1  1  1  1
236       1  1  0  1  0
237       1  0  0  1  1
238       1  1  1  0  0
239       1  1  1  1  1
240       1  1  1  1  1
241       1  1  0  0  1
242       1  1  1  1  1
243       1  1  1  1  1
244       1  1  1  1  1
245       1  0  1  0  0
246       1  1  1  1  1
247       1  1  1  1  1
248       1  1  1  1  1
249       1  1  1  1  1
250       1  1  1  1  1
251       1  1  1  1  1
252       1  0  1  0  0
253       1  1  1  1  1
254       1  1  1  1  1
255       1  1  1  1  1
256       0  1  1  0  0
257       1  0  1  0  0
258       1  1  1  1  1
259       1  1  1  1  1
260       1  1  1  1  1
261       0  1  0  1  1
262       1  1  1  1  1
263       1  1  1  1  1
264       1  1  1  1  1
265       1  1  1  1  1
266       1  1  0  0  0
267       0  0  1  1  1
268       0  1  1  0  1
269       1  1  1  1  0
270       0  1  1  1  1
271       1  1  1  1  1
272       0  1  0  1  1
273       1  1  1  1  1
274       1  1  1  1  1
275       1  1  1  1  1
276       1  1  1  1  1
277       1  1  1  1  1
278       1  1  1  1  1
279       1  1  1  1  1
280       1  1  1  1  1
281       1  1  1  1  1
282       1  1  1  1  1
283       1  1  1  1  1
284       1  1  1  1  1
285       1  1  1  1  1
286       1  0  0  0  1
287       1  1  1  1  1
288       1  1  1  1  1
289       1  1  1  1  1
290       1  1  1  1  1
291       1  1  1  1  1
292       1  1  1  1  1
293       1  0  0  1  1
294       1  1  1  1  1
295       1  1  1  1  0
296       1  1  1  1  1
297       1  1  1  1  1
298       1  1  1  1  1
299       0  1  1  1  1
300       1  1  1  1  1
301       1  1  1  1  1
302       1  1  0  1  0
303       1  1  1  1  1
304       1  1  1  1  1
305       1  1  1  1  1
306       1  1  1  1  1
307       1  1  1  1  1
308       1  1  1  1  1
309       1  1  1  0  0
310       1  1  1  1  1
311       1  1  1  1  1
312       1  1  0  0  0
313       0  0  1  1  0
314       1  1  1  1  1
315       1  1  1  1  1
316       1  1  0  0  1
317       1  1  1  1  1
318       1  1  1  1  1
319       1  1  1  1  1
320       1  1  1  1  1
321       1  1  1  1  1
322       1  1  1  1  0
323       1  0  1  0  0
324       1  1  1  1  1
325       1  1  1  1  1
326       1  1  1  1  1
327       1  1  1  1  1
328       1  1  1  1  1
329       1  1  1  1  1
330       1  1  1  1  1
331       1  1  1  1  1
332       1  1  0  1  1
333       1  1  1  1  1
334       0  0  1  1  0
335       1  1  1  1  1
336       1  1  1  1  1
337       1  1  1  1  1
338       1  1  0  0  1
339       1  1  0  0  0
340       1  1  1  1  1
341       1  1  1  1  1
342       1  1  1  1  1
343       1  1  1  1  1
344       0  0  0  1  1
345       1  1  1  1  1
346       1  1  1  1  1
347       1  1  1  1  1
348       1  1  1  1  1
349       1  1  1  1  1
350       1  1  1  1  1
351       0  1  0  1  0
352       1  1  0  1  0
353       1  1  1  1  1
354       1  1  1  1  1
355       1  1  1  1  1
356       1  1  1  1  1
357       1  1  1  1  1
358       1  1  1  1  1
359       1  1  0  0  1
360       1  1  1  1  1
361       1  1  1  1  1
362       1  1  1  1  1
363       1  1  0  0  1
364       1  1  1  1  1
365       1  0  1  1  1
366       1  1  1  1  1
367       1  1  0  1  1
368       1  1  1  1  1
369       1  1  1  1  1
370       1  1  1  1  1
371       1  1  1  1  1
372       1  1  1  1  1
373       0  0  1  0  1
374       1  1  0  1  1
375       1  1  1  1  1
376       1  0  1  1  0
377       1  1  1  1  1
378       0  1  1  1  1
379       1  1  1  0  0
380       1  1  1  1  1
381       1  1  0  0  0
382       1  1  1  1  1
383       1  1  1  1  1
384       1  1  0  1  1
385       1  1  1  1  1
386       1  0  0  1  0
387       1  1  1  1  1
388       1  1  1  1  1
389       1  1  1  0  1
390       1  1  1  1  1
391       1  1  1  1  1
392       1  1  1  1  1
393       0  1  0  1  1
394       1  1  1  1  1
395       1  1  1  1  1
396       1  1  1  1  1
397       1  1  1  1  1
398       1  0  1  0  0
399       1  0  0  0  1


0             50        50
1         45.509     49.13
2         50.553    54.394
3         52.545    53.739
4         51.639    49.293
5         54.012    49.376
6         55.976    43.359
7         55.951    55.696
8         47.857    44.765
9         42.349    47.153
10         49.778    49.253
11         56.316      53.1
12         56.773    50.855
13         56.691    57.161
14         42.936    56.794
15         47.592    57.981
16         53.097    54.863
17         57.475    42.249
18         50.446    42.497
19         59.771    46.538
20         59.586    53.171
21         47.141    40.368
22          54.71    44.172
23         46.488     41.84
24         49.936    44.449
25         44.059    44.528
26         46.234    56.502
27         51.382    50.242
28         56.513    52.039
29         50.824    57.561
30         59.977    45.232
31         45.639    48.098
32         47.599    56.788
33         49.248    41.812
34         51.023    55.253
35         54.663    53.892
36         43.494    45.818
37         40.031    41.697
38         44.226    46.707
39         49.862    43.791
40         42.471    55.168


1     66.02    64.799
2    22.585    74.831
3     45.57    49.332
4    20.603    40.109
5    60.602    21.485
6    30.941    52.605
7    57.067    16.455
8     65.65    55.665
9    82.745     42.24
10    61.505    29.684
11    41.454    88.791
12    24.921    58.445
13    48.525    40.577
14    54.654    68.494
15    50.446    37.696
16    69.474    85.858
17    36.592    52.482
18    44.862     80.44
19    40.599    79.149
20    50.927    55.281
21    52.807    54.008
22      23.9    49.086
23    31.845    44.693
24    25.299    51.488
25     40.95    33.951
26    71.532    47.677
27    16.365    65.625
28    80.168    81.445
29    49.591    67.642
30    47.713     57.97
31    56.945    68.841
32    37.087    51.133
33    54.218    30.239
34    54.248    46.364
35    43.361    30.084
36     56.68    12.142
37    38.388    86.104
38    48.024    70.059
39     55.85    52.615
40    79.025    66.473
41    23.705    71.783
42     44.79    62.817
43     57.78    55.162
44    52.673    57.937
45    27.505    39.405
46    47.741    50.477
47    44.993    42.475
48    54.826     50.79
49    60.472    54.998
50    60.218    52.338
51    55.402    42.738
52    51.868    40.935
53    74.059    43.196
54    23.156    42.179
55    44.185    54.919
56    62.378    44.731
57    56.663    43.426
58    59.559    64.299
59    64.381    79.969
60    78.264    19.087
61    59.429    55.616
62    82.476    63.421
63    36.885    40.938
64    61.857    30.992
65    55.028    56.101
66     57.56    77.522
67    77.587    58.293
68    58.317    55.324
69    80.684    26.669
70    55.829    55.826
71     45.34    36.265
72    66.458    44.889
73    28.428    67.895
74    10.046    36.758
75    76.965    32.781
76     52.44    18.759
77    38.818    18.068
78    53.979    37.083
79    41.243    59.197
80    79.834    65.096
81    44.303    42.842
82    18.983    53.051
83      6.68    48.291
84    23.151    43.101
85     30.82    57.966
86    57.197    54.076
87    38.115     32.34
88    21.415    36.374
89    59.816    57.512
90    57.821    66.661
91    25.999    55.028
92    11.615    44.011
93    53.836    39.819
94    24.733    19.009
95    59.908    67.498
96    24.687    63.542
97     76.03    44.847
98    67.807    32.854
99    72.883    66.573
100    46.807    60.888
101    41.261    53.313
102    58.802    21.589
103    23.597    39.922
104    91.092    44.015
105    81.565    62.845
106     63.39    82.404
107    56.318    53.041
108    48.909    18.421
109    72.396    49.974
110    45.737    48.144
111    48.218    42.999
112     65.43    41.352
113    70.112    69.233
114    22.574    56.441
115    43.173    26.488
116    59.063    83.741
117    53.455     56.84
118    55.591    54.296
119    57.235    66.815
120    55.517     69.16
121    79.764    40.525
122    73.863    42.123
123    60.996    51.729
124    81.057    75.834
125    56.382     55.81
126    72.241    74.898
127    69.297        89
128    62.601    65.679
129    67.448    61.504
130    78.796    29.109
131    34.798    74.324
132     47.78    23.408
133    19.425    87.182
134    15.382    64.988
135    61.375    75.257
136     14.99    41.467
137     57.73    51.889
138    49.045    78.049
139     40.54    56.382
140    45.584    55.523
141    49.871    58.794
142    66.367    84.479
143    34.993    25.949
144    79.287    40.494
145    79.575    74.422
146    47.967    64.033
147    54.638    82.614
148    47.623    53.766
149     9.022     68.55
150    18.284    35.997
151    48.874    39.986
152    56.195    64.811
153    41.068    92.064
154    60.431     86.33
155    55.607    38.221
156    36.611     75.18
157     76.17    41.359
158    54.104    40.796
159    72.425    24.846
160    67.636    59.584
161    63.721    74.433
162    44.301    31.859
163    61.108    71.991
164    61.703    46.099
165    41.025    49.626
166    82.096    59.445
167    55.257    40.454
168     67.02    53.093
169    59.844    32.193
170    31.537    49.161
171    78.895    51.568
172    55.728    60.056
173    41.742    10.375
174    26.604    31.629
175    27.785    65.069
176    76.228    66.736
177     30.65    18.502
178    63.114    28.281
179     50.96    77.295
180    44.688    35.637
181    64.095    47.395
182    39.311    50.964
183      64.5    41.696
184    46.727     30.45
185    68.095    60.993
186        62     39.47
187    56.739    38.437
188    63.926    62.377
189    77.934    68.785
190    49.566    47.248
191      52.2    54.132
192    65.984    54.641
193    88.204    58.341
194     59.73    64.508
195    24.396    40.402
196    53.065    39.458
197    57.569    52.505
198    63.348    49.673
199    57.679    42.731
200    47.245    62.783
201    45.007    42.025
202    53.065    36.668
203    47.154    40.374
204    11.633    40.661
205    48.253    34.709
206    57.185    18.812
207    34.961    52.394
208    13.325    29.954
209    35.181    39.852
210    19.263    58.412
211    88.486    32.594
212    37.818    35.113
213    69.379    43.944
214    39.452    51.216
215    73.037    47.734
216    43.512    34.369
217    50.207     44.17
218    18.002    40.508
219    49.593    30.227
220    28.057    46.966
221     7.313     36.84
222    61.629    36.305
223    56.565    57.896
224    37.087    40.625
225    50.635     59.39
226    37.897     15.21
227    27.917     17.36
228    60.895    49.424
229    40.309     5.177
230    34.824    18.382
231    60.724    14.179
232    62.671    42.959
233    52.023    51.202
234    56.504    44.097
235    43.091    17.353
236     57.11    40.192
237    35.712    53.575
238    54.937    70.856
239    51.906    47.213
240    45.398    49.445
241    36.487    39.143
242    37.332    20.738
243    14.239    36.327
244    67.888    51.961
245    71.049    63.966
246    34.731     47.15
247    53.372    58.138
248    43.343    40.501
249    53.537    40.422
250    68.319    46.189
251    61.393    44.816
252    25.031    51.004
253    13.708    69.069
254    54.217    37.434
255    42.119     67.28
256    51.309    53.322
257    36.792    57.528
258    58.325    82.802
259    53.503    63.587
260    59.658    65.327
261    37.442    59.479
262    38.138    35.603
263    78.163    22.549
264    43.266    38.858
265     52.62    50.344
266     49.78    48.492
267    44.951    46.835
268    35.672     25.19
269    56.052    61.738
270    60.121    58.885
271    36.271    25.477
272    51.096     21.87
273    79.361    32.437
274    73.301    38.083
275    48.323    55.617
276    65.695    50.778
277    85.698    52.339
278    33.545    61.864
279     40.48    57.813
280    58.007    49.725
281    34.713    83.241
282    50.287    57.148
283    27.154    64.715
284    80.299    39.186
285    30.762    54.719
286    48.629    55.614
287    50.909    74.238
288    53.319    65.865
289    47.968    40.869
290    44.748    61.396
291    77.475    46.671
292    93.038     33.56
293    71.758    76.209
294    66.687    59.467
295    90.167    46.736
296    87.493    25.187
297    45.416    19.322
298    64.386    38.234
299    79.967    49.717
300    80.231    55.604
301    47.715    63.422
302    27.581    68.845
303    18.547    43.211
304    44.067    37.923
305    37.243    75.867
306     69.14    79.911
307    48.419    73.314
308    46.998    56.695
309    39.924    60.933
310    54.926    24.666
311    67.346    53.139
312    49.282     34.73
313    35.326     62.43
314    24.352    51.422
315    52.307    50.247
316    39.127    57.358
317    46.437    56.493
318    13.523    46.815
319    57.199    71.183
320    48.468    79.479
321    67.952    32.422
322    57.718    48.252
323     34.97    43.037
324    46.535    53.704
325    27.905    32.731
326    38.498    45.983
327    47.412      46.9
328    25.463    55.669
329    67.576    36.732
330    69.397    25.567
331    28.804    50.196
332    57.775    44.406
333    31.588     64.67
334    28.094    75.361
335    48.511    71.956
336    62.422    45.599
337    52.467    43.462
338    15.766    68.202
339    55.727    78.808
340     52.72    30.338
341    25.822    51.364
342    54.385    53.961
343    87.833    41.202
344    66.293    61.348
345    64.886    45.241
346    45.855    62.327
347    59.081    56.314
348    18.553    41.352
349    25.898    68.186
350    35.616    75.001
351    59.861      74.6
352    21.572    18.617
353    43.159    71.288
354    46.168    55.659
355    61.282    37.775
356    53.407    32.394
357    45.646    51.726
358    53.651    58.486
359    39.328    65.024
360    67.562    28.639
361    25.245     77.59
362    30.466    63.785
363    11.963    53.643
364    37.749    41.002
365    47.799     41.54
366     9.289    57.232
367    40.092    38.675
368    36.168    40.666
369     38.57    52.168
370    34.899      8.56
371    50.622    72.619
372    44.431    47.268
373    36.712    63.571
374    38.131    33.933
375      33.7    45.839
376    65.559    71.487
377    31.066    30.635
378    61.604    68.002
379    56.359    56.411
380    41.135    57.947
381    40.252    16.066
382     53.47     43.75
383    51.013    40.777
384    50.748    26.305
385    26.738    33.413
386    39.795    45.101
387    30.246     55.81
388    73.279    45.076
389    37.339    61.815
390    64.771    74.994
391    39.876    57.408
392    18.064    61.877
393    42.515    55.111
394    35.877    52.579
395    42.619    54.292
396    38.181      74.1
397    38.579     28.08
398    44.072    72.239
399    54.537     30.25
400    34.388     29.78
