41 Stops, 800 Students, 40 Max_Walking, 50 Capacity, 5 Days 

0       1  1  1  1  1
1       1  1  1  1  0
2       1  1  1  1  1
3       1  1  1  1  1
4       0  1  1  0  0
5       1  0  0  1  0
6       1  1  1  1  1
7       1  0  1  0  0
8       1  1  1  1  1
9       1  1  1  1  1
10       1  1  1  1  1
11       0  1  0  0  1
12       1  1  1  1  1
13       1  1  1  0  1
14       1  1  0  0  0
15       1  1  1  1  1
16       1  1  1  1  1
17       1  0  1  0  0
18       1  1  1  1  1
19       1  1  0  0  0
20       1  1  1  1  1
21       1  1  1  1  1
22       1  1  1  1  1
23       1  1  1  1  1
24       1  0  0  1  1
25       1  1  1  1  1
26       1  1  1  0  1
27       1  1  1  1  1
28       1  1  1  1  1
29       1  1  1  1  1
30       0  1  0  0  1
31       1  1  1  1  1
32       1  1  1  1  1
33       1  1  1  1  1
34       1  1  1  1  1
35       1  1  1  1  1
36       1  1  1  0  1
37       1  1  1  1  1
38       1  1  1  1  1
39       0  1  1  0  0
40       1  0  0  1  0
41       0  1  0  1  0
42       1  1  0  0  0
43       1  1  1  1  0
44       1  0  0  1  0
45       1  1  1  1  1
46       1  1  1  1  1
47       1  1  1  1  1
48       1  1  0  1  0
49       1  1  1  1  1
50       1  1  1  1  1
51       1  1  1  1  1
52       0  0  1  0  1
53       1  1  1  1  1
54       1  1  0  1  0
55       0  1  1  0  1
56       1  0  0  1  1
57       1  1  1  1  1
58       1  1  1  1  1
59       1  1  1  1  1
60       1  1  1  1  1
61       1  1  0  0  1
62       1  1  1  1  1
63       1  1  1  1  1
64       1  1  1  1  1
65       0  0  1  0  1
66       1  1  1  1  1
67       0  0  1  1  0
68       0  1  1  0  0
69       1  1  1  0  1
70       1  1  1  1  1
71       0  1  1  0  0
72       0  1  0  1  0
73       1  1  1  1  1
74       1  1  1  1  1
75       1  1  1  1  1
76       1  0  1  1  0
77       0  1  1  1  0
78       1  1  1  1  1
79       1  1  1  1  1
80       1  1  1  0  0
81       1  1  1  1  1
82       1  1  1  1  1
83       1  0  0  0  1
84       1  1  1  1  0
85       1  1  1  1  1
86       0  0  1  0  1
87       1  1  1  0  0
88       1  0  0  1  0
89       1  0  1  1  0
90       0  0  1  0  1
91       1  0  1  1  0
92       1  1  1  0  1
93       0  1  1  1  1
94       1  1  1  1  1
95       0  1  0  1  0
96       1  1  1  1  1
97       1  1  1  1  1
98       1  1  0  0  1
99       1  1  1  1  1
100       1  1  1  1  1
101       0  1  1  1  0
102       1  1  1  1  0
103       1  0  0  1  0
104       1  1  1  1  1
105       1  1  1  1  1
106       1  1  1  1  1
107       1  1  1  1  1
108       1  1  1  1  1
109       1  0  1  0  1
110       1  1  1  1  1
111       1  1  1  1  1
112       1  1  1  1  1
113       1  0  0  0  1
114       1  1  1  1  1
115       1  1  1  1  1
116       1  1  1  1  1
117       1  1  1  1  1
118       1  1  1  1  1
119       1  1  1  1  1
120       1  1  1  1  1
121       1  1  1  1  1
122       1  1  1  1  1
123       1  1  1  1  1
124       1  1  1  1  0
125       1  1  0  1  0
126       1  1  1  1  1
127       1  0  1  1  0
128       1  1  1  1  1
129       1  1  1  1  1
130       1  1  1  1  1
131       1  0  0  1  0
132       1  1  1  1  1
133       1  1  1  1  1
134       1  1  0  0  0
135       1  0  1  0  1
136       1  1  1  1  1
137       1  1  1  1  1
138       1  1  1  1  1
139       1  1  1  1  1
140       1  0  1  1  1
141       1  0  1  1  0
142       1  1  1  1  1
143       1  1  1  1  1
144       1  1  1  1  1
145       1  1  1  1  1
146       1  1  0  0  0
147       0  0  1  1  0
148       1  1  1  1  1
149       0  1  1  0  1
150       0  1  0  1  0
151       1  1  1  1  1
152       1  1  1  1  1
153       0  0  1  0  1
154       1  1  1  1  1
155       1  1  0  0  1
156       1  0  1  0  0
157       1  1  1  1  1
158       1  0  1  0  1
159       0  1  1  0  0
160       0  1  1  1  1
161       0  0  1  1  0
162       1  0  1  0  1
163       0  1  1  1  0
164       0  0  1  1  1
165       1  1  0  1  0
166       1  1  1  0  0
167       1  1  1  1  1
168       1  1  1  1  1
169       1  0  1  1  1
170       1  0  1  1  0
171       1  1  1  1  1
172       1  1  1  1  1
173       1  0  1  0  0
174       0  1  0  1  0
175       0  1  0  0  1
176       1  1  1  1  1
177       1  1  1  1  1
178       1  1  1  1  1
179       1  1  1  1  1
180       1  0  1  0  0
181       1  1  1  1  1
182       1  0  1  0  1
183       1  1  0  1  0
184       1  0  0  1  0
185       0  1  1  1  0
186       1  1  1  1  1
187       1  1  1  1  1
188       0  1  0  1  1
189       1  0  1  0  0
190       1  1  0  1  0
191       1  0  1  0  1
192       1  1  1  1  1
193       1  1  1  1  1
194       1  0  1  0  0
195       1  1  1  1  1
196       1  1  1  1  1
197       1  1  1  0  0
198       1  1  1  1  1
199       0  1  1  1  0
200       0  0  1  0  1
201       1  1  1  1  1
202       0  0  1  1  0
203       1  1  1  1  1
204       1  1  1  1  1
205       0  1  1  1  0
206       1  1  1  1  1
207       1  1  1  1  1
208       1  0  0  0  1
209       1  1  1  1  0
210       1  0  1  0  0
211       1  1  1  1  1
212       1  1  1  1  1
213       1  1  1  1  1
214       1  1  1  1  1
215       0  1  0  1  0
216       0  0  1  0  1
217       1  1  1  1  1
218       1  1  1  1  1
219       1  1  1  1  0
220       0  1  1  0  1
221       1  0  1  1  0
222       0  1  1  1  0
223       1  1  1  1  1
224       1  1  1  1  0
225       0  1  1  0  1
226       0  1  1  1  0
227       1  1  0  1  1
228       1  1  0  1  1
229       0  1  1  1  1
230       1  1  1  1  1
231       1  1  1  1  1
232       1  1  1  1  1
233       1  1  1  1  1
234       1  1  1  1  1
235       1  1  1  1  1
236       1  1  1  1  0
237       1  1  1  1  1
238       0  0  1  0  1
239       1  1  0  1  0
240       0  0  0  1  1
241       0  1  0  0  1
242       1  1  1  1  1
243       1  0  0  0  1
244       1  1  1  1  1
245       1  1  1  1  1
246       0  0  1  1  0
247       1  1  1  0  1
248       0  1  1  0  1
249       0  0  1  1  1
250       0  1  1  1  0
251       1  1  1  1  1
252       1  1  1  1  1
253       1  1  1  0  1
254       1  1  1  1  1
255       0  0  1  0  1
256       1  1  1  1  1
257       0  1  1  0  1
258       0  1  0  0  1
259       1  1  1  1  1
260       1  1  0  1  0
261       1  1  1  1  1
262       1  1  1  1  1
263       1  1  1  1  1
264       1  1  1  1  1
265       1  1  1  1  1
266       1  1  0  1  1
267       1  1  1  1  1
268       0  1  1  1  1
269       1  1  1  1  1
270       1  1  1  1  1
271       0  1  0  1  1
272       1  1  1  1  1
273       1  0  1  1  1
274       1  1  0  1  1
275       1  1  1  1  1
276       1  0  1  1  1
277       1  1  1  0  0
278       1  1  1  1  1
279       0  0  0  1  1
280       1  1  1  1  1
281       1  1  1  1  1
282       1  1  1  1  1
283       0  1  1  1  0
284       1  0  0  0  1
285       1  1  1  1  1
286       1  1  1  1  1
287       1  1  1  1  1
288       1  0  1  1  0
289       1  1  1  0  0
290       1  1  1  1  1
291       1  1  1  1  1
292       1  1  1  1  1
293       1  1  1  0  0
294       0  0  0  1  1
295       1  0  1  0  1
296       1  1  1  1  1
297       1  1  1  1  1
298       0  0  1  1  1
299       1  1  1  1  1
300       0  1  0  1  1
301       1  1  1  1  1
302       1  1  1  1  1
303       1  1  1  1  1
304       1  1  1  1  1
305       1  0  1  0  0
306       1  0  0  1  0
307       1  1  1  1  1
308       1  1  0  0  1
309       1  0  0  0  1
310       1  1  1  1  1
311       1  0  1  0  1
312       1  1  1  1  1
313       1  1  1  1  1
314       0  1  0  0  1
315       1  1  1  1  1
316       1  1  1  1  1
317       1  1  1  1  1
318       1  1  1  1  1
319       1  1  1  1  1
320       1  1  1  1  1
321       0  1  1  0  1
322       1  1  1  1  1
323       1  1  0  0  0
324       1  1  1  1  1
325       0  1  1  0  1
326       1  1  1  1  1
327       0  1  0  1  0
328       0  1  0  1  1
329       1  1  1  1  1
330       1  1  1  1  0
331       1  1  1  1  1
332       1  0  1  1  0
333       1  0  1  0  0
334       1  1  1  1  1
335       1  1  1  1  1
336       1  1  1  1  1
337       1  1  1  1  1
338       1  1  1  1  1
339       0  1  0  1  0
340       0  1  0  1  1
341       0  1  0  0  1
342       1  1  1  1  1
343       1  0  1  1  0
344       0  1  0  1  0
345       1  1  1  1  1
346       0  1  0  1  1
347       0  1  1  0  1
348       0  1  1  1  0
349       1  1  1  1  1
350       1  1  1  1  1
351       1  1  1  1  1
352       1  1  1  1  1
353       1  1  1  1  1
354       1  1  1  1  1
355       1  0  0  0  1
356       1  1  1  1  1
357       1  1  1  0  0
358       1  0  1  0  0
359       1  1  1  1  1
360       1  1  1  1  1
361       1  1  1  1  1
362       1  1  1  1  1
363       1  1  1  1  1
364       1  1  0  1  1
365       1  1  1  1  1
366       1  0  1  1  1
367       0  0  1  1  0
368       1  0  1  0  0
369       1  1  0  1  1
370       1  1  1  1  1
371       1  1  1  0  1
372       0  1  1  1  0
373       1  1  1  1  1
374       1  1  1  1  1
375       1  1  1  0  0
376       0  1  1  1  1
377       1  1  0  1  0
378       1  1  1  1  0
379       1  1  1  1  0
380       1  1  1  1  1
381       1  1  1  1  1
382       1  0  1  1  0
383       1  0  0  1  1
384       1  1  1  1  1
385       1  1  1  1  1
386       0  1  0  1  1
387       1  1  1  1  1
388       1  1  1  1  1
389       1  1  1  1  1
390       1  1  1  1  1
391       1  1  1  1  1
392       1  1  1  1  1
393       1  0  0  1  1
394       1  1  1  1  1
395       0  1  0  1  1
396       1  1  1  1  1
397       1  1  1  1  1
398       1  1  1  1  1
399       0  1  0  1  1
400       1  1  0  1  0
401       1  0  1  0  0
402       1  1  1  1  1
403       1  1  1  1  1
404       1  0  1  0  1
405       0  1  0  0  1
406       0  0  1  1  0
407       1  1  1  0  1
408       1  1  1  1  1
409       1  1  1  1  1
410       0  1  0  1  1
411       1  1  1  1  1
412       1  1  1  1  1
413       1  1  1  1  1
414       1  1  1  1  1
415       1  1  1  1  1
416       1  1  1  1  1
417       1  1  1  1  1
418       0  1  1  1  0
419       1  1  1  1  1
420       0  1  0  0  1
421       1  1  1  1  1
422       1  1  1  1  1
423       1  1  1  1  1
424       1  1  1  0  1
425       1  1  0  1  1
426       0  0  1  1  0
427       1  1  0  0  0
428       1  1  1  1  1
429       1  0  1  1  1
430       1  1  1  1  0
431       1  1  0  0  1
432       1  1  1  1  1
433       0  0  1  1  1
434       1  1  1  1  1
435       1  1  1  1  1
436       1  1  1  1  1
437       1  1  0  1  0
438       1  1  1  1  1
439       1  1  1  0  0
440       0  0  1  1  0
441       0  0  1  0  1
442       1  1  1  1  1
443       1  0  1  0  1
444       1  1  1  1  1
445       1  0  0  1  0
446       1  1  1  1  1
447       1  1  1  1  0
448       1  1  1  1  1
449       1  1  1  1  1
450       1  0  1  0  1
451       0  0  1  1  1
452       1  1  0  0  0
453       1  1  1  1  1
454       1  1  1  1  1
455       1  1  1  1  1
456       0  0  1  1  1
457       1  1  1  1  1
458       1  1  1  1  1
459       1  1  1  1  1
460       1  0  0  1  1
461       1  1  1  1  1
462       1  1  1  1  1
463       1  1  1  0  1
464       1  1  1  1  1
465       1  1  1  1  1
466       0  1  0  1  0
467       1  1  1  1  1
468       1  1  1  1  1
469       1  1  1  1  1
470       1  1  1  1  1
471       1  1  1  1  1
472       1  1  1  1  0
473       1  1  0  0  1
474       1  1  1  1  1
475       1  1  1  1  1
476       1  1  1  1  1
477       1  1  1  1  1
478       1  1  1  1  1
479       0  1  0  0  1
480       1  1  0  0  1
481       0  1  1  1  0
482       1  1  1  1  1
483       0  0  1  1  0
484       1  1  1  1  1
485       1  1  1  0  1
486       1  1  1  0  0
487       0  0  0  1  1
488       1  0  1  1  1
489       1  0  0  1  1
490       1  1  1  1  1
491       1  1  1  1  1
492       1  1  1  1  1
493       0  1  0  1  1
494       1  1  1  1  1
495       1  1  1  1  1
496       1  1  1  1  1
497       1  1  0  1  1
498       1  1  1  1  1
499       0  1  1  1  1
500       0  1  1  1  0
501       0  1  0  1  0
502       1  1  1  1  1
503       1  1  1  1  1
504       1  1  1  1  1
505       1  1  1  1  1
506       1  1  1  1  1
507       1  1  1  1  1
508       1  1  1  1  1
509       1  1  1  1  1
510       1  1  1  1  1
511       1  1  1  1  1
512       1  1  0  0  1
513       1  1  1  1  1
514       1  1  1  1  1
515       0  0  1  0  1
516       1  0  0  1  0
517       1  1  1  1  1
518       0  0  1  1  0
519       1  0  0  1  0
520       0  0  1  1  0
521       0  1  1  0  0
522       1  1  1  1  1
523       0  0  1  1  0
524       0  1  1  0  1
525       1  1  1  1  1
526       1  1  1  1  1
527       1  0  0  0  1
528       1  1  1  1  1
529       1  1  1  1  1
530       1  1  0  1  1
531       0  1  1  0  1
532       1  1  1  1  1
533       1  1  1  1  1
534       1  1  1  1  1
535       0  1  1  1  0
536       1  1  1  1  1
537       1  1  1  1  1
538       1  0  0  0  1
539       1  1  1  1  1
540       1  1  1  1  1
541       1  1  1  1  1
542       1  1  1  1  1
543       1  1  1  1  1
544       1  1  1  1  1
545       1  1  1  1  1
546       0  1  1  0  0
547       1  1  0  0  0
548       1  1  1  1  1
549       1  1  1  1  1
550       1  1  1  1  1
551       1  0  1  0  1
552       1  1  0  0  1
553       1  1  1  0  0
554       1  1  1  1  1
555       1  1  1  0  1
556       0  1  1  1  1
557       1  1  1  1  1
558       1  1  1  1  1
559       1  1  1  1  1
560       1  1  1  1  1
561       1  1  1  1  1
562       1  1  0  1  1
563       0  1  0  1  0
564       1  0  1  0  1
565       1  1  1  1  1
566       0  0  1  1  1
567       0  1  1  0  0
568       1  1  1  1  1
569       1  1  1  1  1
570       0  1  0  0  1
571       1  1  1  1  1
572       1  0  1  1  0
573       1  1  1  1  1
574       0  1  0  1  0
575       0  1  0  1  1
576       1  0  0  1  0
577       1  1  1  1  1
578       1  1  1  1  1
579       1  0  1  1  0
580       1  0  0  1  1
581       1  1  1  1  1
582       1  1  1  1  1
583       1  0  1  1  0
584       1  1  1  1  1
585       1  1  0  1  1
586       1  1  1  1  1
587       1  1  1  1  1
588       1  1  1  1  1
589       1  1  1  1  1
590       0  1  0  0  1
591       1  0  0  1  0
592       0  1  0  1  0
593       0  1  0  0  1
594       0  1  1  1  1
595       0  0  1  1  1
596       0  1  1  0  0
597       1  0  0  1  1
598       1  1  1  1  1
599       1  1  1  1  1
600       1  1  1  1  1
601       0  0  1  0  1
602       1  1  1  1  1
603       1  0  0  1  1
604       1  1  0  0  1
605       1  1  1  1  1
606       1  1  1  1  1
607       0  1  0  0  1
608       1  1  1  1  1
609       0  1  0  0  1
610       1  1  1  1  1
611       1  1  0  1  0
612       1  0  1  1  0
613       1  0  1  0  1
614       1  1  0  1  1
615       0  0  1  0  1
616       1  1  1  1  1
617       1  1  1  1  1
618       0  0  1  1  0
619       1  0  1  1  0
620       1  1  1  1  1
621       1  1  1  1  0
622       1  1  1  1  1
623       1  1  1  1  1
624       1  1  1  0  1
625       1  1  1  1  0
626       1  1  1  1  1
627       1  1  1  0  0
628       1  1  1  1  1
629       1  1  1  1  1
630       1  1  1  1  1
631       1  1  1  1  1
632       1  1  1  1  1
633       1  1  1  0  1
634       0  0  1  0  1
635       0  1  1  1  0
636       1  1  1  1  1
637       1  1  1  1  1
638       1  1  1  1  1
639       1  1  1  1  1
640       1  1  0  0  0
641       1  1  1  1  1
642       1  1  1  1  1
643       1  0  0  1  0
644       1  1  1  1  1
645       0  1  0  1  1
646       1  1  0  1  1
647       1  1  1  1  1
648       1  1  1  1  1
649       1  1  1  1  1
650       0  1  1  1  0
651       1  1  1  1  1
652       1  1  1  1  1
653       1  1  1  1  1
654       1  0  0  1  0
655       1  0  1  1  1
656       0  1  0  1  0
657       1  0  0  0  1
658       1  1  1  1  1
659       1  1  1  1  0
660       1  1  1  1  1
661       1  1  1  1  1
662       1  0  0  0  1
663       0  1  1  1  0
664       1  1  1  0  0
665       1  1  1  1  1
666       1  1  1  1  1
667       0  1  1  0  1
668       0  1  1  1  1
669       0  1  0  1  0
670       1  1  1  1  1
671       1  1  1  1  1
672       1  1  1  1  1
673       0  1  0  1  0
674       1  1  1  1  1
675       1  0  0  0  1
676       1  1  1  1  1
677       0  1  0  1  0
678       1  1  1  1  1
679       0  1  1  0  1
680       1  1  1  1  1
681       0  0  0  1  1
682       1  1  0  1  1
683       1  1  1  1  1
684       1  1  1  1  1
685       1  1  0  1  1
686       1  0  1  0  1
687       1  1  1  1  1
688       0  1  0  1  1
689       1  1  1  1  1
690       0  1  1  1  1
691       1  1  1  0  0
692       1  1  1  1  1
693       1  1  1  1  1
694       1  1  1  1  1
695       0  1  0  0  1
696       1  0  1  1  0
697       0  1  1  1  1
698       1  0  1  1  0
699       1  0  1  1  1
700       1  1  1  1  1
701       1  1  1  1  1
702       1  1  1  1  1
703       0  1  0  1  1
704       1  1  1  1  1
705       0  0  1  0  1
706       1  1  0  0  1
707       1  0  1  0  1
708       1  1  1  1  1
709       1  1  0  1  0
710       1  1  1  1  1
711       1  1  1  1  1
712       1  1  1  1  1
713       1  1  1  1  1
714       1  1  1  1  1
715       0  1  1  0  1
716       1  0  1  0  1
717       1  1  1  1  1
718       0  1  0  1  0
719       0  0  1  1  0
720       1  0  1  1  0
721       1  1  1  1  1
722       1  1  1  1  1
723       1  1  0  1  1
724       1  1  1  1  1
725       0  1  0  1  1
726       1  1  1  1  1
727       0  1  0  1  0
728       1  1  1  1  1
729       1  1  1  1  1
730       1  1  1  1  1
731       0  1  1  1  1
732       1  1  1  1  1
733       1  1  1  1  1
734       1  1  1  1  1
735       0  1  1  1  1
736       0  1  0  1  0
737       1  1  0  1  0
738       1  1  1  1  1
739       1  1  1  0  0
740       1  0  0  0  1
741       1  1  1  0  1
742       0  1  0  1  0
743       1  1  1  1  1
744       1  0  0  0  1
745       1  1  1  1  1
746       1  1  0  1  0
747       1  1  1  1  1
748       1  0  1  1  0
749       1  1  1  1  1
750       1  0  1  0  1
751       0  1  1  1  0
752       1  1  1  1  1
753       0  1  1  1  1
754       1  1  1  1  1
755       1  1  1  1  1
756       1  1  0  1  0
757       1  0  0  1  1
758       1  1  1  1  1
759       1  1  1  1  1
760       0  0  0  1  1
761       1  1  1  1  1
762       1  1  1  1  1
763       1  1  0  0  1
764       1  1  0  1  1
765       1  1  1  1  1
766       1  0  0  1  0
767       0  0  1  1  1
768       1  1  1  1  1
769       1  1  1  1  1
770       1  1  0  1  1
771       1  1  1  1  1
772       1  1  0  0  0
773       1  1  1  1  1
774       1  1  1  1  1
775       1  1  1  0  1
776       1  0  0  1  0
777       0  1  1  0  0
778       0  1  1  1  1
779       1  1  1  0  1
780       1  1  1  1  1
781       0  1  0  0  1
782       1  1  1  1  1
783       1  1  1  1  1
784       1  1  0  1  0
785       1  0  1  1  1
786       0  1  1  0  1
787       1  0  1  1  1
788       0  1  0  0  1
789       1  1  1  1  1
790       0  0  1  0  1
791       0  0  0  1  1
792       0  1  1  0  0
793       0  0  1  0  1
794       1  0  0  0  1
795       1  1  1  1  0
796       0  0  1  0  1
797       0  1  1  0  0
798       0  1  1  1  1
799       1  1  1  0  1


0             50        50
1         45.758    40.232
2         49.522    44.962
3         59.238     42.81
4         48.001    54.811
5         52.983    59.997
6         48.635    40.099
7         55.024    57.411
8         54.457    44.773
9         51.739    54.877
10         40.853    55.876
11         45.101    54.379
12         49.404    41.218
13         57.281    46.593
14         59.953    47.257
15         43.707    42.393
16         52.327    47.255
17         48.996    40.207
18         52.263    54.429
19         48.368    59.095
20         54.742    49.587
21         54.607    44.638
22         42.989    52.261
23         46.695    58.827
24         58.757    54.057
25         42.182    59.153
26         40.369    44.519
27          45.73    46.511
28         40.097    46.368
29         57.721    41.318
30         51.022    49.703
31         45.172    48.457
32         55.805    56.598
33          47.47    57.662
34         44.084    40.804
35         54.377    56.115
36         57.402    57.259
37         50.991    40.027
38         40.727    43.991
39         53.462    45.914
40         43.443    53.394


1     46.35    59.737
2      48.9     5.446
3    57.847     15.88
4    42.314    30.217
5    69.564    25.629
6    81.586    38.514
7    46.123    40.162
8    59.459    35.032
9    53.905    58.739
10    82.985    42.476
11    49.541    44.125
12    67.804    25.735
13    47.987     47.75
14    40.189    30.502
15    17.089    57.348
16    43.127    41.017
17    48.792    42.076
18    46.732    36.761
19    62.221    17.758
20    75.749    63.113
21    55.341    47.653
22     48.51     36.51
23    49.972    45.379
24    79.477    64.469
25    56.824    44.704
26    69.892    63.519
27    55.551    27.923
28     37.86    77.406
29    49.532    44.955
30    49.315    44.196
31    69.918    43.812
32    52.819    52.559
33    21.537    31.233
34    32.057    54.646
35    74.464    51.828
36    40.626    45.676
37    61.885    51.356
38    37.431    42.397
39    54.764    50.873
40    64.164    25.781
41    72.114    32.161
42    52.884    49.871
43    82.034    35.325
44    60.853     41.23
45    21.132    32.237
46     84.04    58.857
47    28.325     62.57
48    71.903    51.245
49    86.889    23.465
50     67.09    69.495
51     79.26    67.549
52    58.656    48.142
53     30.23    39.699
54    50.055    54.528
55     59.08    15.375
56    36.859     57.14
57    71.698    51.944
58    66.173    21.698
59    76.054    48.081
60    56.517    35.922
61    62.318    37.774
62    26.492    65.903
63      44.6    63.973
64    41.189    41.639
65    51.528    80.905
66    41.867    81.301
67    76.741    73.314
68    76.538    41.739
69    54.168    75.018
70    54.456    71.715
71    34.618    84.684
72    58.899    67.511
73    19.206    42.459
74    48.368    37.824
75    40.152     55.28
76    66.224    43.308
77    53.227    51.486
78    64.782    22.333
79    46.591    55.487
80    32.446    65.304
81    71.761    73.522
82    50.272    67.309
83    53.836    60.683
84    81.909    72.575
85    48.033    71.535
86    60.488    44.092
87    59.339    53.925
88    48.745    40.713
89    73.381    37.075
90    56.847    42.931
91    27.807    56.729
92    79.956    77.641
93      72.4    77.663
94    35.833    47.673
95    50.881    51.918
96    50.893    61.208
97    52.822    55.854
98    47.442    65.581
99    40.712    77.837
100    39.647    72.476
101    58.462    36.469
102     85.52    43.144
103    74.489    26.902
104    41.424    35.787
105    51.644    46.089
106    51.388    42.358
107    13.219      45.4
108     55.95     41.16
109    75.534    46.912
110    53.546    34.869
111    32.533    56.099
112     43.23    30.449
113    30.601    23.354
114    66.699    43.629
115    26.743    10.638
116    44.191    38.091
117    39.312    43.931
118    34.486    35.576
119    47.484    55.265
120    14.923    33.941
121    32.631    69.168
122    53.813    40.609
123    63.091    59.546
124    47.137    95.099
125    53.058    57.873
126     53.48    18.149
127    88.334    40.023
128    69.627    47.083
129    41.978    80.981
130    61.379    58.985
131    18.552    59.939
132    86.982    79.854
133    27.354    33.205
134     45.21    68.864
135    32.179    74.706
136    75.881    56.564
137    80.457    77.992
138    45.683    70.077
139    67.813    21.764
140    73.217    90.361
141    65.897    64.007
142    63.579    56.215
143    49.461    51.614
144    49.207    77.558
145    51.401    46.128
146    40.361    23.409
147    63.462    41.225
148    83.267    34.643
149    57.039    45.299
150     29.71    74.923
151    82.712    66.438
152     28.43    53.624
153    48.277    30.898
154    33.224    58.016
155    21.639     41.15
156    53.949    46.227
157    50.211    54.953
158    77.399    57.552
159    61.118    52.049
160    56.913    51.172
161    66.905    58.449
162    58.003    21.441
163    35.773    65.837
164    49.848    46.023
165    58.621    41.888
166    76.192    64.748
167    17.176    34.833
168      54.1    15.832
169    34.279    59.947
170    65.564    54.483
171    54.004    44.671
172    44.039    54.018
173    17.313    56.826
174    71.014    51.098
175    50.655     47.26
176    70.588     26.41
177     62.41    32.575
178    77.157    41.375
179    22.567    73.767
180    32.446    38.209
181    23.597    60.188
182    35.645    66.823
183    23.506    61.297
184    54.651    88.527
185    40.113    67.445
186    74.009    41.475
187    44.237    54.202
188    39.385    61.515
189    29.821    52.238
190    57.414    66.893
191    38.037    32.331
192    59.111    85.087
193     43.16    49.346
194    39.533    57.239
195     58.76    49.426
196    47.938    57.158
197    38.884    59.319
198    76.454    63.792
199    35.192    90.819
200    63.506    70.279
201    73.359    36.176
202    30.122    24.538
203    69.525    26.949
204    26.324    59.362
205    35.428    87.647
206    68.861    54.341
207    43.517    58.546
208    57.874    56.552
209     76.32    47.163
210    28.096    38.858
211    43.407    55.618
212    27.718    51.349
213    19.825    28.856
214    79.396    63.421
215    51.268    65.445
216    52.619    57.872
217    61.434    80.578
218    30.657      70.4
219    46.242    55.161
220    32.871    29.964
221    51.772    36.434
222     58.48    49.605
223    56.657    52.698
224    31.428      19.7
225    35.997     17.95
226    46.889    25.405
227    62.414    58.414
228    46.939     3.891
229    46.331    37.094
230      60.3    37.195
231    50.076    42.029
232    50.893    47.031
233    86.194    31.103
234    60.821    77.718
235    89.039    42.215
236    58.172    33.364
237    69.036    61.503
238    65.749    61.154
239    18.534    26.203
240    81.402    24.373
241    61.742    44.905
242    70.675    21.572
243    40.517    40.985
244    79.684    31.839
245    43.222    23.008
246    54.663    53.082
247     55.62    64.226
248    32.142    73.944
249    57.001    58.732
250    53.201    49.841
251    79.959    73.548
252    55.255    45.017
253    82.063    56.735
254    81.254    41.209
255    63.606    36.741
256    41.915    23.101
257    78.859    35.899
258    50.976    46.682
259     39.49    16.243
260    89.544    45.739
261    49.085    69.686
262    40.119    81.476
263    55.931    60.545
264    61.187    67.959
265    60.059    64.568
266    47.287    42.453
267    39.708    56.059
268    53.519    55.202
269     53.72    50.364
270    61.319    25.011
271    45.639    23.723
272    76.674    69.051
273    63.006    22.739
274    52.185    52.449
275    56.194    34.042
276    59.499    61.667
277    35.498    59.541
278    29.268    67.456
279    61.835    42.191
280    60.469    46.254
281    60.555     54.96
282    66.289    55.042
283    65.407    54.952
284    38.556    67.378
285    23.393     71.94
286    39.376    76.399
287    45.784    49.014
288     46.57    39.505
289    54.494    52.904
290    65.692    47.463
291    62.453    24.797
292    11.587    65.357
293    50.929     43.76
294    79.204    48.352
295    44.888    44.516
296    54.947    80.512
297    41.694    33.316
298    32.576     17.06
299    43.815    42.178
300    24.676    21.809
301    77.959    38.748
302    58.123    66.038
303    39.315    27.592
304    47.487    63.846
305    65.936    34.981
306    49.207    63.685
307    52.647    45.351
308    22.757    37.283
309    69.664    64.087
310    51.552      45.8
311    52.393    46.854
312    70.618    62.665
313    55.534    48.616
314    41.628    20.453
315    61.541    47.579
316    62.716    57.256
317    62.984    41.156
318    80.744    32.621
319    38.205    71.847
320    33.553    38.174
321    62.894    27.935
322    25.468     40.19
323    85.644    42.298
324     35.62    54.576
325    27.482    36.709
326    53.807    32.624
327    55.148    61.195
328    41.134    74.521
329    33.802    54.106
330    83.991    40.004
331    33.443    42.091
332    67.906    43.881
333      26.8    21.002
334    80.158    38.343
335    44.869    79.809
336     73.44    61.272
337     39.02    37.298
338    54.341     37.68
339    33.264    46.182
340    25.271    39.194
341    56.398    90.505
342    68.925     56.52
343    33.073    34.956
344    59.449    44.234
345    78.912    63.403
346    76.185    44.795
347    34.987    64.835
348    47.846    32.566
349    54.288    49.584
350    46.549     49.25
351    51.355    48.531
352    66.851    71.816
353    46.144    53.622
354     63.55    89.602
355    76.341    34.843
356    53.149    54.974
357    62.536    60.587
358     45.84    61.854
359    81.717    75.678
360    53.305    50.549
361    65.239    64.036
362      70.5    31.949
363    49.205    60.289
364    33.056    55.418
365    43.638     65.85
366    47.936    82.272
367    46.425    92.568
368    64.823    94.753
369    32.132     84.52
370    44.959    52.425
371    46.045     72.55
372    44.786    58.392
373    30.739    85.511
374    51.629    71.866
375    48.173     50.86
376    57.071    60.072
377     50.63    29.458
378    22.402    33.865
379    41.547    62.198
380    49.254     54.15
381    56.355    72.651
382    54.565    68.955
383    66.686    49.535
384    67.674    40.926
385     51.17    43.279
386    64.623    44.327
387    52.611    49.174
388    55.882    45.259
389    80.665     53.74
390    55.861     48.88
391    44.586    45.922
392    52.213    50.699
393    58.631    56.364
394    61.674    80.857
395    54.875     49.61
396    79.758    22.186
397     61.76     27.42
398    61.014    76.956
399     88.54    34.436
400    49.117    59.313
401    61.592    28.233
402    63.618    29.526
403      20.2    51.434
404    25.176    42.079
405     64.64    30.779
406    61.324    55.097
407    73.031    39.252
408    75.652      31.3
409    51.179    63.792
410    39.573    50.323
411    81.493     41.53
412    52.768    42.726
413    69.548    45.229
414    57.171    38.319
415     24.02    26.929
416    56.408    57.601
417    40.131    68.748
418    58.847    43.048
419    76.394    39.137
420    35.989    59.383
421    59.624    30.331
422    15.282    25.414
423    52.482    83.539
424    49.015    61.512
425    53.189    55.177
426    63.534    30.773
427     14.25    69.896
428    37.998    35.864
429    61.321    87.279
430    56.125    39.749
431    63.781    51.898
432    64.666    67.601
433    35.712    45.399
434    43.007    52.342
435    70.576    35.598
436    45.999    54.378
437    38.925    60.522
438    67.017    43.123
439    41.486    55.333
440     55.56    47.713
441    38.784    53.959
442    52.352    87.351
443    48.373    67.949
444     18.49    86.364
445    26.328     77.22
446    38.132    35.923
447    40.706    51.638
448    46.991    49.573
449    52.524    52.817
450     39.03     85.85
451    63.307    74.308
452    59.999    38.584
453    45.361    59.949
454    39.406    48.578
455    10.217    44.585
456     55.15    23.377
457    25.949    40.364
458    28.084    75.459
459    53.409    85.325
460    76.114    54.761
461    46.902    49.802
462    61.038     87.15
463    27.512    41.355
464    30.389    60.165
465    57.422    51.939
466    40.604    51.009
467     80.21     36.08
468    54.714    50.445
469    82.425    67.076
470     72.92    64.036
471    56.306    48.814
472    54.133    48.791
473    36.205    32.484
474    52.844    47.472
475    73.311    64.549
476     40.52    25.503
477    66.491    46.664
478    54.668    30.658
479    47.298    88.127
480    67.973    24.091
481    27.256     41.98
482    18.695    81.281
483     48.61    95.782
484    45.154     28.33
485    24.679    94.629
486    32.308    53.863
487    39.214    52.598
488    24.241    68.265
489    17.775    63.066
490    30.688    74.682
491    39.901    60.741
492    77.959    68.367
493     5.042    52.211
494     61.12    37.665
495    52.606    59.875
496    43.044     90.95
497     9.161    48.971
498    50.427     63.55
499    36.954    64.079
500    30.367    42.115
501    36.911    34.795
502    53.946    19.305
503     40.58    38.834
504    38.939    76.689
505    41.867    44.428
506    72.764    48.991
507     9.729    31.993
508     41.64    50.117
509    42.133    43.677
510    68.333    43.769
511    39.211    34.217
512    17.281    49.355
513    51.073    34.679
514    40.558    52.518
515    43.564    10.312
516    40.695    42.305
517    27.168    50.904
518    43.395     33.58
519    53.866    65.498
520    18.374    69.945
521    63.221    45.477
522    80.214    55.238
523    52.992    44.463
524    38.847    27.163
525    41.793    25.839
526    22.826    16.574
527     55.91     7.943
528    16.965    23.504
529    52.193    65.157
530    38.992    61.131
531    17.278    51.965
532    42.361    77.458
533    46.234    46.704
534    22.536    47.202
535    73.099    53.653
536    32.329    44.011
537    23.998    53.329
538    65.069    62.074
539    32.747    70.255
540    30.761    44.346
541    12.825    26.123
542    20.149    49.484
543    43.577     45.99
544    28.145    19.445
545    49.161    32.545
546    21.136    51.997
547     13.83    36.009
548    46.208    51.995
549    50.331    26.731
550     38.51    48.563
551    52.169    41.902
552    41.248    48.877
553    46.313    36.974
554    25.849    34.781
555    28.875    58.065
556    25.713    42.589
557    44.694    40.689
558    39.929    44.555
559    32.728    72.695
560    42.963     7.433
561    30.397     36.92
562    58.839     7.574
563    57.756    38.137
564    40.935    39.143
565    75.221    77.165
566    44.825    46.898
567    39.191    72.064
568    67.808    10.402
569    71.082    44.135
570    89.742    24.397
571    36.996    58.862
572     92.22    25.825
573    32.831    27.835
574    79.338    12.245
575    65.977    45.312
576    84.585    33.249
577    58.269    32.631
578     56.32    57.082
579    85.366    25.165
580    40.943    38.918
581    37.247    49.846
582    37.411    65.759
583    15.777    58.487
584    52.187    49.158
585    44.689    58.729
586    30.629    60.671
587     60.76    36.315
588    49.862    38.558
589    62.655    49.021
590    58.207    52.188
591    48.473     88.08
592    58.752     31.77
593    54.472    68.868
594     35.11    44.006
595    38.541    66.674
596    58.675     61.54
597    75.501    40.395
598    43.749    45.143
599    76.863    20.149
600    42.318    15.725
601    32.381    69.856
602    23.495     48.73
603    55.168    58.418
604    44.493    49.777
605    41.958    57.613
606    40.104     53.11
607    33.441    49.012
608    32.235    68.351
609    76.847    26.078
610    38.597    22.447
611    45.404    47.595
612    35.347     47.21
613    45.722    28.356
614    46.896    44.764
615    78.009    31.426
616    44.067    47.939
617    43.423    44.758
618    45.193    50.209
619     70.49    42.619
620    40.161     52.93
621    26.677    55.141
622    57.476    57.032
623    55.665    56.633
624    41.411    55.385
625    53.593    59.538
626     57.22    58.525
627    47.609    83.615
628    58.153    54.386
629    92.119    52.119
630     92.05     68.35
631    49.815    66.333
632    58.694    87.102
633    87.646     72.21
634    80.571    36.591
635    64.188    31.402
636    65.456    27.668
637    67.627    54.938
638    65.637    45.669
639    30.986    28.949
640    69.275    79.528
641    77.434    82.761
642    57.346    84.241
643     47.28     60.29
644    45.149    50.275
645    43.833    30.172
646    24.164    63.953
647    49.154     62.08
648    78.133    45.728
649    21.504    48.774
650    58.886    53.667
651     50.86    47.644
652    68.172    55.525
653    30.408    85.295
654    15.155    58.558
655    55.008    67.952
656    41.869    58.958
657    33.763    85.962
658    50.288    58.341
659    14.489    73.004
660    35.404    48.937
661    42.117    56.138
662    44.846    14.221
663     41.01    42.934
664    54.002    40.503
665    71.459    16.995
666    67.807    25.435
667    24.496    42.306
668    34.203    49.829
669    40.776    36.774
670    52.431    64.892
671    25.794    34.414
672    14.942    47.285
673    45.899    47.753
674     32.44    50.687
675    47.717    62.149
676    42.815    25.704
677    37.308    51.285
678    49.089    37.624
679    40.011    14.942
680    78.087    23.466
681    53.717    77.191
682    57.461    27.498
683    78.096    36.407
684    53.345    56.439
685    68.837    82.548
686     39.42    63.435
687    52.165    44.632
688    70.286    45.968
689    38.512     73.44
690    56.147    57.373
691    55.381    57.827
692    34.862    71.641
693    55.722    53.182
694    30.046      58.8
695    62.367    34.389
696    43.876    41.842
697    53.182    54.716
698    39.117    49.442
699     59.83    35.754
700     21.37    68.592
701    86.997    45.601
702    22.532    71.343
703    64.221    57.664
704     75.83    48.117
705    41.163    89.586
706    52.498    57.272
707    58.469    60.007
708     41.63     80.23
709    37.498    54.559
710    56.475    59.304
711    37.253    80.239
712    38.648    36.522
713    57.236    54.433
714    26.207    66.021
715    66.109    27.637
716     55.59    18.519
717    57.063    60.047
718    70.735     35.22
719    78.528    86.046
720    27.101    72.914
721    50.983    40.077
722    52.135    40.891
723    56.772    39.343
724    51.998    41.079
725    33.452    37.099
726    58.268    28.236
727    55.322    30.642
728     79.62    56.315
729    73.616    11.426
730    30.673    53.742
731    19.991    51.493
732    55.679    61.956
733    68.419    33.233
734    67.819    21.476
735    37.903    27.891
736    13.369    50.373
737      40.8    36.758
738    64.935    26.246
739    78.339    56.538
740    48.654    33.475
741    24.044    57.485
742    32.119     45.16
743    35.702    21.791
744     44.97    39.619
745    69.588    48.134
746    53.561    49.713
747     39.77    21.216
748    34.761    56.048
749    57.865    49.757
750    37.837    40.871
751    29.975    55.295
752    39.797    68.243
753    36.203    34.857
754    50.886    64.146
755     43.78    38.223
756    37.184    41.709
757     25.71    65.391
758    41.463    44.852
759    59.428    44.519
760    15.602    37.199
761    59.072    35.566
762    71.408    29.502
763     53.12    18.029
764    55.079    46.549
765    57.258    54.387
766    46.176    25.803
767    68.595     40.07
768    56.228    24.588
769    80.924    39.927
770    79.822    43.412
771    58.615    30.163
772    68.258    14.423
773    46.886     25.16
774    23.814    23.984
775    30.694    46.777
776    79.924    24.535
777    68.134    65.277
778    55.219    47.677
779      48.9     8.093
780     44.88    48.415
781    34.535    35.243
782    50.485        40
783    42.945    51.471
784    58.993    84.051
785     5.304    61.796
786    31.508     20.39
787      44.3    60.177
788    42.667    53.342
789    16.945     47.64
790    24.661    52.051
791    45.416    83.426
792    37.405    20.573
793    46.894    62.354
794    52.564    69.385
795    40.514    69.399
796    44.808    59.584
797    44.112    44.292
798    36.271    60.212
799    64.503    43.166
800    28.565    39.269
