41 Stops, 200 Students, 40 Max_Walking, 25 Capacity, 5 Days 

0       0  1  1  1  0
1       1  1  1  1  0
2       1  0  1  0  1
3       0  1  1  0  1
4       0  1  1  0  0
5       0  1  1  1  1
6       1  1  1  0  1
7       1  0  0  0  1
8       0  0  1  1  1
9       1  0  0  1  0
10       1  0  0  1  1
11       1  1  1  1  1
12       0  1  0  0  1
13       0  0  1  1  0
14       1  1  0  1  0
15       1  1  1  1  1
16       1  1  0  1  1
17       0  0  1  1  1
18       0  0  0  1  1
19       0  0  1  0  1
20       1  1  1  0  0
21       0  0  0  1  1
22       0  1  0  1  1
23       1  1  1  1  0
24       0  1  0  1  1
25       0  1  0  1  1
26       0  1  0  0  1
27       0  1  0  0  1
28       0  0  0  1  1
29       1  0  1  1  0
30       0  1  0  1  1
31       0  1  0  0  1
32       1  1  1  0  0
33       0  1  0  1  0
34       0  1  1  1  0
35       1  1  0  0  0
36       0  1  1  0  0
37       0  1  1  1  0
38       0  0  1  1  0
39       1  1  1  0  0
40       0  1  0  0  1
41       1  0  0  1  1
42       1  0  1  1  1
43       1  0  1  0  1
44       0  1  0  1  1
45       1  0  0  0  1
46       0  0  1  1  1
47       1  1  0  1  0
48       0  1  0  0  1
49       1  1  0  1  0
50       1  1  1  1  1
51       1  1  0  1  0
52       1  1  1  0  1
53       0  0  0  1  1
54       1  0  1  1  1
55       1  0  0  0  1
56       1  0  1  0  1
57       0  1  0  1  0
58       0  0  1  1  1
59       1  1  0  0  0
60       0  0  0  1  1
61       1  1  0  0  1
62       1  0  1  1  1
63       1  0  0  1  1
64       0  1  0  1  1
65       1  0  1  1  0
66       1  1  0  1  1
67       1  0  1  0  0
68       1  1  1  0  1
69       1  1  0  0  1
70       0  1  0  0  1
71       1  1  0  1  1
72       1  1  0  1  0
73       1  1  0  0  1
74       1  1  0  1  1
75       1  0  1  1  1
76       0  1  1  0  1
77       1  1  1  0  1
78       1  1  1  1  1
79       1  1  0  0  0
80       1  0  1  0  0
81       1  1  0  0  1
82       0  0  1  0  1
83       1  0  0  0  1
84       0  1  1  0  1
85       1  0  0  0  1
86       0  1  0  0  1
87       1  0  1  0  1
88       1  0  1  0  0
89       0  0  0  1  1
90       0  1  0  1  0
91       1  0  1  1  1
92       1  1  1  1  0
93       1  0  1  0  1
94       1  0  0  0  1
95       1  1  1  1  1
96       0  0  1  1  1
97       1  0  0  1  0
98       0  1  1  0  0
99       1  1  1  0  1
100       1  0  1  0  1
101       1  0  1  0  0
102       0  0  1  0  1
103       1  0  1  0  1
104       1  0  1  1  0
105       1  0  0  0  1
106       0  0  1  1  0
107       0  1  0  1  0
108       0  1  1  0  0
109       1  0  0  1  0
110       1  1  1  0  1
111       0  1  0  1  1
112       1  0  1  1  0
113       1  0  0  0  1
114       0  1  0  1  1
115       1  0  0  1  1
116       1  1  1  1  1
117       1  0  1  1  0
118       1  0  0  1  1
119       0  0  1  0  1
120       1  0  1  0  1
121       1  1  0  0  1
122       1  0  1  0  1
123       1  1  0  1  0
124       0  1  1  1  1
125       1  1  1  1  1
126       0  0  0  1  1
127       1  1  1  0  0
128       0  1  0  0  1
129       1  1  0  0  0
130       0  1  0  1  0
131       0  0  1  1  1
132       0  0  1  1  0
133       1  1  0  0  0
134       0  1  1  1  0
135       1  0  1  1  1
136       1  0  0  1  0
137       1  0  0  0  1
138       1  0  0  1  1
139       1  1  1  0  0
140       1  1  1  0  1
141       1  0  1  1  1
142       1  0  0  1  1
143       0  1  1  1  1
144       1  0  1  0  1
145       1  1  1  1  1
146       0  1  1  0  0
147       1  1  1  1  1
148       0  1  1  0  1
149       1  0  0  1  1
150       0  0  0  1  1
151       1  1  1  1  0
152       0  1  0  1  0
153       1  0  0  1  0
154       1  0  0  1  1
155       0  0  0  1  1
156       0  0  1  1  1
157       1  1  1  1  1
158       0  1  1  0  1
159       1  1  1  1  0
160       1  1  0  0  0
161       1  0  0  1  1
162       1  0  0  1  0
163       0  0  1  1  0
164       1  0  0  0  1
165       0  1  0  1  0
166       0  1  1  1  1
167       0  1  1  1  1
168       0  0  1  0  1
169       1  0  1  1  1
170       0  1  0  1  1
171       0  1  1  1  1
172       0  1  0  1  0
173       1  1  0  1  1
174       1  0  1  1  0
175       0  0  1  0  1
176       1  1  1  0  1
177       1  1  0  1  0
178       1  0  1  1  0
179       1  0  0  0  1
180       1  0  1  1  0
181       1  0  0  1  0
182       0  1  1  1  1
183       1  1  1  0  0
184       0  1  1  1  1
185       1  1  0  1  1
186       0  1  1  0  0
187       1  0  0  1  0
188       0  1  0  1  0
189       1  0  0  1  0
190       0  1  1  0  1
191       1  0  0  1  0
192       0  1  0  1  1
193       1  1  1  1  1
194       0  1  0  1  0
195       0  1  1  1  1
196       1  1  1  0  0
197       1  0  0  1  1
198       1  1  1  0  0
199       0  1  1  1  1


0             50        50
1         58.479    57.476
2         44.628    41.131
3         52.146    53.562
4         44.983    41.661
5         52.276    44.994
6         46.925    42.512
7         57.938    50.919
8         41.068    50.344
9         49.467     59.49
10         45.623    47.094
11         58.352    44.207
12         58.496    51.547
13         54.585    48.484
14         51.726    49.519
15         47.719     44.76
16         40.734    59.452
17         49.482    41.968
18         57.948    57.999
19         47.255    48.622
20         41.924     51.02
21         41.023    46.264
22          42.68    50.287
23          54.39    55.893
24         58.507    54.112
25         49.535    58.529
26         56.494    47.278
27         56.197    43.088
28         40.999    46.479
29         56.652    59.962
30         48.845    47.364
31         53.398    57.551
32         43.302    59.014
33         54.156    41.345
34         52.349    58.834
35          52.61    53.463
36         41.613    52.902
37         41.538    46.823
38         56.004    40.727
39         57.882    45.044
40         46.893    43.433


1    53.645    72.677
2    64.618    70.554
3    65.185    43.457
4    53.774    73.977
5    67.912    86.923
6    27.651    40.606
7    44.999    42.996
8    66.024    33.282
9    24.005    62.853
10     43.81    43.443
11    45.545    84.408
12    45.305    53.235
13    38.565    52.821
14    75.452    67.704
15    63.708    66.354
16    68.056    67.751
17    80.553    51.648
18    48.347     25.68
19    27.804    52.515
20    40.738    13.787
21    63.817    72.426
22    54.116    47.019
23    70.825     61.57
24    50.274    40.551
25    57.106    43.206
26    35.956    27.583
27    47.231    38.684
28      33.2    20.042
29    74.307    63.969
30    50.286    21.293
31    61.563     39.74
32      47.3    29.991
33    92.735    46.127
34    26.556    47.893
35    19.875    46.752
36    40.038    44.269
37     2.008    46.058
38    56.128    60.227
39     29.45    65.716
40    16.231    51.506
41    23.233    70.253
42    23.077    71.407
43    36.063    44.539
44    29.691    79.429
45    25.366    75.319
46    49.137    36.651
47    46.348    46.401
48    38.038     7.956
49    19.122    75.457
50    46.498     67.75
51    82.457    32.579
52     50.62    24.238
53    60.415    33.516
54    49.698    31.396
55    51.531    48.882
56    46.578    83.643
57    41.926    49.014
58    24.979    63.361
59     48.04    50.803
60    71.196    47.957
61    52.533    39.827
62     49.36    43.149
63    61.231    34.526
64    68.266    58.346
65    84.392    41.751
66    43.364    62.047
67    55.792    67.989
68    40.454    45.121
69    62.948    57.896
70    37.053    30.199
71    47.675    45.699
72    67.467    42.037
73     39.95    21.631
74     23.23    67.363
75    40.205    39.556
76    40.764    74.221
77    63.384    65.611
78    36.001    65.531
79    38.306    86.034
80    65.496    47.573
81    19.727    28.016
82    32.345    30.049
83    70.139    18.288
84    54.869     43.18
85    83.576    45.511
86    60.875    60.297
87    59.652    62.244
88    54.965     69.12
89    57.916    58.244
90    60.187    56.831
91    37.006    39.469
92    52.158    51.303
93    29.343    77.353
94     54.31    62.781
95    76.028    44.266
96    49.561    76.286
97    22.813    49.941
98    49.424    23.233
99     55.31    38.352
100    20.249    54.146
101    42.129    57.769
102    14.079    39.395
103    64.958    58.178
104    25.625    42.882
105    18.279    63.192
106    53.247    49.907
107    17.624    70.013
108    47.305    49.096
109     29.54    80.719
110    37.714    66.867
111     46.54    47.647
112    25.176    34.127
113    57.721    54.904
114    60.454    58.423
115    34.147    63.815
116    56.073    56.385
117    62.266    46.409
118    57.622    62.373
119     61.01    51.453
120    21.651    50.929
121    48.624    66.999
122    43.282     61.94
123    48.915    66.272
124    50.021    60.233
125    66.647    85.257
126    73.281    46.684
127    68.154    60.554
128    39.862    32.738
129    64.979    81.725
130    72.238    32.228
131    48.546    29.424
132    46.816     24.45
133     59.76    39.636
134    40.251    33.485
135     84.84    58.556
136    16.958    24.276
137    35.891    67.651
138    52.729     45.14
139    50.176    70.224
140    45.414    56.142
141    55.157    62.384
142     33.67    71.634
143      56.5    59.976
144    45.342    54.279
145    72.206    82.581
146    59.219    21.362
147    53.578     52.87
148    17.296    36.201
149     50.37    47.742
150    64.512    51.109
151    56.673     42.92
152    26.897    29.993
153    59.612    95.598
154    64.097    57.423
155    68.236    34.748
156    56.433    49.579
157    47.558    29.697
158    51.543    33.406
159     5.115     48.58
160    69.658    41.853
161    38.058    64.126
162    27.133    40.356
163    25.553    52.203
164    72.691    31.636
165    44.733    21.547
166    40.009    64.477
167     31.56    70.939
168    74.787    52.494
169    54.127    74.808
170    62.377    23.724
171    69.498    86.181
172    63.914    79.059
173    25.513    69.403
174    45.859    63.532
175    75.468    71.558
176    46.768    54.838
177    39.767    66.072
178    53.939    45.346
179    62.436    86.874
180    71.168    48.197
181     25.39    68.014
182    44.239    16.618
183    54.996    49.345
184    39.171    46.937
185    34.698    57.006
186    57.108    44.996
187    62.879    67.929
188     39.79    47.737
189    72.781    41.956
190    22.309    57.347
191    55.629     55.13
192    60.844     40.29
193    31.765     41.37
194    20.142    37.703
195    77.784    48.472
196    46.724    34.868
197    74.115    18.218
198    80.866    25.743
199    51.959    78.557
200    16.766    32.221
