41 Stops, 800 Students, 40 Max_Walking, 25 Capacity, 5 Days 

0       0  1  0  1  0
1       1  1  1  1  1
2       0  1  0  1  0
3       1  1  1  1  1
4       1  1  1  1  1
5       1  1  1  1  1
6       0  0  1  1  1
7       1  1  1  1  1
8       0  0  0  1  1
9       1  1  1  0  0
10       0  1  1  0  1
11       1  1  1  1  1
12       1  1  1  1  1
13       1  1  1  1  1
14       0  0  1  1  1
15       0  1  1  0  0
16       1  0  0  0  1
17       0  1  1  0  0
18       1  1  1  1  1
19       1  1  1  1  1
20       1  1  1  1  1
21       1  1  1  1  1
22       0  1  1  0  1
23       1  1  0  0  1
24       1  1  0  0  1
25       1  1  0  0  1
26       0  1  0  1  1
27       1  1  1  1  0
28       1  1  1  1  1
29       1  1  1  1  1
30       1  1  0  1  1
31       1  1  1  1  1
32       1  1  1  1  1
33       0  0  0  1  1
34       1  1  1  1  1
35       1  1  1  1  1
36       0  1  1  0  1
37       1  1  1  1  1
38       1  1  0  1  1
39       0  1  1  1  1
40       1  1  1  1  1
41       1  1  1  1  1
42       1  1  1  1  1
43       1  1  1  1  1
44       0  1  1  1  0
45       1  1  1  1  1
46       1  1  1  1  1
47       1  0  0  1  0
48       1  1  1  1  1
49       1  1  1  1  1
50       0  1  0  1  0
51       1  1  1  1  1
52       1  1  0  0  0
53       1  1  1  1  1
54       0  1  1  0  1
55       1  1  1  1  1
56       1  1  1  1  1
57       1  1  1  1  1
58       1  0  1  0  1
59       1  1  1  1  1
60       1  0  1  1  0
61       1  1  1  1  1
62       0  0  1  1  1
63       1  1  1  1  1
64       1  1  1  0  0
65       0  0  0  1  1
66       0  1  0  0  1
67       1  1  1  1  1
68       1  1  1  1  1
69       1  1  0  0  0
70       1  1  1  1  1
71       1  1  1  1  1
72       1  0  0  1  1
73       1  1  1  1  1
74       1  0  1  0  1
75       1  1  1  1  1
76       1  1  1  1  1
77       1  0  1  0  1
78       1  1  1  1  1
79       0  1  1  1  0
80       1  1  1  1  1
81       1  1  0  0  0
82       1  1  0  0  1
83       1  1  0  1  1
84       1  1  0  1  0
85       1  1  1  1  1
86       0  1  1  1  1
87       1  0  1  1  0
88       1  1  1  1  1
89       0  1  0  1  0
90       1  1  1  1  1
91       1  1  1  1  1
92       1  1  1  1  0
93       1  1  0  1  1
94       1  1  1  1  1
95       1  0  0  1  1
96       1  1  0  0  1
97       1  1  1  1  1
98       1  1  1  1  1
99       1  1  1  1  1
100       1  1  1  1  1
101       1  1  0  0  0
102       1  1  1  1  1
103       1  1  1  1  1
104       1  1  1  1  1
105       1  1  1  1  1
106       1  1  0  0  1
107       1  1  0  1  0
108       1  1  1  0  1
109       1  0  1  1  1
110       0  1  0  0  1
111       1  1  1  1  1
112       1  1  1  1  1
113       0  1  0  0  1
114       1  1  1  1  1
115       1  1  1  1  1
116       0  1  1  0  0
117       1  1  1  0  1
118       1  0  1  0  1
119       1  1  1  1  1
120       1  1  1  0  1
121       1  0  1  1  1
122       1  1  0  1  1
123       0  1  1  0  0
124       1  1  1  1  1
125       1  0  1  0  0
126       1  0  1  0  0
127       0  0  0  1  1
128       1  0  1  1  1
129       1  1  1  1  1
130       1  0  1  0  0
131       0  1  0  0  1
132       1  1  1  1  1
133       1  1  1  1  1
134       1  1  1  1  1
135       1  1  0  0  1
136       1  1  1  1  1
137       0  0  1  1  0
138       1  1  1  1  1
139       1  1  1  1  1
140       0  1  0  0  1
141       1  0  0  1  0
142       1  0  1  0  0
143       1  0  1  1  0
144       1  1  1  1  1
145       1  1  1  1  1
146       1  1  1  1  1
147       1  0  0  1  1
148       1  1  1  1  1
149       0  1  0  1  0
150       1  1  1  0  1
151       1  1  1  1  1
152       1  1  1  1  1
153       1  1  1  1  1
154       1  1  1  1  1
155       0  1  1  0  1
156       1  1  0  1  0
157       1  1  1  1  1
158       1  1  1  1  1
159       1  1  1  1  1
160       1  1  1  1  1
161       1  0  1  0  0
162       1  1  1  1  1
163       0  0  1  1  1
164       0  0  0  1  1
165       1  0  1  1  0
166       1  1  1  1  1
167       1  1  1  1  1
168       1  1  0  0  1
169       1  1  1  1  1
170       1  1  1  1  1
171       1  1  1  1  1
172       1  1  0  1  0
173       1  1  0  1  1
174       1  0  1  0  1
175       1  0  1  1  0
176       1  0  1  0  0
177       0  1  1  1  0
178       1  1  0  1  1
179       1  1  1  1  1
180       0  1  1  1  0
181       1  1  1  1  1
182       0  1  1  1  0
183       1  0  1  0  0
184       1  1  0  0  1
185       1  1  1  1  1
186       1  0  0  1  0
187       1  1  1  1  1
188       1  1  1  1  1
189       1  1  1  1  1
190       1  1  1  1  1
191       1  1  1  1  1
192       1  1  0  1  1
193       1  1  1  0  0
194       1  0  0  0  1
195       0  1  1  1  1
196       1  1  1  1  1
197       1  0  1  1  0
198       1  1  1  1  1
199       1  1  1  1  1
200       0  1  1  1  0
201       1  1  1  1  1
202       1  1  1  1  1
203       1  0  1  0  1
204       1  0  1  1  1
205       1  1  1  1  1
206       1  1  0  0  0
207       1  1  1  1  1
208       0  1  1  0  1
209       0  1  1  1  0
210       1  0  0  1  0
211       1  1  1  1  1
212       1  1  1  1  1
213       0  1  1  0  1
214       0  0  1  1  1
215       1  1  0  1  1
216       1  0  1  0  0
217       1  1  1  1  1
218       0  1  0  1  0
219       0  1  1  0  1
220       1  1  1  1  1
221       1  1  1  1  1
222       0  1  0  1  1
223       1  1  1  0  1
224       1  1  1  1  1
225       1  1  1  1  1
226       1  1  1  1  1
227       0  1  0  1  1
228       1  1  1  1  1
229       1  1  1  1  0
230       0  1  1  1  1
231       1  1  1  1  1
232       1  1  1  1  1
233       1  1  1  1  1
234       1  1  1  1  1
235       0  1  0  0  1
236       1  1  1  1  1
237       0  1  0  1  1
238       0  1  1  1  0
239       1  1  1  1  1
240       0  0  1  1  0
241       1  1  1  1  1
242       1  1  1  1  1
243       1  1  0  0  1
244       1  1  1  1  1
245       1  1  1  1  1
246       1  0  0  1  1
247       1  0  1  0  0
248       1  1  1  1  1
249       1  1  1  1  1
250       1  1  1  1  1
251       1  1  0  1  1
252       1  1  1  1  1
253       0  0  1  1  1
254       1  1  1  1  1
255       0  1  0  1  0
256       1  0  0  1  0
257       1  1  1  1  1
258       0  1  1  1  1
259       0  1  1  1  0
260       1  1  1  1  1
261       1  1  1  1  1
262       1  1  1  1  0
263       1  1  1  1  1
264       0  0  1  1  1
265       1  1  1  1  1
266       1  1  1  1  0
267       1  1  1  1  1
268       1  1  1  1  1
269       1  1  1  1  1
270       1  0  1  0  1
271       0  0  0  1  1
272       1  1  1  1  1
273       1  1  1  1  1
274       0  0  0  1  1
275       1  1  1  1  1
276       1  1  1  1  1
277       1  0  0  0  1
278       1  1  1  1  1
279       1  1  1  0  0
280       1  0  1  1  0
281       1  1  1  1  1
282       1  0  1  0  1
283       1  1  1  1  1
284       0  1  0  1  0
285       1  1  1  1  1
286       0  1  1  1  1
287       1  0  0  1  1
288       0  1  0  1  1
289       1  1  1  1  1
290       0  1  1  0  1
291       1  1  1  1  1
292       1  0  0  0  1
293       1  1  1  1  1
294       0  1  1  1  0
295       1  1  1  1  1
296       1  1  1  1  1
297       1  1  1  1  1
298       0  1  0  1  1
299       0  0  1  0  1
300       1  1  1  1  1
301       1  1  1  1  1
302       0  0  1  1  0
303       1  1  1  0  0
304       1  1  1  1  1
305       0  1  0  0  1
306       1  1  1  1  1
307       0  0  1  1  0
308       1  0  1  1  1
309       1  1  1  1  1
310       1  1  1  1  1
311       1  1  1  1  1
312       1  0  1  1  0
313       1  1  0  1  1
314       1  1  1  1  1
315       1  1  1  1  1
316       1  1  1  1  1
317       1  1  1  1  1
318       1  1  1  1  1
319       1  1  1  1  1
320       1  1  1  1  1
321       1  1  0  0  0
322       1  1  1  1  1
323       1  1  1  1  1
324       1  1  1  1  1
325       0  0  0  1  1
326       1  0  0  1  0
327       1  1  1  1  0
328       1  1  1  1  1
329       1  1  1  1  1
330       0  0  0  1  1
331       1  1  1  1  1
332       1  1  1  1  1
333       1  1  1  1  1
334       0  0  1  1  0
335       1  1  0  0  0
336       1  1  1  1  1
337       1  1  1  1  1
338       1  1  1  1  1
339       1  1  1  1  1
340       1  1  1  1  1
341       1  1  1  1  1
342       1  1  1  1  1
343       1  1  1  1  1
344       0  0  1  1  0
345       0  0  1  1  1
346       1  1  1  1  1
347       1  0  1  0  0
348       0  1  1  1  1
349       1  0  0  1  1
350       1  0  1  0  0
351       0  0  1  0  1
352       0  1  0  1  1
353       1  1  1  1  1
354       1  1  1  1  1
355       1  1  1  1  1
356       1  1  0  0  1
357       1  1  1  1  1
358       1  1  1  1  1
359       1  1  1  1  1
360       1  0  0  1  0
361       0  0  1  0  1
362       0  1  0  0  1
363       1  0  0  0  1
364       1  0  0  0  1
365       1  1  1  1  1
366       1  1  1  1  0
367       1  1  0  1  1
368       1  1  1  1  1
369       0  1  0  1  1
370       1  1  1  1  1
371       1  1  1  1  1
372       1  1  1  1  1
373       1  0  0  1  1
374       0  1  1  1  1
375       1  1  0  0  0
376       1  1  1  1  1
377       1  1  1  1  1
378       0  1  1  1  1
379       1  1  1  1  1
380       0  1  1  1  1
381       1  0  1  0  0
382       0  1  1  0  0
383       1  1  1  1  1
384       1  0  0  0  1
385       0  1  0  1  0
386       1  0  0  0  1
387       1  1  1  1  1
388       1  1  0  0  1
389       1  1  1  1  1
390       1  1  1  1  1
391       1  1  1  1  1
392       1  1  1  1  1
393       1  1  1  1  1
394       0  1  1  1  1
395       0  0  1  0  1
396       1  1  1  1  1
397       1  1  0  0  1
398       1  0  1  1  1
399       0  1  1  1  0
400       0  1  1  0  1
401       1  1  1  1  1
402       1  1  1  1  1
403       0  1  0  0  1
404       1  1  1  1  1
405       1  1  1  1  1
406       1  1  1  0  0
407       0  1  1  1  0
408       0  0  0  1  1
409       1  1  0  1  0
410       1  0  1  1  1
411       1  1  1  1  1
412       1  0  0  1  0
413       0  0  1  1  0
414       1  0  1  1  0
415       0  1  0  1  0
416       1  0  1  1  0
417       0  1  0  0  1
418       1  1  0  0  1
419       1  1  1  1  1
420       0  1  1  1  1
421       0  0  1  1  1
422       0  1  0  1  1
423       1  1  1  1  1
424       0  1  0  1  0
425       1  1  0  1  1
426       0  1  1  0  1
427       0  1  0  1  1
428       1  1  1  1  0
429       1  1  1  0  1
430       0  0  1  0  1
431       1  0  0  0  1
432       0  1  1  1  1
433       0  0  1  1  0
434       1  1  1  0  0
435       1  1  1  1  1
436       0  0  1  1  1
437       0  0  0  1  1
438       1  0  0  1  1
439       0  0  0  1  1
440       0  1  0  0  1
441       1  1  1  0  1
442       0  1  1  0  1
443       1  0  0  1  1
444       1  1  1  0  1
445       0  1  1  1  1
446       1  0  1  0  0
447       0  1  1  0  0
448       1  0  1  1  1
449       0  0  0  1  1
450       0  1  0  1  1
451       0  1  1  0  0
452       1  1  1  1  1
453       1  0  1  0  1
454       1  1  1  0  0
455       0  1  0  1  0
456       1  1  1  1  1
457       1  1  1  0  0
458       1  1  0  1  1
459       1  1  0  1  0
460       1  1  1  0  0
461       1  1  1  0  0
462       1  0  0  1  1
463       1  0  1  0  0
464       0  0  0  1  1
465       1  0  0  1  0
466       1  1  0  0  0
467       1  1  0  0  1
468       1  0  1  1  1
469       1  0  0  1  0
470       1  1  0  1  0
471       1  0  1  0  0
472       1  0  1  0  0
473       0  1  1  1  1
474       1  1  1  1  1
475       1  1  1  0  1
476       0  0  1  1  1
477       1  0  1  0  1
478       0  1  0  0  1
479       0  1  0  1  1
480       1  0  0  0  1
481       0  1  1  1  1
482       1  1  1  0  1
483       0  0  1  1  1
484       1  0  0  0  1
485       0  1  1  0  0
486       1  0  1  0  1
487       0  1  1  0  1
488       1  1  0  1  1
489       0  1  1  0  0
490       0  1  0  0  1
491       1  1  1  1  0
492       0  0  1  1  0
493       1  0  0  1  0
494       1  1  1  0  0
495       1  1  0  0  0
496       0  1  0  1  0
497       0  1  1  1  1
498       1  0  1  1  1
499       0  1  0  0  1
500       0  0  1  1  1
501       1  0  1  1  1
502       0  0  1  1  1
503       0  1  0  1  0
504       1  1  1  0  0
505       0  0  1  0  1
506       0  1  1  0  0
507       1  0  1  1  1
508       1  1  0  0  1
509       0  1  0  1  1
510       0  1  1  0  0
511       1  0  1  1  0
512       0  0  1  1  1
513       1  0  1  1  0
514       1  1  1  0  1
515       1  1  1  1  1
516       0  1  1  0  0
517       1  0  1  0  1
518       0  1  1  1  1
519       0  1  1  1  1
520       1  0  1  0  0
521       0  1  1  1  0
522       1  0  1  1  0
523       1  0  0  1  0
524       1  1  1  0  1
525       0  1  1  0  0
526       1  0  0  1  1
527       1  0  1  0  0
528       0  0  1  1  1
529       1  0  0  1  0
530       1  1  0  1  1
531       1  1  0  1  1
532       1  1  0  1  0
533       1  1  1  0  0
534       1  0  0  1  1
535       0  1  1  1  1
536       0  0  1  1  0
537       1  1  0  0  0
538       0  0  1  0  1
539       0  1  1  1  0
540       1  0  1  1  0
541       0  1  1  1  0
542       0  0  0  1  1
543       0  0  1  0  1
544       1  1  1  0  0
545       1  0  1  1  1
546       1  0  1  1  0
547       0  1  1  1  1
548       1  1  0  1  1
549       0  0  1  1  1
550       1  0  0  1  1
551       1  1  1  0  0
552       0  0  1  0  1
553       1  0  0  1  1
554       1  1  1  0  1
555       1  1  1  0  1
556       1  1  0  0  0
557       0  0  1  0  1
558       1  0  0  0  1
559       1  1  0  1  0
560       1  0  1  1  0
561       0  1  0  1  1
562       0  1  1  1  0
563       0  1  0  1  0
564       0  1  0  0  1
565       0  1  0  1  0
566       0  1  1  0  1
567       1  1  1  0  1
568       1  1  0  0  1
569       0  1  0  1  1
570       0  0  1  1  0
571       1  1  0  0  1
572       1  1  0  1  1
573       1  0  1  0  0
574       1  1  1  1  1
575       0  1  0  1  1
576       1  0  1  0  1
577       0  1  0  1  0
578       1  0  1  0  0
579       1  1  1  0  0
580       0  1  1  0  0
581       1  1  1  1  0
582       0  1  1  0  0
583       1  0  1  0  0
584       1  0  0  1  0
585       1  1  0  0  0
586       1  0  1  1  1
587       0  1  1  0  0
588       1  0  0  1  0
589       0  1  0  0  1
590       0  1  1  0  1
591       1  1  0  1  1
592       0  1  0  1  1
593       0  1  0  0  1
594       1  1  0  1  0
595       1  1  1  0  0
596       1  0  1  1  1
597       1  0  0  0  1
598       0  1  1  1  1
599       0  0  1  0  1
600       0  0  1  1  1
601       0  1  1  1  0
602       0  1  1  0  1
603       1  1  1  1  0
604       0  1  1  1  1
605       1  0  0  1  0
606       0  0  0  1  1
607       1  1  0  1  0
608       1  1  1  0  0
609       0  1  1  0  1
610       1  0  1  0  0
611       0  1  1  0  0
612       0  0  1  1  1
613       1  1  1  1  0
614       0  0  0  1  1
615       0  1  0  0  1
616       0  1  1  1  0
617       0  1  1  0  1
618       1  0  0  1  1
619       0  1  1  0  0
620       1  1  0  0  0
621       1  0  0  0  1
622       1  0  1  0  0
623       0  0  1  0  1
624       1  0  1  1  0
625       0  1  0  1  1
626       1  0  1  0  0
627       1  0  1  1  0
628       0  0  1  1  0
629       0  0  1  0  1
630       0  0  1  0  1
631       0  1  1  0  1
632       0  1  0  1  1
633       1  0  1  1  0
634       1  1  0  0  1
635       1  1  0  0  1
636       0  0  1  1  1
637       0  1  1  0  1
638       0  0  0  1  1
639       1  1  1  1  1
640       0  1  0  1  1
641       0  1  1  0  1
642       0  0  1  1  1
643       0  1  1  1  1
644       0  0  1  0  1
645       1  1  0  1  1
646       1  0  0  0  1
647       1  1  0  0  1
648       1  1  0  1  1
649       0  1  1  0  1
650       0  1  1  1  0
651       1  0  1  1  1
652       0  0  1  1  0
653       1  1  1  1  0
654       1  0  0  1  0
655       1  0  0  1  1
656       0  1  0  1  0
657       0  0  0  1  1
658       1  0  0  1  0
659       1  0  1  0  0
660       1  1  1  1  1
661       1  0  0  1  0
662       1  0  0  0  1
663       1  1  1  0  1
664       1  0  1  0  0
665       1  1  1  0  0
666       0  0  1  1  0
667       0  0  1  1  0
668       0  1  1  0  0
669       0  0  1  1  1
670       1  0  0  1  0
671       0  0  1  0  1
672       1  0  0  1  1
673       1  0  0  0  1
674       1  0  0  1  0
675       0  1  1  0  1
676       1  0  1  0  1
677       0  1  1  1  0
678       1  0  1  0  1
679       1  0  1  0  1
680       1  0  0  0  1
681       0  1  1  1  1
682       1  1  0  0  1
683       1  1  1  0  1
684       1  0  1  1  1
685       0  1  1  1  1
686       1  0  0  1  1
687       0  1  1  1  1
688       1  1  1  0  0
689       0  1  0  0  1
690       0  0  0  1  1
691       1  1  0  0  0
692       1  0  0  1  0
693       1  1  1  0  1
694       0  1  0  0  1
695       0  1  0  0  1
696       1  0  0  0  1
697       0  1  1  1  0
698       1  1  0  0  1
699       0  1  1  1  0
700       1  1  0  1  1
701       0  0  1  0  1
702       0  1  1  0  1
703       0  0  1  0  1
704       1  1  0  0  1
705       0  1  1  1  1
706       1  1  0  1  0
707       1  0  1  1  1
708       1  1  0  0  1
709       1  0  0  0  1
710       1  0  0  1  1
711       1  1  1  1  0
712       1  0  0  0  1
713       0  1  1  1  1
714       1  0  1  0  0
715       1  0  1  1  1
716       1  0  1  1  0
717       1  1  0  0  0
718       1  1  0  0  1
719       0  1  0  1  1
720       0  0  0  1  1
721       0  1  0  0  1
722       0  1  1  1  0
723       1  0  1  0  1
724       1  1  0  1  1
725       0  1  1  1  1
726       1  0  1  1  1
727       1  1  0  0  1
728       1  0  1  0  1
729       0  1  1  1  1
730       0  1  0  0  1
731       0  1  1  1  1
732       1  1  0  1  1
733       1  0  0  1  1
734       1  1  1  1  1
735       0  1  0  0  1
736       1  1  0  0  0
737       1  0  1  0  0
738       0  1  0  1  1
739       1  1  1  1  1
740       0  0  1  1  0
741       1  0  1  1  0
742       0  1  1  0  1
743       1  0  1  1  1
744       0  1  1  0  1
745       1  1  0  0  0
746       1  1  0  1  1
747       1  1  0  0  1
748       0  1  1  1  1
749       1  1  0  1  0
750       0  0  1  1  1
751       1  1  0  1  0
752       1  1  1  0  0
753       1  1  1  1  0
754       0  1  1  0  1
755       1  1  1  1  0
756       0  1  1  1  0
757       1  1  0  0  0
758       1  0  1  0  0
759       0  0  1  1  1
760       1  0  1  0  1
761       1  1  1  0  0
762       0  0  1  0  1
763       1  1  1  1  1
764       1  0  1  1  0
765       1  1  0  1  1
766       1  1  1  1  0
767       0  0  1  0  1
768       1  1  1  0  1
769       0  0  0  1  1
770       1  1  0  1  1
771       1  0  0  1  0
772       1  1  1  0  1
773       1  1  0  0  1
774       0  0  1  1  0
775       0  0  0  1  1
776       1  0  1  1  1
777       0  1  1  1  0
778       0  1  1  0  1
779       1  1  0  1  1
780       1  1  1  0  0
781       0  0  0  1  1
782       1  0  1  1  1
783       1  1  1  0  1
784       1  1  1  0  0
785       0  1  1  1  1
786       0  0  1  1  1
787       0  1  1  1  0
788       0  0  0  1  1
789       1  0  1  1  1
790       0  1  0  1  1
791       1  1  0  1  0
792       1  0  1  1  1
793       1  0  0  0  1
794       0  1  0  1  1
795       0  0  0  1  1
796       1  1  0  0  0
797       1  1  0  0  0
798       1  0  0  1  0
799       0  0  1  1  1


0             50        50
1         53.448    52.842
2         41.771    58.311
3         49.421    56.301
4         59.695     43.96
5         49.436    47.495
6         49.829    57.418
7         48.257    40.383
8         52.313    46.225
9         52.935    48.893
10         56.278    53.038
11         40.003    48.209
12         41.615    46.397
13         52.852    58.551
14         56.418    46.695
15         46.604    51.834
16         40.939    48.028
17         47.783    50.306
18          54.72    49.523
19         54.549    48.643
20         54.007    59.015
21         59.837    49.267
22         55.163    52.779
23         46.914    48.991
24         50.607    55.482
25         52.476    55.837
26         51.537    50.527
27         44.969    43.369
28         45.448    50.652
29         56.991     47.79
30          40.59    52.733
31         56.447    45.142
32         57.763    57.368
33         59.788    55.803
34         57.665    54.052
35         46.161     46.75
36         48.442    55.436
37         40.057    48.055
38         59.941    47.154
39         58.167    49.666
40         46.894    50.778


1     66.77    54.707
2    69.062    26.255
3    46.291    54.051
4    41.554    62.009
5    47.393    52.021
6    53.401    52.957
7    72.835    70.431
8     51.79     54.69
9    51.252    13.327
10    78.348    33.566
11    44.091    76.189
12    79.116    36.066
13    64.038    55.821
14    52.153    58.273
15    61.282    50.353
16    77.669    57.138
17    76.361    83.858
18    40.236    76.753
19    57.221    41.684
20    57.984    50.321
21    54.103    85.125
22    46.412    70.719
23    52.956    87.348
24    29.326     60.23
25    66.311    51.881
26    45.273    83.367
27    20.285    80.559
28    38.034    56.841
29    39.679    59.029
30     4.124    69.565
31    28.267    81.506
32    22.603    65.604
33     73.03    57.716
34    40.464    60.238
35    42.214    35.144
36    15.012    59.655
37    37.054    29.894
38    16.689    54.254
39    12.078    70.235
40     44.43    44.579
41    21.818    57.093
42    53.434    58.647
43    64.186    80.051
44    69.259     27.24
45    39.539     31.72
46    60.016    53.034
47    26.248    61.686
48    31.767    47.207
49     77.88    77.489
50    14.846     47.62
51    80.088    59.855
52    32.062     24.16
53    79.179    38.505
54    50.955    54.979
55    58.111     93.15
56     48.04    55.274
57      40.4    70.188
58    28.797    61.455
59    54.354    54.973
60    50.361    60.038
61    68.655    35.224
62    44.529    37.778
63    69.683    47.614
64    79.811    73.376
65    46.408    67.541
66    74.899    38.538
67     62.17    12.851
68    58.553    50.081
69    39.743    47.935
70    60.547    10.663
71    21.183    36.676
72    63.609    33.516
73    59.956        45
74    59.294    42.889
75    76.446    27.921
76    76.358    44.409
77     54.35    34.429
78    70.487    38.223
79    62.807    47.766
80    66.724    74.884
81    49.365    46.434
82    55.987    77.075
83    33.775    46.993
84     33.32    43.811
85    73.383     73.52
86    76.614    39.636
87    40.262    24.631
88    75.025    35.458
89    63.353    78.406
90    21.606    20.704
91     80.68    67.624
92    57.192    40.797
93     41.48    75.738
94    78.328     67.33
95    63.607    34.527
96     39.31    12.769
97    76.967    41.631
98    34.788    59.285
99    51.313     41.64
100    70.982    67.799
101    49.191    72.363
102    48.929    78.016
103    46.474    91.389
104    61.601    55.957
105    58.572    25.039
106    50.302    41.462
107    53.008    62.165
108    31.067    37.931
109    49.474    47.583
110    55.975    58.658
111    44.749    58.055
112    43.576    37.506
113    30.245    64.027
114    45.519    28.538
115    41.553     76.35
116    55.502    43.224
117    14.958    47.585
118    48.442     41.31
119    67.819    90.652
120    63.539    51.888
121    27.207    41.787
122    64.498    12.264
123    50.196      3.24
124    57.217    30.241
125    48.971     38.75
126    51.681    43.333
127    68.873    56.231
128     65.73    38.317
129    82.619    53.452
130    25.805    38.976
131     40.39    41.047
132    60.443    23.742
133    66.299      5.88
134    34.577    24.922
135    80.688    59.968
136      46.3     13.76
137    58.768    62.978
138    59.951    18.225
139     55.03    35.399
140    60.451    74.265
141    29.437    54.643
142    46.573     37.97
143    65.826    45.091
144    24.634    48.979
145    43.677    71.639
146    77.413    46.224
147     38.74    15.668
148    37.754     22.62
149    60.284    31.273
150    36.082     33.86
151    57.006    12.169
152    47.833    46.327
153     63.26     12.88
154    24.201    46.535
155    49.525    57.221
156    36.039     62.76
157    53.105    46.229
158     28.12    53.487
159    47.696    49.915
160    37.446    41.815
161    56.574     19.63
162    76.132    72.617
163    71.442     37.45
164    61.417    75.183
165    16.207    49.892
166    25.524    35.242
167    38.522    35.273
168    47.923    50.488
169     24.44    46.759
170    80.567    67.158
171    79.819    25.253
172    50.449    74.091
173    58.495    15.094
174     33.94    65.394
175    30.268    48.933
176    21.558    33.607
177    78.706    20.213
178    27.817    32.031
179    72.586    33.585
180    50.013     53.07
181    58.873     17.11
182    85.559    66.189
183    57.325    49.003
184    48.831    38.392
185    40.677    61.321
186    77.614    54.766
187    42.646     52.88
188    93.196     59.45
189    63.788    88.304
190    77.903    53.198
191     30.44    48.883
192    28.124      63.4
193    59.148    53.307
194    54.397    50.147
195    78.912    52.802
196    21.804     53.28
197      84.3    73.198
198    56.276    55.276
199    88.004    71.365
200    78.916    76.513
201    66.961    20.624
202    21.998    62.087
203    70.136     49.61
204    42.126      54.6
205    61.166    77.464
206    47.811    35.232
207    58.629    54.772
208    15.969    69.587
209     39.95    48.342
210    62.663    76.833
211    64.828    50.114
212    11.482    60.632
213    18.094    34.703
214    50.293    41.386
215    43.243    44.013
216    59.476    69.988
217    38.152    48.558
218    46.459    35.835
219    52.079    41.848
220    40.271    48.172
221    40.725    23.693
222    13.418    35.288
223    37.159     52.27
224    51.886    34.037
225    58.975    24.029
226    10.839    48.874
227    42.988    46.242
228     5.473    46.317
229    28.139     75.82
230     50.74    42.926
231    69.101    50.497
232    56.082    26.538
233    42.025    47.464
234    34.133    22.199
235    33.348    33.027
236     15.71    66.398
237     20.82    43.965
238    32.818    27.654
239    16.953    54.771
240    30.248    26.339
241    53.185    56.974
242    50.123    65.159
243    29.611    61.734
244    34.309    58.978
245    40.688    51.953
246    25.879    58.329
247    79.378    57.071
248    39.403    39.339
249    41.245    20.507
250    32.366    37.208
251    65.843    79.868
252    60.844    31.493
253     83.84    33.493
254    54.171    66.915
255    22.371    58.391
256    41.986    54.731
257    64.256    63.802
258    41.242    20.602
259    52.899    59.608
260    50.364    63.002
261    73.578    57.828
262     38.64    53.299
263    43.161    70.872
264    78.793    29.429
265     82.29    40.268
266    33.962    61.847
267      48.6    35.683
268    37.177    53.094
269    40.055    77.888
270    60.431    38.939
271     66.01    41.853
272    69.419    50.078
273    48.924     8.244
274    75.509    73.426
275      63.4    37.421
276    57.335     46.72
277    60.304    59.752
278     56.05    45.932
279    57.436    57.386
280    53.692    13.111
281    32.126    52.902
282    24.859    54.285
283    10.547    58.326
284    22.299    75.197
285    47.476    52.177
286    34.849    69.457
287    37.124    86.819
288    78.838    36.554
289    57.085    76.882
290     49.55    46.833
291    73.075    59.557
292    59.068    57.835
293    27.167    47.826
294     9.951    46.637
295    64.001    51.002
296    50.665    32.007
297    13.576    59.526
298    42.179    45.864
299    46.077    51.615
300    29.346    63.858
301    45.505    48.685
302      35.7    49.725
303    48.953    56.548
304    79.025    57.905
305    22.437    62.115
306    19.738    45.068
307     11.41    73.003
308    47.071    31.117
309     12.08     56.66
310    40.694    47.627
311    47.188    54.878
312    62.562    59.197
313    20.918    70.123
314     9.702    40.761
315    44.423     55.12
316    48.918    59.871
317    47.022    54.616
318    35.022    52.199
319     20.11    67.093
320     8.202    67.507
321    32.475    37.278
322    20.592    29.787
323    31.982    66.272
324    10.773    48.513
325    43.944    49.557
326    22.218    74.328
327    43.006    43.662
328    74.983    44.057
329    46.002    43.801
330     52.96    19.277
331    18.432    36.663
332    18.488    62.372
333    38.509    44.552
334    77.145    52.758
335     32.33    39.073
336    43.578    73.749
337      28.4    77.312
338    14.891    36.458
339    27.121    81.188
340    67.997    30.148
341    34.594    28.049
342     59.03    41.274
343    37.934    37.103
344    56.999    78.029
345    55.146    52.242
346    64.923    60.487
347    39.882    77.197
348    77.418    67.207
349    54.681    32.139
350    72.852    50.155
351    51.615    88.078
352    57.407    46.114
353      62.5    48.775
354    32.789    17.356
355    80.615    71.338
356     56.24    49.016
357    72.104    78.425
358    53.414    50.474
359    38.381    78.988
360    58.999    45.103
361    19.332    37.712
362    46.731    52.914
363    48.863    49.283
364    60.901    57.085
365    33.075    77.194
366    65.809    50.744
367    49.297    10.956
368     31.88    58.659
369    53.219    47.493
370    54.173    53.603
371    63.607    54.322
372    54.527    49.158
373    53.002    13.775
374    55.433    40.079
375     58.31    54.279
376    87.339    52.276
377    41.266    24.255
378    48.358    40.495
379     46.89    24.512
380    36.275    29.189
381    76.549    75.117
382    75.326    59.792
383    58.049    69.933
384    30.896    77.864
385     66.58    61.993
386    51.856    57.202
387    71.732    83.653
388    34.445    90.762
389    60.262    61.806
390    50.417    57.775
391    54.108    48.475
392    59.849    56.084
393    51.866     58.41
394    54.136    57.091
395    34.761    48.684
396      47.1    89.338
397    42.717    76.946
398    88.536     57.44
399    52.885    57.373
400    26.349    67.514
401    75.773    45.948
402    61.953    69.166
403    75.785    55.814
404    48.034    86.279
405    60.191    45.247
406    75.183    59.897
407    71.753    45.918
408    79.756    62.846
409    58.631    50.316
410    27.141    69.763
411    54.531    52.701
412    60.319    52.081
413     68.89    58.864
414    65.111    51.675
415    59.937    47.956
416     67.23    29.557
417    57.671    48.783
418    38.711    80.946
419    63.734    41.968
420    50.971    57.303
421    76.272    51.862
422     50.55     50.27
423     63.97    23.952
424    32.434     53.11
425    36.904    76.659
426    46.245    65.672
427    47.051    19.556
428    49.717    42.598
429    35.766    47.306
430    78.543    32.811
431     49.88    60.526
432    40.785    50.228
433    58.367    56.455
434    56.743    51.614
435    65.722    68.292
436    64.871    39.573
437    48.469    76.056
438    87.994    73.027
439    56.874    56.364
440    26.205    28.698
441    26.104    58.123
442    56.428     26.51
443    43.385    62.232
444     32.28    50.711
445      56.2    65.182
446    51.721    45.754
447    43.234    40.483
448    53.193    24.921
449    28.892    47.663
450    65.405    81.659
451    35.945     51.93
452    61.048    58.219
453    37.411    21.415
454    43.189    32.199
455    27.819    70.774
456    57.849    59.793
457    49.899    12.854
458    57.525    43.316
459    33.678     60.84
460    35.769    20.952
461    14.142    61.464
462    47.788    65.544
463    71.876    85.204
464    72.318    54.074
465    34.464    66.946
466    84.467    52.034
467    46.308    55.643
468    25.016    73.971
469    63.218    52.287
470    29.307    83.566
471    30.757    79.174
472    51.382    56.413
473    50.085    26.761
474    43.057    35.487
475    50.128    64.409
476    37.799    57.847
477    52.889    59.195
478    83.415    56.768
479    47.287    44.685
480    46.686    31.519
481    47.077    62.026
482    50.416    55.162
483    69.828    62.049
484    54.385    62.249
485    55.449    70.525
486    51.989    56.284
487    21.045     34.84
488    84.755    44.316
489    66.376    58.538
490    45.718    30.286
491    48.954    52.416
492    55.072    47.252
493    52.404    55.359
494    64.011    83.117
495    20.522    60.056
496    55.834    56.154
497    76.889    80.058
498    48.914     52.65
499    50.814    45.242
500    19.606    56.726
501    65.566    40.007
502    19.696    29.706
503    51.028    47.958
504    78.697    67.754
505    33.602    31.865
506    27.473    73.793
507    78.682    67.974
508    45.669    47.678
509    41.799      66.2
510    36.124     48.49
511    72.089     35.89
512    37.618    54.806
513    19.667    43.328
514    54.724    44.447
515    76.111    42.567
516     50.04    39.521
517    61.741    66.207
518    47.555    56.009
519    33.378    69.266
520    51.175    47.799
521    19.118    27.648
522    34.621    62.326
523    43.421    55.457
524    34.142    64.024
525    44.902    43.299
526    44.969    43.373
527    22.826    52.509
528    16.683    63.533
529    42.277    63.481
530    41.916    48.152
531    29.188    57.247
532    40.077    45.529
533    60.424     69.62
534    12.498    30.243
535      21.4    52.205
536    50.245    45.377
537    44.044     50.12
538    37.778    19.636
539    38.317    36.677
540    20.374    41.828
541    53.262    60.806
542    53.296    51.596
543    28.497    82.353
544    49.785    53.076
545    43.639    18.608
546    84.555    53.427
547    70.253    36.109
548    22.516    78.994
549    17.021    61.654
550    47.392    47.739
551      52.4    71.186
552     44.15    53.729
553    61.585    63.322
554    36.562    51.491
555    19.708     72.26
556    39.496    37.099
557     15.48    41.425
558    39.408    53.487
559    37.214    85.171
560    25.219    18.007
561    21.467     34.91
562    34.681    60.288
563    64.756    14.111
564    32.261    53.372
565     81.29    55.024
566    33.769    42.214
567    27.644      56.2
568    46.022    55.648
569    64.628    78.313
570     56.09    76.197
571    28.889    37.896
572    67.575     76.12
573    75.043    27.958
574    53.563    43.933
575    53.237    58.883
576    21.216    50.636
577    58.036    43.217
578    51.431    41.983
579    57.479    63.939
580    60.164    52.363
581    77.944    56.314
582    37.759    55.225
583    25.225     59.99
584    43.353    87.388
585    59.596    59.194
586    28.632     49.26
587    56.723    39.034
588     33.42    33.087
589    48.608    80.748
590    28.459    61.603
591    36.652     45.26
592    58.952    49.349
593    37.866    23.044
594    33.748    42.792
595      7.27    45.585
596    29.474    71.289
597    42.255    57.346
598    67.305    64.625
599    52.529    51.247
600    58.003    26.314
601    62.796     47.93
602    26.964    35.654
603    72.258    38.388
604     77.53    13.648
605    38.589    28.615
606    56.594    45.387
607    51.543    31.735
608    42.745    32.142
609    48.599    44.709
610    60.662    26.163
611    86.375    33.418
612     54.97    45.388
613     59.73    43.625
614    47.074    34.438
615    20.467    29.908
616    57.696    15.691
617    55.827    40.447
618    58.511    32.884
619     66.36    17.997
620    57.242    45.627
621    79.663    39.868
622    81.809    55.681
623    73.581    76.251
624    57.797    33.569
625    93.057    53.467
626    56.365    65.324
627    44.344     30.29
628    51.278    53.617
629    27.004    57.892
630    67.859    82.837
631    92.896    66.958
632     77.48    85.051
633    60.181    57.477
634    56.439    59.861
635    22.055    57.289
636    57.575    54.482
637    72.925    51.617
638    39.014    34.152
639    29.909    59.784
640    66.227    85.677
641    77.034    63.937
642    59.909    94.386
643    56.584    90.253
644    69.245     40.83
645    71.265    31.985
646    46.292    64.109
647    67.515    63.451
648    40.804    61.853
649    25.769    39.612
650    64.451    55.729
651    55.861    52.818
652    59.578    76.824
653    88.357    69.723
654    66.435     45.21
655     61.22    63.073
656    66.179    56.835
657    56.297    93.525
658    48.929    26.108
659    42.216    51.888
660    73.184    54.298
661    43.952    35.527
662    72.465     56.43
663    40.823    30.795
664    59.048    60.929
665    32.245     32.86
666    52.898    41.705
667    62.073    91.853
668    90.251    46.304
669    62.511    44.926
670    87.133    47.899
671    40.994    39.319
672    74.817    73.532
673    62.199    62.497
674    51.759    62.104
675    35.956    24.744
676    59.345    53.174
677      61.7    56.708
678    57.688    53.682
679    42.156     20.63
680    48.424     70.38
681    24.664    28.501
682     63.65    55.441
683    41.587    71.805
684    51.567    51.051
685    14.048    58.546
686    65.162    21.501
687    35.627    69.899
688    47.058    46.071
689     44.45    48.037
690    33.599    37.984
691     75.56    29.959
692    75.397    44.204
693    23.051     37.21
694    27.948    76.291
695    52.511    21.947
696    34.472     53.48
697    63.073      62.9
698    73.987     20.64
699    47.613    19.023
700    77.997    70.476
701    47.249    38.339
702    42.544    60.804
703    44.662    58.589
704    19.528     41.38
705    48.264    55.352
706    69.525     72.23
707    69.811     85.72
708    80.225    60.447
709    41.499    60.382
710    46.982    49.632
711    21.743    56.386
712    47.258    55.769
713     55.89    76.086
714    50.475    55.987
715    48.137    54.779
716    58.448    56.921
717    32.384    45.285
718    75.606    40.727
719    50.992     46.92
720    48.294    57.145
721    39.614    61.053
722    33.259    69.005
723    71.406    42.817
724    45.407    60.856
725     7.881    62.502
726     27.11     20.93
727    22.923    21.004
728    37.548    55.424
729    42.476     47.63
730    36.236    51.104
731    25.746    60.319
732     18.29    67.367
733    61.625    46.174
734    51.446    58.114
735    45.273    59.155
736    39.729    49.608
737    15.606    30.529
738    55.362     69.68
739    31.972    45.091
740    49.576    73.147
741     62.51    25.629
742    46.981    33.301
743    28.508    34.457
744    76.676    74.137
745     40.22    44.905
746    31.508    34.059
747    85.536    60.829
748    79.075    14.364
749    42.849     61.46
750    56.935    81.886
751    75.962    52.428
752     66.97    60.862
753    51.062    28.933
754    74.738    83.102
755    28.657    46.166
756    83.044    38.983
757    33.075    23.072
758    63.107    48.058
759    74.644    55.274
760    65.489     59.41
761    52.476    63.672
762    54.657    62.761
763     28.06    35.492
764    33.817    19.581
765    92.178    37.521
766    64.525    40.034
767    56.894    76.399
768    86.066    29.676
769    50.156    66.229
770    36.547     18.95
771    42.938    36.913
772    66.403    21.294
773    44.563    63.722
774    40.939    67.886
775    65.006    43.435
776    51.241    35.048
777    96.918    41.805
778     40.94    35.598
779    67.251    37.632
780    61.023    35.838
781    53.639    44.666
782    82.343    63.918
783    62.301    80.083
784    37.133    43.485
785     50.09    43.477
786    32.922    46.582
787    48.024    40.575
788     58.68    31.167
789    47.637    56.486
790    21.657    41.098
791    50.733    49.643
792    55.279    38.757
793    52.318    46.452
794    12.131    57.637
795    58.139    26.476
796    33.133    54.805
797    67.923    38.205
798    59.458    55.347
799    28.087    81.321
800    42.654    51.559
