81 Stops, 400 Students, 10 Max_Walking, 50 Capacity, 5 Days 

0       0  1  0  1  1
1       1  1  1  1  0
2       1  1  1  0  1
3       1  1  1  1  0
4       0  0  1  1  1
5       0  0  1  1  1
6       1  1  1  0  1
7       1  0  1  1  0
8       0  1  0  1  1
9       1  1  0  1  0
10       1  1  1  1  1
11       1  0  1  1  0
12       1  1  0  0  1
13       0  0  1  0  1
14       1  0  0  1  0
15       0  1  0  1  0
16       1  0  0  1  0
17       1  0  0  1  1
18       0  1  0  1  1
19       0  1  0  1  1
20       0  0  1  1  0
21       0  1  1  1  1
22       0  1  1  0  0
23       1  1  1  1  0
24       1  1  1  0  1
25       0  0  1  1  0
26       0  0  0  1  1
27       1  0  0  1  0
28       1  1  0  1  1
29       1  0  1  1  0
30       1  0  0  1  0
31       0  1  0  1  1
32       1  1  1  1  1
33       0  1  0  1  0
34       0  0  1  1  0
35       1  0  1  1  1
36       1  0  1  0  1
37       0  1  1  0  0
38       0  0  0  1  1
39       1  0  1  0  1
40       1  1  1  0  1
41       1  1  0  0  1
42       0  1  1  0  0
43       1  1  0  0  0
44       1  0  1  0  1
45       1  1  0  0  1
46       1  0  1  0  0
47       0  1  1  1  1
48       0  1  0  0  1
49       1  0  0  1  0
50       0  0  1  1  0
51       0  1  1  1  0
52       1  0  1  0  0
53       0  1  1  0  0
54       1  1  1  0  1
55       0  1  1  0  1
56       0  0  1  0  1
57       1  1  0  0  0
58       1  0  1  1  1
59       0  1  1  1  1
60       0  1  0  1  1
61       0  0  1  1  0
62       1  1  0  1  0
63       1  1  0  1  1
64       1  1  1  0  0
65       1  1  1  1  0
66       0  1  1  0  0
67       1  1  1  0  1
68       0  0  0  1  1
69       0  1  0  0  1
70       1  1  1  0  0
71       0  1  0  0  1
72       0  0  1  0  1
73       0  1  0  1  0
74       0  1  0  1  1
75       0  1  0  1  1
76       0  1  1  1  1
77       1  0  0  1  0
78       1  1  1  0  1
79       1  1  1  0  0
80       0  0  1  1  0
81       0  1  1  0  1
82       1  1  1  1  0
83       1  0  1  0  0
84       1  1  1  1  1
85       1  0  0  1  1
86       1  0  0  1  0
87       1  1  1  0  1
88       1  1  1  1  0
89       0  1  0  1  0
90       1  0  1  1  1
91       0  0  1  1  1
92       1  1  0  0  1
93       1  1  1  1  0
94       0  1  1  1  0
95       1  1  1  0  0
96       1  1  1  0  0
97       0  1  1  0  1
98       1  0  1  0  0
99       1  1  0  0  1
100       0  0  1  1  1
101       0  0  1  1  0
102       1  0  0  0  1
103       1  0  1  0  0
104       0  1  1  0  0
105       1  0  1  0  1
106       1  1  0  1  0
107       0  0  1  1  0
108       0  0  0  1  1
109       0  1  0  1  1
110       0  1  0  1  0
111       1  1  0  1  1
112       1  1  0  1  1
113       1  0  1  0  1
114       1  1  1  1  1
115       1  0  1  1  0
116       1  1  1  0  1
117       1  1  0  0  0
118       0  1  0  1  0
119       1  1  0  0  0
120       1  1  1  1  1
121       0  0  0  1  1
122       1  0  1  1  0
123       1  0  0  1  1
124       0  1  1  1  0
125       1  0  1  0  0
126       0  0  1  1  1
127       0  0  1  1  0
128       1  0  1  0  0
129       0  1  1  1  1
130       0  1  0  1  0
131       1  1  1  0  0
132       0  1  0  1  0
133       1  0  0  0  1
134       0  0  1  0  1
135       0  0  1  1  1
136       0  0  0  1  1
137       1  1  1  1  0
138       1  1  1  0  1
139       0  1  0  1  0
140       0  0  0  1  1
141       1  1  0  1  1
142       1  0  0  0  1
143       1  0  0  1  1
144       1  1  1  0  0
145       1  0  1  1  1
146       0  0  0  1  1
147       1  0  0  1  1
148       1  1  1  1  0
149       1  1  0  0  0
150       0  1  1  0  0
151       1  1  1  1  1
152       0  0  1  1  1
153       0  1  1  1  1
154       1  1  1  1  0
155       1  0  1  1  0
156       1  1  0  1  1
157       0  0  0  1  1
158       0  1  0  1  1
159       0  1  1  0  0
160       1  0  1  0  0
161       1  1  0  1  0
162       1  0  1  0  0
163       1  0  0  1  1
164       1  1  1  0  0
165       1  1  0  1  1
166       1  1  1  0  0
167       1  1  1  1  0
168       1  1  1  1  0
169       0  1  1  1  1
170       0  0  0  1  1
171       1  0  1  1  1
172       1  0  0  1  1
173       1  0  1  1  1
174       0  0  1  0  1
175       1  0  1  0  1
176       1  1  1  0  1
177       0  1  1  0  0
178       0  1  0  0  1
179       1  1  0  1  0
180       1  1  0  0  1
181       0  0  1  1  0
182       0  1  1  0  1
183       0  1  1  1  1
184       0  1  0  1  1
185       1  1  0  1  1
186       0  1  1  1  0
187       0  0  1  0  1
188       1  1  0  1  0
189       1  0  1  1  1
190       1  1  0  1  0
191       1  0  1  0  0
192       0  1  0  0  1
193       1  0  1  1  0
194       1  1  0  1  1
195       1  0  0  0  1
196       1  0  1  0  1
197       1  0  1  0  0
198       0  1  1  0  1
199       1  1  0  0  1
200       1  0  0  1  0
201       1  1  1  1  0
202       1  1  1  0  1
203       1  1  1  0  1
204       1  1  1  1  1
205       0  0  1  0  1
206       0  1  1  1  0
207       0  0  1  1  1
208       0  1  0  0  1
209       0  1  0  1  0
210       0  1  0  1  0
211       1  1  1  0  0
212       0  1  1  1  0
213       1  0  1  1  0
214       1  1  0  0  1
215       0  0  1  0  1
216       0  1  1  0  1
217       1  0  0  0  1
218       1  0  1  0  1
219       1  1  1  1  1
220       1  1  0  0  1
221       1  0  0  0  1
222       1  0  1  0  0
223       0  1  1  1  1
224       0  0  1  1  0
225       1  1  0  1  0
226       0  0  1  0  1
227       1  1  0  0  0
228       0  1  0  0  1
229       1  1  1  1  0
230       0  1  0  0  1
231       1  0  1  0  1
232       0  0  1  1  1
233       0  0  1  1  0
234       0  1  1  0  1
235       1  0  1  1  0
236       0  0  1  1  1
237       1  0  1  0  1
238       1  0  1  1  1
239       1  1  1  0  1
240       0  0  1  1  0
241       1  1  0  0  1
242       1  0  0  1  0
243       1  1  1  0  1
244       0  1  0  0  1
245       1  0  1  1  0
246       1  1  0  0  1
247       0  1  1  1  1
248       0  1  0  1  0
249       0  0  0  1  1
250       1  1  1  1  1
251       1  1  1  0  1
252       1  0  1  1  0
253       1  1  1  1  1
254       0  1  1  1  0
255       1  1  0  0  1
256       1  1  1  0  1
257       0  1  1  0  0
258       0  1  1  0  1
259       0  1  1  1  1
260       0  1  1  1  0
261       1  0  0  1  1
262       1  1  1  0  0
263       1  0  1  1  1
264       0  1  0  1  0
265       1  1  1  1  1
266       0  0  0  1  1
267       1  1  1  1  0
268       1  0  0  1  0
269       0  1  1  1  0
270       0  1  1  0  1
271       1  1  0  1  1
272       1  0  1  0  0
273       1  0  1  1  0
274       0  1  1  0  0
275       0  1  0  1  1
276       1  0  0  1  0
277       1  0  1  1  0
278       0  0  1  1  0
279       0  0  1  0  1
280       0  0  1  0  1
281       0  0  0  1  1
282       0  1  1  1  0
283       0  1  0  1  0
284       0  1  1  0  1
285       0  0  1  0  1
286       0  0  1  1  1
287       1  1  1  0  0
288       0  0  0  1  1
289       0  1  1  1  0
290       1  0  0  1  1
291       0  1  1  1  0
292       1  0  1  0  0
293       1  1  0  0  0
294       1  0  0  0  1
295       1  0  1  1  1
296       0  1  1  1  1
297       1  1  0  1  1
298       0  0  1  0  1
299       0  1  1  0  1
300       1  0  0  1  1
301       1  0  1  1  0
302       0  1  0  0  1
303       1  1  0  0  1
304       0  1  1  0  1
305       0  1  0  1  1
306       1  0  0  1  1
307       1  0  1  1  1
308       1  0  1  0  0
309       1  0  1  0  0
310       0  0  1  0  1
311       1  1  1  1  0
312       1  1  0  0  0
313       0  0  1  1  0
314       1  1  1  1  1
315       0  1  1  0  0
316       1  0  0  1  0
317       1  1  1  0  1
318       0  0  0  1  1
319       1  0  1  1  0
320       0  1  0  1  0
321       1  0  1  0  1
322       1  0  0  0  1
323       1  1  0  0  0
324       1  1  0  1  0
325       1  0  1  1  1
326       1  1  0  1  0
327       1  0  1  0  0
328       1  1  0  0  0
329       1  1  0  0  0
330       1  0  1  1  0
331       1  0  0  0  1
332       0  1  1  0  1
333       1  0  0  0  1
334       1  1  1  1  0
335       1  0  1  0  1
336       1  1  1  0  1
337       1  0  0  0  1
338       0  0  0  1  1
339       0  1  1  0  1
340       1  0  1  1  1
341       1  1  0  1  0
342       1  0  1  0  0
343       1  1  0  0  1
344       0  1  1  0  0
345       0  0  1  0  1
346       1  0  1  1  0
347       0  1  0  1  1
348       0  1  0  1  0
349       0  0  1  1  0
350       1  1  1  0  1
351       0  1  0  0  1
352       0  1  1  1  1
353       1  1  0  0  0
354       1  1  1  0  0
355       1  1  0  1  0
356       0  1  1  0  0
357       0  1  1  1  0
358       1  1  0  0  0
359       0  1  0  0  1
360       0  1  0  0  1
361       1  1  0  0  0
362       0  0  1  1  1
363       1  0  1  1  0
364       0  0  0  1  1
365       0  1  1  1  1
366       0  1  0  0  1
367       1  0  1  1  0
368       0  1  1  0  0
369       1  1  0  1  1
370       1  0  0  0  1
371       1  1  0  1  0
372       1  1  1  0  0
373       1  0  0  1  0
374       1  0  0  1  1
375       0  1  0  1  1
376       1  1  1  1  0
377       0  1  0  0  1
378       0  1  1  0  0
379       1  1  1  1  0
380       0  0  1  1  1
381       1  0  1  1  0
382       1  0  1  1  1
383       1  1  1  1  1
384       0  1  0  1  0
385       1  1  0  1  0
386       1  0  1  1  0
387       0  1  0  1  1
388       0  0  0  1  1
389       0  1  0  1  0
390       1  0  1  1  1
391       0  1  0  0  1
392       1  0  0  1  0
393       0  0  1  1  0
394       0  1  1  0  0
395       1  0  1  0  0
396       1  0  1  1  0
397       1  0  0  1  1
398       1  1  0  0  0
399       1  1  1  0  1


0             50        50
1         73.065    62.706
2          31.56    62.019
3         78.811    29.086
4         15.374    12.546
5         42.678    32.459
6         68.173    44.373
7         25.155    25.588
8          80.02    54.955
9         75.138    83.687
10         78.975    73.409
11         64.124    47.912
12         17.094    58.984
13         26.871     32.07
14         52.319    75.395
15         48.168    67.861
16         37.681        89
17          83.84    28.537
18         80.816    77.833
19          28.15    26.583
20          80.66    80.094
21         13.704     65.66
22          18.56     51.41
23         48.391    87.654
24         66.583    38.354
25         36.198    24.025
26         55.861    31.867
27         80.643    73.605
28         57.912    30.184
29         53.651    61.031
30         56.351     48.88
31         77.027    77.512
32          23.14    50.089
33         48.113    10.522
34          43.44    25.934
35         82.585    51.161
36         43.923    20.333
37         86.454    79.384
38         32.623    25.511
39         13.989    44.323
40         19.968      20.3
41          45.53    25.087
42         11.573    51.798
43         51.131    68.879
44         85.349    83.095
45         87.521    78.338
46         72.373    72.512
47         25.468    65.324
48         55.057    36.142
49         77.388    45.471
50         15.086    26.925
51           47.5    47.249
52         22.503    76.568
53         80.037    54.449
54         35.784    19.706
55          33.95     72.39
56         26.427    22.744
57         73.105    30.371
58         60.996    27.148
59         42.077    56.987
60         40.678    59.858
61         68.153    62.411
62         31.736    62.585
63         30.894    89.897
64         43.001    28.622
65         69.149    81.484
66         19.221    39.947
67          49.03    16.145
68         41.389    72.681
69         71.736    76.256
70         78.671    21.859
71         43.594    48.768
72         38.178    16.957
73         22.868    76.463
74         15.716    75.055
75         26.978    21.772
76         86.631    60.395
77         32.254    78.018
78         29.547    89.341
79         11.925    79.563
80         38.159    20.388


1    70.081    63.472
2    72.423    63.271
3    73.406    62.821
4    73.046    60.981
5    70.279    68.142
6    33.899    63.043
7    39.767    60.612
8    28.319    67.594
9    33.159    53.469
10     31.76    61.315
11     76.47     30.78
12    80.265    26.715
13    78.835    29.091
14    79.335    22.893
15    85.747    27.771
16    16.053    11.511
17    21.872    11.594
18    17.347    15.988
19    14.559     8.586
20    19.792    18.041
21    38.243    27.766
22    42.995     31.93
23    52.515    34.223
24    37.517     27.51
25    33.106    35.131
26    71.032    48.628
27    67.491    45.631
28    66.993    53.972
29    68.132    43.601
30    72.868    45.055
31    28.513    33.283
32    25.821    25.833
33    17.274    21.329
34    23.282    21.938
35    30.182    32.498
36     84.91    50.804
37    73.284    48.174
38    79.966    54.709
39    81.763    54.173
40    78.167    49.321
41    77.298    84.338
42    68.499    87.998
43    75.015    83.619
44    81.988    90.693
45    76.374     88.27
46    80.359    66.194
47    75.613    64.822
48    71.694    68.365
49    72.749    67.054
50    81.373     74.79
51    64.563     55.03
52    62.962    46.525
53    59.175    54.003
54    64.858    42.573
55     68.44    44.989
56    15.566    60.776
57    23.012    64.962
58    24.718    65.172
59    18.709        60
60    15.101    52.587
61    23.691    26.332
62    29.777    26.092
63    18.271    32.658
64    28.568    33.615
65    19.737    27.255
66     42.79    77.547
67    51.701    74.935
68    48.998    82.844
69    55.309    74.308
70    50.484    79.372
71    48.025    67.997
72    50.718    62.145
73    48.354    67.654
74    52.222    62.894
75    48.843    75.999
76    33.964    89.237
77    39.147    96.433
78    34.947    85.584
79    37.377    88.024
80    34.281    93.169
81    82.913     26.63
82    80.538    30.041
83    89.985    23.329
84    87.483    33.693
85    81.759    28.561
86    80.605    76.791
87    87.898    73.297
88    81.016    77.807
89    84.836    73.441
90    74.567    71.423
91    28.634    28.355
92    34.161    25.476
93    28.641    27.121
94    26.406    20.025
95    29.366    27.391
96    82.222     78.28
97    82.834    85.617
98    80.241    83.076
99    80.349    78.595
100    73.204    74.167
101     8.426    68.778
102     6.182    67.003
103    17.866    67.969
104    19.368     58.52
105     8.064    65.443
106    12.168    44.936
107     10.53    54.295
108    18.035    51.541
109    14.013    55.275
110    17.953    52.044
111    48.829    90.662
112    47.863    83.648
113    50.399    87.323
114    52.937    85.456
115    41.572    84.789
116    66.928    37.668
117     59.71    32.753
118    62.645    33.856
119    67.017    34.926
120    64.065    39.971
121    36.149    24.477
122    33.598    30.328
123    37.464    31.756
124    35.387    23.855
125    34.558    16.429
126    56.286    25.952
127    55.204    34.776
128    47.938    30.854
129    55.673    29.026
130    55.914    32.374
131    80.832    77.469
132    76.529    70.869
133    78.853     78.57
134    80.342    64.112
135    87.328    75.837
136    57.117    39.031
137    57.128    27.694
138    56.875     31.59
139    64.763    30.026
140    50.132    29.584
141    53.536    59.077
142     49.36    58.565
143      63.1    64.223
144    58.932    64.047
145    55.479    56.905
146    49.037    49.924
147     55.78    48.542
148    54.368    47.048
149    60.832     52.32
150    56.438    46.616
151    77.232    77.875
152    68.722    78.533
153     74.62    83.359
154    76.934    83.302
155    81.353    70.808
156    26.788    44.627
157    29.158     52.32
158    25.959    51.822
159    21.997    45.661
160    29.542    48.721
161    42.623    17.621
162    48.097     10.53
163     47.74    20.288
164    42.435     4.235
165    56.944     9.123
166    41.161    25.279
167    39.663    32.673
168    37.333    21.534
169    44.183    30.493
170    34.831    26.432
171    79.945    51.088
172    90.147    48.034
173    77.647    53.824
174    87.215    49.541
175    81.256    49.384
176    43.447    18.607
177    35.879    18.884
178    44.016    20.266
179    38.499    12.141
180    42.198    30.134
181     82.62    72.592
182    88.802    82.021
183    96.019    76.694
184    93.378    84.625
185    86.659    73.612
186    32.083    25.079
187    39.925     21.79
188    34.466    24.587
189    30.294     21.59
190     38.08    19.279
191    16.239    41.008
192    10.522    38.667
193    17.231    46.611
194     6.567    47.522
195    13.063    49.165
196    19.128    22.011
197     15.14    20.747
198    19.735    19.718
199     14.95    19.468
200    19.906    24.186
201    43.972    26.784
202    45.883    25.256
203    44.518    27.825
204    44.617    31.683
205    43.738    23.438
206     3.295    53.151
207     2.708    50.576
208     3.765    54.106
209    17.512    55.305
210     7.868    45.178
211    49.202     73.78
212    52.784    67.651
213    50.985    69.141
214    49.371     61.65
215    54.281     67.28
216    84.829    83.899
217     88.26    87.219
218    87.304    84.712
219    88.434    75.766
220    87.151    86.526
221    86.794     77.01
222    89.329    82.832
223    88.379    80.092
224    86.911    75.032
225    82.857    76.532
226    65.742    66.547
227    67.572    72.795
228    67.487    73.011
229    75.135    72.328
230    72.338    71.564
231    21.512    67.319
232    25.065    66.862
233    32.863    59.757
234    21.662     60.71
235    28.065    69.075
236    50.148    27.788
237    57.909    32.065
238    52.762    31.738
239    57.279    38.292
240    57.502    39.668
241    68.463    43.147
242    68.483    49.195
243    77.452    45.444
244    71.182    39.487
245    73.813    46.241
246    14.384    27.859
247    13.936    33.546
248     9.447    25.612
249    20.905     28.88
250    15.084    31.423
251    45.989    49.249
252    52.792    49.399
253    49.638    43.508
254    46.368    42.776
255    38.988    42.435
256    20.323    67.347
257    25.253    74.149
258    19.716    80.544
259    23.696    78.218
260    19.086    68.545
261    73.912     53.79
262    75.954    56.187
263    83.488    61.091
264    79.873    54.534
265    79.233    53.884
266    33.529    16.577
267    42.527    21.366
268    33.585    20.301
269    37.098    21.294
270    26.885    16.965
271     40.61    68.598
272    31.799    74.401
273    32.911    72.551
274    33.992    72.788
275    38.599    77.292
276    25.666    13.098
277    33.238    21.621
278     30.21    16.318
279    22.174    18.469
280    34.749    21.071
281    69.546    34.637
282    73.447    21.603
283     66.24     28.38
284    70.543    25.712
285    75.974     39.71
286    57.425    27.831
287    58.375    29.396
288    53.809    20.957
289    60.855    24.675
290    55.933    26.548
291    43.017    56.169
292    41.653    57.397
293    46.538    59.491
294    42.503    56.694
295    41.581    52.607
296    30.773    60.533
297     42.69    54.532
298    40.465    59.494
299    39.103     59.89
300    33.864     52.69
301     75.51    55.669
302    69.022     62.37
303    70.196    60.657
304    65.675     53.76
305    71.243     60.18
306    34.491    65.303
307    27.087    58.239
308    31.264    62.442
309    34.078    55.114
310    35.967    64.683
311    32.162    84.497
312    30.793    89.616
313    33.405    90.449
314    27.413    82.525
315    30.893    96.519
316    46.333    23.261
317    36.253    29.077
318    39.938     21.52
319    49.376    31.052
320    41.407    30.174
321    69.218    81.427
322    74.916    78.146
323    75.586    86.077
324    61.624    81.224
325    74.268    81.947
326    21.404    41.203
327    15.616    34.621
328    13.942    41.881
329    10.514    40.166
330     18.84    40.047
331    55.141    11.548
332    48.916    16.198
333    55.141    16.799
334    48.018    13.668
335    50.143    16.068
336    40.193    72.766
337    46.003    78.242
338    43.625    72.726
339    42.691    66.629
340    44.395    72.482
341    78.276    70.634
342     63.59    77.375
343    77.998    74.203
344    68.688     75.34
345    73.606    69.354
346    80.659    20.953
347    77.865    26.899
348    76.312    19.518
349     70.41    16.471
350    76.336     17.06
351    43.309    56.375
352    45.006    50.031
353    45.818    44.349
354    43.586    48.845
355    49.691    53.847
356     38.76    18.081
357    34.866    10.879
358    40.223    11.872
359    43.072     21.23
360    37.938    18.711
361    26.093    68.085
362    16.935    80.336
363    22.687    73.849
364     22.87    76.466
365    23.146    74.406
366     16.27    76.299
367    22.525    73.157
368    15.562    74.564
369    13.523    81.471
370    17.248    76.546
371    22.787    18.656
372    26.106    20.332
373    28.968    24.355
374    30.636    18.231
375    19.403    24.801
376     85.96    67.557
377    86.254    66.968
378    88.526    60.325
379    87.874    64.687
380    86.639    60.451
381    37.557    76.397
382    34.973    68.889
383    25.463    80.904
384    32.759    76.395
385    33.485    87.437
386    32.189    91.828
387    28.224    92.968
388    31.257    89.842
389    31.596    84.935
390    30.456    90.167
391    17.706    76.775
392     10.42    77.977
393     15.21    84.987
394    19.345    82.392
395    11.277    80.885
396    36.052    18.111
397    38.912    20.307
398    34.346    20.573
399    37.684    20.776
400    33.001     25.74
