41 Stops, 800 Students, 10 Max_Walking, 50 Capacity, 5 Days 

0       1  1  1  1  1
1       1  1  1  1  1
2       1  1  1  1  1
3       1  1  1  1  1
4       1  1  1  1  1
5       1  1  1  1  1
6       1  1  1  1  1
7       1  1  1  1  1
8       1  1  1  1  1
9       1  1  1  1  1
10       1  1  1  1  1
11       1  1  1  1  1
12       1  1  1  1  1
13       1  1  1  1  1
14       1  1  1  1  1
15       1  1  1  1  1
16       0  1  0  1  1
17       1  1  1  1  1
18       1  1  1  1  1
19       1  1  1  1  1
20       1  1  0  1  0
21       1  1  1  1  1
22       1  1  1  1  1
23       1  1  1  1  1
24       1  1  1  1  1
25       1  1  0  1  1
26       1  1  1  1  1
27       1  1  1  1  1
28       1  1  1  1  1
29       1  1  1  1  1
30       1  1  1  1  1
31       1  1  1  1  1
32       1  1  1  1  1
33       1  1  1  1  1
34       1  1  1  1  1
35       0  1  1  0  0
36       1  1  1  1  1
37       1  1  1  1  1
38       1  1  1  1  1
39       1  1  1  1  1
40       1  1  1  1  1
41       1  1  1  1  1
42       1  1  1  1  1
43       1  1  1  1  1
44       1  1  1  1  1
45       1  1  1  1  1
46       1  1  1  1  1
47       1  1  1  1  1
48       1  1  1  1  1
49       1  1  1  1  1
50       1  1  1  1  1
51       1  1  1  1  1
52       1  1  1  1  1
53       0  1  1  1  0
54       1  1  1  1  1
55       1  1  1  1  1
56       1  1  1  1  1
57       1  1  1  1  1
58       1  1  0  0  0
59       1  1  1  1  1
60       1  1  1  1  1
61       1  1  1  1  1
62       1  1  1  1  1
63       1  1  1  1  1
64       1  1  1  1  1
65       1  1  1  1  1
66       1  1  1  1  1
67       1  1  1  1  1
68       1  1  1  1  1
69       1  1  1  1  1
70       1  1  1  1  1
71       1  1  1  1  1
72       1  1  1  1  1
73       1  1  1  1  1
74       0  1  1  0  1
75       1  1  1  1  1
76       1  1  1  1  1
77       1  1  1  1  1
78       0  1  0  1  0
79       1  1  1  1  1
80       1  1  1  1  1
81       0  1  1  1  0
82       1  1  0  0  0
83       1  0  1  1  0
84       1  1  1  0  0
85       1  1  1  1  1
86       0  1  0  1  0
87       1  1  1  1  1
88       0  1  0  0  1
89       1  1  1  1  1
90       1  1  1  1  1
91       1  1  1  1  1
92       1  1  1  1  1
93       1  1  1  1  1
94       0  0  1  0  1
95       1  1  1  1  1
96       1  1  1  1  1
97       0  0  0  1  1
98       1  1  1  1  1
99       1  1  1  1  1
100       1  1  1  1  1
101       1  0  1  1  1
102       1  1  1  1  1
103       1  1  1  1  1
104       1  1  1  1  1
105       1  0  1  1  1
106       0  1  0  0  1
107       1  1  1  1  1
108       1  1  1  1  1
109       1  1  1  1  1
110       0  1  1  0  0
111       0  1  1  0  1
112       1  1  1  1  1
113       1  1  1  1  1
114       1  0  1  1  1
115       1  0  0  1  1
116       1  1  1  1  1
117       1  1  1  1  1
118       1  1  1  1  1
119       1  1  1  1  1
120       1  1  1  1  1
121       1  1  1  1  1
122       1  1  1  1  1
123       1  1  1  1  1
124       1  1  1  1  1
125       1  1  1  1  1
126       1  1  1  1  1
127       1  0  0  0  1
128       1  1  1  1  1
129       1  1  1  1  1
130       1  1  1  1  1
131       1  1  1  1  1
132       1  1  1  1  1
133       0  1  0  1  1
134       1  1  1  1  1
135       1  1  1  1  1
136       1  1  1  1  1
137       1  1  1  1  1
138       1  1  1  1  1
139       1  1  1  1  1
140       1  1  1  1  1
141       1  1  1  1  1
142       1  1  1  1  1
143       1  0  1  0  1
144       1  1  1  1  1
145       1  1  1  1  1
146       1  0  1  0  1
147       1  1  1  1  1
148       1  1  1  1  1
149       1  1  0  1  1
150       0  0  1  1  1
151       1  1  1  1  1
152       1  1  1  1  1
153       1  1  1  1  1
154       1  1  1  1  1
155       1  1  1  1  1
156       1  1  1  1  1
157       1  1  1  1  1
158       1  1  1  1  1
159       1  1  1  1  1
160       1  1  1  0  0
161       1  1  1  1  1
162       1  1  1  1  1
163       1  1  1  1  1
164       1  1  1  1  1
165       1  1  1  1  1
166       1  0  1  1  1
167       1  1  1  1  1
168       1  1  1  1  1
169       1  1  1  1  1
170       1  1  1  1  1
171       0  1  1  1  0
172       1  1  1  1  1
173       1  1  1  1  1
174       1  1  1  1  1
175       1  1  1  1  1
176       1  1  1  1  1
177       1  1  1  1  1
178       1  1  1  1  1
179       1  1  1  1  0
180       1  1  1  1  1
181       1  1  1  1  1
182       1  1  1  1  1
183       1  0  0  0  1
184       1  0  0  0  1
185       1  1  1  1  1
186       1  1  1  1  1
187       1  1  1  1  1
188       0  0  1  1  1
189       1  1  1  1  1
190       1  1  1  1  1
191       1  1  1  1  1
192       1  0  1  0  0
193       1  1  1  1  1
194       1  1  1  1  1
195       1  1  1  1  1
196       1  1  1  1  1
197       1  1  1  1  1
198       1  1  1  1  1
199       1  1  1  1  1
200       1  1  1  1  1
201       1  1  1  1  1
202       1  1  1  1  1
203       1  1  1  1  1
204       1  1  1  1  1
205       1  0  0  1  0
206       1  1  1  1  1
207       1  1  1  1  1
208       1  1  1  1  1
209       1  1  1  1  1
210       1  1  1  1  1
211       0  1  0  1  0
212       0  1  1  1  0
213       1  1  1  0  1
214       1  1  1  1  1
215       1  0  1  0  0
216       1  1  1  1  1
217       1  1  1  1  1
218       1  1  1  1  1
219       1  1  1  1  1
220       1  1  1  1  1
221       1  1  1  1  1
222       1  1  1  1  1
223       1  1  1  1  1
224       1  1  1  1  1
225       1  1  1  1  1
226       1  1  1  1  1
227       1  0  0  1  1
228       1  0  0  0  1
229       1  1  1  1  1
230       1  1  1  1  1
231       1  1  1  1  1
232       0  1  1  0  0
233       1  1  1  1  1
234       1  1  1  1  1
235       1  1  1  1  1
236       1  1  1  1  1
237       1  1  1  1  1
238       1  1  1  1  1
239       1  1  1  1  1
240       0  1  0  0  1
241       1  1  1  1  1
242       1  1  1  1  1
243       1  1  1  1  1
244       1  1  1  1  1
245       1  1  1  1  1
246       1  1  1  0  0
247       1  1  1  1  1
248       1  1  1  1  1
249       1  1  1  1  1
250       1  1  1  1  1
251       1  1  1  1  1
252       1  1  1  1  1
253       1  1  1  1  1
254       1  1  1  1  1
255       1  1  1  1  1
256       1  1  1  1  1
257       1  1  1  1  1
258       1  1  1  1  1
259       1  1  1  1  1
260       1  1  1  1  1
261       1  1  1  1  1
262       1  1  1  1  1
263       1  1  1  1  1
264       1  1  1  1  1
265       1  1  1  1  1
266       1  1  1  1  1
267       1  1  1  1  1
268       0  1  1  1  1
269       1  1  1  0  0
270       1  1  1  1  1
271       1  1  1  1  1
272       1  0  1  1  0
273       1  0  1  0  0
274       0  1  1  0  1
275       1  1  1  1  1
276       1  1  1  1  1
277       0  1  1  1  0
278       1  1  1  1  1
279       1  1  1  1  1
280       1  1  1  1  1
281       1  1  1  1  1
282       1  1  1  1  1
283       0  1  0  1  0
284       1  1  0  0  0
285       1  1  1  1  1
286       1  1  1  1  1
287       1  1  1  1  1
288       1  0  1  1  0
289       0  1  1  0  1
290       1  1  1  1  1
291       1  1  1  1  1
292       1  1  1  1  1
293       0  1  1  1  1
294       1  0  0  1  1
295       1  1  1  1  1
296       1  1  1  1  1
297       1  1  1  1  0
298       1  1  1  1  1
299       1  1  1  1  1
300       1  1  1  1  1
301       1  1  1  1  1
302       1  1  1  0  0
303       1  1  1  1  1
304       1  1  1  1  1
305       1  1  1  1  1
306       0  0  1  0  1
307       1  1  1  1  1
308       1  1  1  1  1
309       1  1  1  1  1
310       1  1  1  1  1
311       1  1  1  1  1
312       1  1  1  1  1
313       1  1  1  1  1
314       1  1  1  1  1
315       1  1  1  1  1
316       1  1  1  1  1
317       1  1  1  1  1
318       1  1  1  1  1
319       1  1  1  1  1
320       1  1  1  1  1
321       0  1  0  0  1
322       1  1  1  0  1
323       1  0  0  1  1
324       1  1  1  1  1
325       1  1  1  1  1
326       1  1  1  1  1
327       1  1  1  1  1
328       1  1  1  1  1
329       1  1  1  1  1
330       1  1  1  1  1
331       1  1  1  1  1
332       1  1  0  0  1
333       1  1  1  1  1
334       1  1  1  1  1
335       1  1  1  1  1
336       1  1  1  1  1
337       1  1  1  1  1
338       1  1  1  1  1
339       1  0  1  1  0
340       1  1  1  1  1
341       1  1  1  1  1
342       1  1  1  1  1
343       1  1  1  1  1
344       1  1  1  1  1
345       1  0  1  0  0
346       1  0  0  0  1
347       1  1  1  1  1
348       1  1  1  1  1
349       1  1  1  1  1
350       0  0  1  1  1
351       1  1  1  1  1
352       1  1  1  1  1
353       1  1  1  1  1
354       1  1  1  1  1
355       1  1  1  1  1
356       0  1  1  1  0
357       1  1  1  1  1
358       1  1  1  1  1
359       1  0  1  1  0
360       0  0  1  0  1
361       1  0  1  1  0
362       1  1  1  1  1
363       1  1  1  1  1
364       1  1  1  1  1
365       0  1  1  1  1
366       1  1  1  1  1
367       1  1  1  1  1
368       0  0  1  1  0
369       1  1  1  1  1
370       1  0  1  1  0
371       0  1  0  0  1
372       1  1  1  1  1
373       1  0  1  1  0
374       1  1  1  1  1
375       1  1  1  1  1
376       1  1  1  1  1
377       1  1  1  1  1
378       1  1  1  1  1
379       1  1  1  1  1
380       1  1  1  1  1
381       1  1  1  1  1
382       1  1  1  1  1
383       1  1  1  1  1
384       1  1  1  1  1
385       1  1  0  0  0
386       1  1  1  1  1
387       1  1  1  1  1
388       1  1  1  1  1
389       1  1  1  1  1
390       1  1  1  1  1
391       1  1  1  1  1
392       1  1  1  1  1
393       1  1  1  1  1
394       1  1  1  1  1
395       1  1  1  1  1
396       1  1  1  1  1
397       1  1  1  1  1
398       1  1  1  1  1
399       1  1  1  1  1
400       1  1  1  1  1
401       1  1  1  1  1
402       1  1  1  1  1
403       1  1  1  1  1
404       1  1  0  0  1
405       1  0  0  1  1
406       1  1  1  1  1
407       1  1  1  1  1
408       1  1  1  1  1
409       1  1  1  1  1
410       0  0  1  0  1
411       1  1  1  1  1
412       1  1  1  1  1
413       1  1  0  0  1
414       1  1  1  1  1
415       1  1  1  1  1
416       1  1  1  1  1
417       1  1  1  1  1
418       1  1  1  1  1
419       1  1  1  1  1
420       0  0  1  1  0
421       1  1  1  1  1
422       1  0  0  1  1
423       1  1  1  1  1
424       1  0  0  0  1
425       1  1  1  1  1
426       0  0  1  0  1
427       1  1  1  1  1
428       1  1  1  1  1
429       1  1  1  1  1
430       0  1  1  1  1
431       1  1  1  1  1
432       1  1  1  1  1
433       1  1  1  1  1
434       1  1  1  1  1
435       1  1  1  1  1
436       1  1  1  1  1
437       1  1  1  1  1
438       0  0  0  1  1
439       0  1  0  1  1
440       1  1  1  1  1
441       1  1  1  1  1
442       0  1  1  0  0
443       1  1  1  1  1
444       1  1  1  1  1
445       1  1  1  1  1
446       1  1  1  1  1
447       1  1  0  1  1
448       1  1  1  1  1
449       1  1  1  1  1
450       1  1  1  1  1
451       1  1  1  1  1
452       1  1  0  0  0
453       0  1  1  1  0
454       1  1  1  1  1
455       1  1  1  1  1
456       1  1  1  1  1
457       1  1  1  1  1
458       1  1  1  1  1
459       1  1  1  1  1
460       0  0  1  0  1
461       1  1  1  1  1
462       0  1  1  0  0
463       1  1  1  1  1
464       1  1  1  1  1
465       0  1  1  1  1
466       1  1  1  1  1
467       1  1  1  1  1
468       1  1  1  1  1
469       1  1  1  1  1
470       1  0  1  0  1
471       1  1  1  1  1
472       1  0  0  1  1
473       1  1  1  1  1
474       1  1  1  1  1
475       1  1  1  1  1
476       1  1  1  1  1
477       1  1  1  1  1
478       1  1  1  1  1
479       0  0  0  1  1
480       1  1  1  1  1
481       1  1  1  1  1
482       1  1  1  1  1
483       1  0  1  1  0
484       1  1  1  1  1
485       1  1  1  1  1
486       1  1  1  1  1
487       1  1  1  1  1
488       1  1  1  1  1
489       1  1  1  1  1
490       1  1  1  1  1
491       0  1  1  1  1
492       1  1  1  1  1
493       1  1  1  1  1
494       1  1  1  1  1
495       1  1  1  1  1
496       1  1  1  1  1
497       1  1  1  1  1
498       1  1  1  1  1
499       0  1  0  1  1
500       0  0  1  1  0
501       0  1  0  1  0
502       1  1  1  1  1
503       0  1  0  1  0
504       1  1  1  1  1
505       1  1  1  1  1
506       1  1  1  1  1
507       1  1  1  1  1
508       1  1  1  1  1
509       1  1  1  1  1
510       1  1  1  1  1
511       1  0  1  1  0
512       1  0  0  0  1
513       0  0  0  1  1
514       1  1  1  1  1
515       1  1  1  1  1
516       0  0  1  1  1
517       1  1  1  1  1
518       1  1  1  1  1
519       1  1  1  1  1
520       1  1  1  1  1
521       0  1  1  0  0
522       0  0  1  1  0
523       1  1  1  1  1
524       1  0  0  0  1
525       1  1  1  1  1
526       1  0  1  0  1
527       1  1  1  1  1
528       1  1  1  1  1
529       1  1  0  0  0
530       1  1  1  1  1
531       1  1  1  1  1
532       1  1  0  1  1
533       1  1  1  1  1
534       1  1  1  1  1
535       1  1  0  1  0
536       1  1  1  1  1
537       1  1  1  1  1
538       0  1  0  1  1
539       1  1  1  1  1
540       1  1  1  1  1
541       1  1  1  1  1
542       1  1  1  1  1
543       1  0  1  1  1
544       0  1  1  1  0
545       1  1  1  1  1
546       1  1  1  0  0
547       1  1  1  1  1
548       1  1  1  1  1
549       1  1  1  1  1
550       1  1  1  1  1
551       1  1  1  1  1
552       1  0  1  1  0
553       1  1  1  1  1
554       1  1  1  1  1
555       1  1  1  1  1
556       1  1  1  1  1
557       1  1  1  1  1
558       1  1  1  1  1
559       1  1  1  1  1
560       1  0  1  1  1
561       1  1  1  1  1
562       1  1  1  1  1
563       1  0  1  0  1
564       1  1  1  1  1
565       1  1  1  1  1
566       0  0  1  1  0
567       1  1  1  1  1
568       1  1  1  1  1
569       1  1  1  1  1
570       1  1  1  1  1
571       1  1  0  0  1
572       1  1  1  1  1
573       1  1  1  1  1
574       1  1  1  1  0
575       1  1  1  1  1
576       1  1  1  1  1
577       0  0  0  1  1
578       1  1  1  1  1
579       1  1  1  1  1
580       1  0  1  0  0
581       1  0  1  0  0
582       1  1  1  1  1
583       1  1  1  1  1
584       1  1  1  1  1
585       1  1  1  1  1
586       1  1  1  1  1
587       1  1  1  1  1
588       0  0  1  0  1
589       1  1  1  1  1
590       1  0  1  1  1
591       1  1  1  1  1
592       1  1  1  1  1
593       1  1  1  1  1
594       1  1  1  1  1
595       1  1  1  1  1
596       1  1  1  1  1
597       1  1  1  1  1
598       1  1  1  1  1
599       1  1  1  1  1
600       1  1  1  1  1
601       0  0  1  1  1
602       1  1  1  1  1
603       0  0  1  0  1
604       0  0  1  0  1
605       1  0  0  1  1
606       1  1  1  1  1
607       1  1  1  1  1
608       1  1  1  1  1
609       1  1  1  1  1
610       0  0  0  1  1
611       1  1  1  1  1
612       1  1  1  1  1
613       1  1  1  1  1
614       1  1  1  1  1
615       1  1  1  1  1
616       1  1  1  1  1
617       1  1  1  1  1
618       0  1  1  1  1
619       1  1  1  0  1
620       1  1  1  1  1
621       0  0  1  1  1
622       1  1  1  1  1
623       0  1  0  1  0
624       1  1  1  1  1
625       1  1  1  1  1
626       1  1  1  1  1
627       1  1  1  1  1
628       1  1  1  1  1
629       1  1  1  1  1
630       1  1  1  1  1
631       1  1  0  0  0
632       1  1  1  0  0
633       1  1  1  1  1
634       1  1  1  1  1
635       1  1  1  1  1
636       1  1  1  1  1
637       0  1  1  1  0
638       1  1  1  1  1
639       1  1  1  1  1
640       1  1  1  1  1
641       1  1  1  1  1
642       1  1  1  1  1
643       1  1  1  1  1
644       1  1  1  1  1
645       1  1  1  1  1
646       1  1  1  1  1
647       1  1  1  1  0
648       0  1  0  0  1
649       1  1  1  1  1
650       1  1  1  1  1
651       1  1  1  1  1
652       1  1  1  1  1
653       1  1  1  1  1
654       1  1  1  1  1
655       1  1  1  1  1
656       1  1  1  1  1
657       1  1  1  1  1
658       1  1  0  0  0
659       1  1  1  1  1
660       1  1  1  1  1
661       0  0  0  1  1
662       1  1  1  1  1
663       1  1  1  1  1
664       1  0  1  1  1
665       1  1  1  1  1
666       1  1  0  0  0
667       0  0  1  0  1
668       0  1  0  0  1
669       1  1  1  1  1
670       1  1  1  1  1
671       1  1  1  1  1
672       1  1  1  1  1
673       1  1  1  1  0
674       1  1  1  1  1
675       1  1  1  1  1
676       0  0  1  1  1
677       1  1  1  1  1
678       1  1  1  1  1
679       1  1  1  1  1
680       1  1  1  1  1
681       1  1  1  1  1
682       1  1  1  1  1
683       1  1  1  1  1
684       1  1  1  1  1
685       1  1  1  1  1
686       1  1  1  1  1
687       1  0  1  1  0
688       1  1  1  1  1
689       1  1  1  1  1
690       1  1  1  1  1
691       1  1  1  1  1
692       1  1  0  0  0
693       1  1  1  1  1
694       1  1  1  0  1
695       1  1  1  1  1
696       1  1  1  1  1
697       1  1  1  1  1
698       1  1  1  1  1
699       0  0  1  1  0
700       1  1  1  1  1
701       1  1  1  1  1
702       1  1  1  1  1
703       1  0  1  1  0
704       0  0  1  1  0
705       0  0  0  1  1
706       1  1  1  1  1
707       1  1  1  1  1
708       1  1  1  1  1
709       1  1  0  0  1
710       1  1  1  1  1
711       1  1  1  1  1
712       1  1  1  1  1
713       1  1  1  1  1
714       1  1  1  1  1
715       1  0  1  0  0
716       1  1  1  1  1
717       1  1  1  1  1
718       1  1  1  1  1
719       1  1  1  1  1
720       0  1  0  1  1
721       1  1  1  1  1
722       1  1  1  1  1
723       1  1  1  1  1
724       1  1  1  1  1
725       1  1  1  1  1
726       1  0  1  1  0
727       1  1  1  1  1
728       0  0  1  1  1
729       1  1  1  1  1
730       0  0  1  1  1
731       1  1  1  1  1
732       1  1  1  1  1
733       0  1  1  1  1
734       1  0  1  1  0
735       1  1  1  0  1
736       1  1  1  1  1
737       1  1  1  1  1
738       0  1  0  1  1
739       1  1  1  1  1
740       1  1  1  1  1
741       1  1  1  1  1
742       1  1  1  1  1
743       1  1  0  1  0
744       1  0  0  1  0
745       1  1  1  1  1
746       1  1  1  1  1
747       1  1  1  1  1
748       1  1  1  1  1
749       1  1  1  1  1
750       0  1  1  0  1
751       1  1  1  1  1
752       1  1  0  1  1
753       1  1  1  1  1
754       0  1  1  0  1
755       0  0  1  0  1
756       1  1  0  1  1
757       1  1  1  1  1
758       1  1  1  1  1
759       1  1  1  1  1
760       1  1  1  1  1
761       1  1  1  1  1
762       1  1  1  1  1
763       0  1  0  0  1
764       1  1  1  1  1
765       1  0  0  1  1
766       1  1  1  1  1
767       1  1  1  0  1
768       0  1  1  1  1
769       1  1  1  1  1
770       0  0  1  1  1
771       1  1  1  1  1
772       0  1  1  1  0
773       1  1  1  1  1
774       1  1  1  1  1
775       1  0  1  1  1
776       1  1  1  1  1
777       1  1  1  1  1
778       1  1  1  1  1
779       1  1  1  1  1
780       1  1  1  1  1
781       1  1  1  1  1
782       1  1  1  1  1
783       1  1  1  1  1
784       1  1  1  1  1
785       1  1  1  1  1
786       1  1  1  1  1
787       1  1  1  1  1
788       1  1  1  1  1
789       1  1  0  0  1
790       1  1  1  1  1
791       1  0  1  0  0
792       1  1  1  1  1
793       1  1  1  1  1
794       1  1  1  1  1
795       1  1  1  1  1
796       0  0  1  1  0
797       1  1  1  1  1
798       1  0  1  1  0
799       1  1  1  1  1


0             50        50
1         71.278    85.144
2         31.309    22.252
3         28.277    17.594
4         63.139    50.413
5         53.326    58.717
6          27.78    29.211
7         62.345    77.787
8         47.462     70.81
9         33.452    45.592
10         32.965    17.703
11         40.673      63.7
12         35.875    60.609
13         59.645    24.346
14         35.489    56.061
15         77.104     42.86
16         81.816    23.424
17         29.599    10.423
18         17.204    38.079
19         43.559    78.261
20         72.731     68.05
21         80.842    43.241
22         51.072    68.676
23         16.043    28.252
24         33.072    80.817
25         32.493    47.822
26         78.931    28.965
27         24.653     64.87
28         54.031    76.902
29         81.743    54.631
30         39.167    27.398
31         39.027     63.66
32          28.44    73.356
33         32.422    28.697
34         27.668    86.752
35         72.081    74.804
36          60.26     44.54
37         35.849    69.769
38         86.046     51.57
39         29.353    67.126
40          66.18    22.662


1    66.853    87.174
2    70.858    92.575
3    72.234    86.799
4     72.06    83.668
5    71.649     86.11
6    75.907    78.692
7    70.436    86.003
8    77.564    83.941
9    75.428    82.846
10    67.448    89.186
11    76.606    80.986
12    75.136    89.673
13    75.394    92.407
14    70.429    85.027
15     71.41    84.755
16    67.727    86.926
17    76.552    87.679
18    65.183    88.467
19    67.377    82.362
20     75.06    94.253
21    28.152    22.098
22    27.376    14.554
23    34.796    27.799
24    31.859    17.868
25     32.19    23.547
26    30.723    19.585
27    30.146    22.854
28    33.429    17.061
29    32.817    24.493
30    31.315    22.243
31    34.678    20.452
32    31.108    22.231
33    39.546     19.23
34    34.443    17.502
35    33.134    28.902
36    25.271    26.722
37    29.718    13.942
38    39.132    18.473
39    29.367    23.382
40    26.219    24.585
41    27.233     20.14
42    32.742    11.296
43    33.051     16.51
44    24.317    12.932
45    25.073    16.429
46    26.756    19.624
47    27.985      14.7
48    30.332     10.73
49    28.977     14.73
50    27.436    17.524
51    22.599    22.457
52    21.763    19.559
53    33.646    23.193
54    31.013    17.412
55    24.662    23.305
56    25.027    14.068
57    25.415    20.182
58    22.244    18.286
59    30.482    24.942
60     23.36     9.265
61    64.427    50.258
62      60.3     48.35
63    61.211    52.644
64    70.324     55.83
65    63.977    48.685
66     68.17    51.029
67    54.545    47.002
68    60.566    45.234
69     56.91    44.064
70     66.32    41.001
71    63.596    59.495
72    64.048    49.774
73    57.093    45.101
74    65.583    53.814
75    59.517    42.332
76     62.95     46.21
77    58.167    44.416
78    61.363     58.71
79    63.659     53.09
80    61.468    46.924
81    45.477    61.146
82    55.895    56.861
83    44.331    58.259
84    52.023     64.65
85    53.075    67.785
86     54.37    61.191
87    51.573    59.621
88    55.678    56.962
89    58.258    58.899
90    51.889    65.775
91    54.026    59.998
92    52.367    54.845
93     53.24    53.099
94    56.985    63.581
95    58.405     60.97
96    63.204    57.881
97     50.83     51.08
98    57.914    50.532
99    49.221    55.961
100    52.464    56.538
101    27.386    28.194
102    29.888    28.598
103    31.843    33.868
104    24.647    31.697
105    29.526    22.479
106    29.033    30.169
107     24.83    32.476
108    32.111    31.336
109    24.681    27.464
110    26.605    35.868
111    24.401    33.835
112    25.639    30.261
113    29.386    26.099
114    27.981    29.214
115    36.643    32.245
116    19.254    26.013
117     26.92    31.448
118    26.322    22.638
119    30.028     30.64
120    29.494    30.339
121    65.004    77.457
122     65.85    68.833
123    55.678    79.446
124    70.582    77.053
125    64.284    73.827
126    65.453    79.631
127    62.452    77.401
128    69.343    83.517
129    55.886    71.607
130    69.204    75.255
131    62.259    76.234
132    59.002    69.527
133    59.264    70.618
134    56.416    79.882
135    56.782    85.675
136    59.646    83.106
137    62.806    81.511
138     57.99    80.246
139    66.302     82.62
140    68.847    84.364
141    47.301    61.467
142    55.873    73.303
143    45.259    68.175
144    48.517    64.446
145    43.312    67.787
146    50.588    69.675
147    50.444    69.728
148    46.212    76.551
149     44.77    72.941
150    54.348    70.655
151    54.685    74.181
152     52.57    70.426
153    49.406    63.705
154    56.072    68.012
155    49.809    64.347
156    44.482    62.169
157    47.316     70.68
158    43.632     73.72
159    46.462    74.763
160    49.097    62.326
161    33.646    45.515
162    32.021    45.584
163    39.225    52.178
164    35.227    49.449
165      32.2    45.746
166    35.901    46.949
167    28.181    46.576
168    34.132    43.303
169    37.951    49.797
170    30.886    37.879
171    26.164    46.573
172    31.314    43.185
173    35.435    41.676
174    34.664    51.925
175    33.201    46.953
176    33.122    46.455
177    28.068    41.978
178    41.756    46.614
179    25.946    45.841
180    35.359    36.132
181    32.098    10.209
182     36.22    10.929
183    28.791     9.827
184    32.275    14.609
185    32.917    17.902
186     26.13    14.532
187    40.962     22.61
188    35.662    16.166
189    26.505    22.383
190    37.636    20.827
191    32.678    19.511
192     37.94    14.537
193    28.511    16.716
194    27.955    22.043
195    30.635    19.328
196    37.591      9.33
197    37.958    16.349
198     28.02     10.09
199    26.561    21.084
200    38.979     23.12
201     48.25     62.79
202    41.191    64.198
203    42.123    70.051
204    40.513      66.1
205     41.01    62.473
206    34.888    62.974
207     44.55    66.787
208    34.705    62.035
209    31.696    61.786
210     35.97    57.493
211    41.044    62.787
212    36.637    65.703
213    36.929    60.727
214    38.952    60.901
215    37.559    61.747
216    38.283    66.507
217    39.912    61.073
218    42.712    69.655
219    31.857    62.391
220    40.296    65.124
221    26.563    63.591
222    40.016    58.233
223    37.504    52.228
224    35.072    61.253
225    33.013     63.62
226    33.828     67.11
227    39.378    65.577
228    35.161    58.336
229    31.774    55.962
230    45.815    61.608
231    42.496    64.937
232    33.298    56.769
233    36.079    59.087
234    39.046    63.216
235     37.85    70.117
236    35.564     55.93
237    29.445    54.068
238    33.527    62.809
239    38.232     65.76
240    30.224    53.347
241    59.035    23.761
242    60.872    15.259
243    55.767    21.258
244    58.386    27.376
245    60.206    19.365
246    53.952    22.787
247    56.359    21.291
248     59.68    24.799
249     60.56    24.409
250    60.919    17.355
251    64.936    20.082
252    58.181    19.478
253    57.839     23.64
254    63.792    18.596
255    63.935    23.274
256    60.195    19.962
257    61.381    15.203
258    60.766     26.45
259    62.301    25.207
260    61.175    19.607
261    37.522    65.367
262    32.899    56.973
263    35.969    55.746
264    29.734    54.952
265    32.347    58.975
266    37.183    53.702
267    43.974    56.369
268    33.512    50.547
269    34.096    61.691
270     37.85    52.632
271    45.077    56.921
272    37.357    62.777
273    34.903    55.608
274    33.479    55.483
275    36.176     56.13
276    30.687    55.748
277    40.397    59.796
278    30.251    60.597
279    36.901    57.782
280    28.245    49.796
281    76.832    42.764
282    79.286    44.173
283    76.956    45.742
284    81.705    37.317
285    77.088    44.315
286    72.744    41.577
287     73.64    42.748
288    76.782    46.551
289    78.379    41.415
290     82.05    47.642
291     79.24    42.116
292    85.842     41.51
293    80.012    43.997
294    76.421     44.49
295    78.768    34.052
296    78.733    40.839
297    74.444    43.607
298    81.798    45.509
299    77.423    44.597
300    74.759    48.549
301     80.67    16.417
302    80.836    19.413
303    74.848    29.499
304    80.916     14.25
305    82.375    22.424
306    81.726    23.718
307    77.803    20.886
308     89.88     29.21
309    75.784    21.691
310    73.719    27.144
311    79.766    21.956
312    81.847    23.451
313    83.991    21.493
314    85.378    24.974
315    80.744    20.383
316    76.664    21.286
317    78.684    17.961
318    88.157    21.915
319    74.595    19.204
320     81.24    23.436
321    30.675    14.541
322    27.639    14.209
323    26.291    11.653
324    22.445    11.489
325    26.878     9.426
326    29.793    10.547
327    29.645    10.259
328    28.546     9.718
329    26.061    10.732
330    32.053    10.742
331    31.699      8.16
332    38.514    11.941
333    29.097     9.755
334    30.567    14.554
335    28.027     8.936
336    32.488    15.979
337    29.902     15.48
338    31.854     1.132
339    31.056     2.124
340    29.334    10.738
341    17.383    40.744
342    17.568    33.574
343    10.943    43.867
344    18.198    37.245
345    14.057    37.821
346    17.436    36.374
347     16.84     36.89
348    14.598    43.488
349    15.816      31.9
350    12.042     40.76
351     20.52     38.53
352     10.51    41.162
353    14.579    33.937
354    17.286    40.511
355    18.519    36.942
356    16.272    38.426
357    25.018    32.685
358     8.522    40.745
359     23.52    39.709
360    11.984    38.381
361    43.569    78.238
362    41.826    77.238
363     47.84    82.711
364    37.411    79.405
365    46.316    72.874
366    46.729     81.04
367    43.133    78.093
368    43.214    77.449
369    46.796    78.903
370    43.792    78.887
371    50.623     79.13
372    48.573    78.485
373    46.311    78.526
374    44.569    72.695
375    43.316    74.543
376    52.957    75.537
377     51.66    77.832
378    43.494    73.225
379    36.665     76.51
380    49.212    80.392
381    75.137    61.129
382    71.036    69.648
383    75.099    64.305
384    79.036    62.822
385    75.269    72.493
386    71.069    65.223
387    69.574    70.482
388    71.908    66.822
389    73.949    66.704
390    74.131    72.377
391    72.773    67.921
392    74.718    68.003
393    72.353    66.108
394    74.617    59.819
395    69.956    64.763
396    74.677     63.96
397    71.374    67.072
398    68.561    61.287
399    73.395    72.806
400    74.248    69.306
401    75.555    34.926
402    77.723    51.843
403    88.844    47.095
404    82.746    51.572
405    80.479    42.741
406    80.091    51.689
407    81.576    37.959
408    81.347    42.063
409     82.78    49.711
410    80.665    44.528
411    73.822     45.23
412    80.854    43.433
413    81.304    39.976
414    77.326    34.507
415    82.734    43.468
416    85.279     42.55
417    84.832    42.383
418    80.857    43.568
419    85.275     37.03
420    76.632    36.861
421    50.268    68.031
422    51.574    67.066
423    52.196    72.204
424    44.257    68.935
425    56.456    65.269
426    51.669    68.267
427    53.556    69.641
428    50.674    68.933
429    53.821    77.309
430    52.951    70.802
431    54.947    70.193
432    50.808    70.274
433    50.582    65.934
434    47.214    73.021
435    44.527     72.78
436    52.174    71.212
437    45.512    67.251
438    54.827    66.787
439    51.185    68.598
440    52.977    69.844
441    15.059    32.809
442    14.614    27.957
443    17.084     23.24
444    20.022    24.865
445    20.429    27.803
446     17.65    22.006
447    14.588    36.246
448    14.714    29.086
449    20.841    28.913
450    18.358      30.3
451     9.419    33.909
452     8.484    30.522
453    19.896    31.222
454    13.452    28.498
455    13.579    34.845
456    11.972     20.95
457    15.607    29.762
458    18.549    20.464
459    16.279    28.067
460    14.247    35.154
461    31.195    73.714
462    26.255    80.557
463    26.084    83.038
464    31.063    73.793
465    37.333    77.283
466    29.619    85.365
467    32.358    79.438
468    27.766    82.733
469    33.203     81.04
470    39.258     84.91
471    36.644    86.265
472    32.114    80.285
473    25.536    77.634
474    33.182    80.497
475    39.641    83.008
476    30.995    76.306
477    42.858    80.115
478    29.693     74.59
479    30.353    84.466
480    36.506    83.345
481    36.214    53.621
482    31.248    45.715
483    24.843    45.508
484    31.362     47.86
485    32.318    49.239
486    34.559    56.434
487    31.648    49.121
488    29.068    53.833
489    31.232    45.745
490    32.414    47.479
491    25.892    44.771
492    31.478    46.757
493    38.557     46.26
494    31.789    48.279
495    32.579    47.766
496     25.77    45.554
497    31.194    53.327
498    31.416    47.824
499    29.094    43.907
500    26.949    48.408
501    78.799     29.45
502    81.847    35.045
503    77.433    28.347
504    78.641    29.458
505    81.163    24.088
506    83.115    37.742
507    82.737    31.242
508    77.288    25.019
509    76.503     33.74
510    84.518    29.359
511    79.336    26.625
512    83.347     29.34
513    80.647    29.853
514    81.209    35.434
515     83.25    29.434
516    78.129     36.03
517    77.839    23.919
518    70.401    30.039
519    74.954    27.326
520    85.684    27.098
521    23.721     63.57
522    24.781    66.425
523    18.449    66.305
524    27.626    65.375
525    20.247    65.321
526    25.995    65.886
527    21.549    73.375
528    23.858    58.392
529    29.039    63.815
530    30.108    63.459
531    24.337    68.696
532    24.555    64.702
533    27.003    59.582
534    32.355    68.363
535    25.257    65.034
536    24.883    65.443
537    24.742    60.788
538    27.019    66.255
539    23.297    66.712
540    27.546    67.894
541    46.824    75.052
542    61.716    71.075
543    50.706    75.542
544    53.103    77.583
545    49.326    72.581
546    61.081    77.759
547    58.096    80.103
548    57.843    70.947
549    52.217    76.178
550    48.622     83.29
551    48.509    84.605
552    54.702    77.748
553    52.619    84.675
554    58.138    72.117
555    51.567    82.987
556    50.685    77.589
557    56.393    78.829
558    55.009    77.502
559     47.34    79.092
560    63.314    73.874
561    77.548     51.47
562    81.988    50.882
563     86.18    54.532
564    81.308    52.646
565    83.675    63.504
566    81.887    54.944
567    84.527    57.949
568    85.878    50.237
569    76.289    54.322
570    82.809    56.438
571    75.858    48.482
572    80.981    53.682
573     77.66    47.972
574    80.164    53.155
575    81.089    60.282
576     76.45    61.476
577    81.513    56.349
578    81.843    54.088
579     82.73    52.676
580    82.632    53.825
581     37.54    27.131
582    42.455    28.899
583    41.249    31.548
584    39.102    25.587
585    35.487    32.953
586    39.495    26.995
587    38.501     23.91
588    40.622    23.016
589    47.359    24.819
590    41.233    20.561
591    42.275    29.379
592    34.459    31.232
593    36.626    34.714
594    39.392    27.593
595    35.362    27.405
596     37.15    18.016
597    43.111    32.829
598    36.556    27.904
599    39.459    36.983
600      37.3    28.591
601    42.457    61.781
602    43.744    57.071
603    39.008    63.702
604    47.004     69.44
605    41.046    68.527
606    40.384    61.593
607    41.109    63.612
608    42.121    61.753
609    45.679    66.326
610    34.568    62.617
611    41.214    60.376
612    31.057    62.548
613    39.585    70.357
614    40.179    68.035
615    32.946    61.544
616     34.82    62.213
617    47.164    58.999
618    42.856    67.768
619    32.656    69.343
620    40.562    60.285
621    37.321    75.165
622    26.919    79.106
623    31.207    76.709
624    28.719    74.752
625    30.586    72.081
626    38.189    71.351
627    31.893    82.328
628    26.766      72.4
629    35.979    68.045
630    35.763    77.699
631    27.788    63.836
632    23.689    70.599
633    28.589    79.481
634    25.459     77.55
635    32.527    73.432
636    23.078    68.055
637    28.766    73.609
638    27.671    72.496
639    35.407    74.954
640    29.659    75.878
641    30.463    33.753
642    29.286     24.64
643    32.738    29.335
644     34.01    19.929
645    30.848    27.986
646    33.098    25.592
647    29.435    28.504
648    33.797    25.482
649    27.056    27.886
650    39.383    33.373
651    30.432    22.308
652    25.215    24.617
653    33.247    28.723
654    31.622    29.356
655    29.993    29.705
656    30.669    32.769
657    32.745    31.431
658    37.504    27.494
659    40.227    28.803
660    32.339    28.831
661    26.645    87.761
662    29.324    83.558
663    30.497    79.595
664    27.635     86.69
665    28.601    80.299
666    32.382    83.356
667    35.871    87.628
668     25.05    85.383
669    24.482    90.049
670    27.902     84.69
671    30.437    78.202
672    30.589    94.508
673    24.009    87.612
674    33.336    85.177
675    23.243    88.634
676    25.907    93.818
677    27.965    94.253
678     22.72    84.023
679    22.303    85.135
680    28.578    79.496
681    67.821    73.282
682    72.071    78.091
683    71.433    74.882
684    74.001     74.01
685    64.839    77.594
686    76.942    69.423
687     70.34    77.873
688    69.137    73.996
689     79.69    81.196
690    72.085    76.142
691    65.391    81.524
692    74.714    78.548
693    72.606     72.45
694    72.227    75.149
695    69.289    73.962
696    78.057    70.066
697    74.105    69.515
698    77.899    75.955
699    73.741    76.573
700    67.386    72.744
701    65.478    37.045
702    60.144     47.72
703      62.3    44.299
704    61.636    48.902
705      57.2    42.121
706    59.599    49.179
707    59.684    45.458
708    56.159    49.573
709    61.353    40.765
710     59.39     37.71
711    62.599    53.259
712    64.732    37.762
713    58.656    43.179
714    59.091    46.497
715    59.937    44.607
716    52.391     40.55
717    61.734    41.882
718    63.155    49.561
719        60    44.774
720    60.384    44.425
721    34.505    71.411
722     32.54    70.907
723    35.732    74.623
724    38.134    63.279
725    39.511    72.279
726    35.957    70.421
727    37.321    71.049
728    32.851    64.288
729    39.032    74.072
730    41.068    65.582
731    32.072    73.499
732    33.631    70.227
733    40.452    68.777
734    41.794    69.435
735    37.299    70.168
736    41.731    64.684
737    35.712    69.756
738    36.743    73.749
739    36.954    64.431
740    38.132    68.749
741    79.196    58.346
742    91.651    46.227
743    78.165    54.813
744    88.763    43.734
745    86.957    50.124
746    85.408    48.651
747     84.58    48.412
748    85.072     59.41
749    89.649    51.671
750    86.045     53.18
751    84.605    50.537
752    80.625    52.359
753    86.479    56.677
754     83.02    55.486
755     86.57     46.26
756    84.427    50.216
757     76.61    50.827
758    89.389    45.753
759    93.094    58.657
760    82.246    51.376
761    31.148    72.883
762    30.055    59.432
763    30.801    74.124
764    20.366    71.228
765    29.375    67.059
766    27.202    68.572
767    28.542    70.514
768    32.775     65.84
769    31.249    72.429
770    22.496    66.803
771    29.241    67.059
772    30.855     62.39
773    22.636    71.757
774    30.905    62.005
775     29.78    71.374
776    27.021    67.558
777    21.767    71.199
778    30.712     58.94
779    22.488    63.238
780    38.183    67.584
781    64.456    22.921
782    64.884     20.02
783    64.851    23.531
784    62.555    24.166
785    66.032    25.322
786     59.99    19.347
787    60.355    27.835
788    70.713    23.638
789    71.126    27.351
790    70.028    18.666
791     66.13      24.3
792    74.281    27.724
793     58.63     24.19
794    65.664    26.971
795    61.045    18.236
796    63.878    19.293
797    69.618    26.208
798    62.872    22.555
799    56.975    22.263
800    66.021    30.912
