41 Stops, 200 Students, 10 Max_Walking, 50 Capacity, 5 Days 

0       0  0  0  1  1
1       1  1  1  1  1
2       1  0  0  1  1
3       1  1  0  1  0
4       1  0  0  1  0
5       0  1  1  1  1
6       1  1  0  1  0
7       1  0  0  1  1
8       1  1  1  1  1
9       0  0  1  1  1
10       0  1  1  1  0
11       1  1  1  1  1
12       1  0  0  1  1
13       1  1  1  1  0
14       1  1  1  1  1
15       1  1  1  1  1
16       0  0  1  0  1
17       1  1  1  1  1
18       1  0  1  1  1
19       1  1  1  1  1
20       1  1  1  1  1
21       0  0  1  1  1
22       1  0  1  0  0
23       1  1  1  1  1
24       0  1  1  1  0
25       0  1  0  1  0
26       1  1  1  1  1
27       1  1  1  1  1
28       1  0  1  1  0
29       1  1  1  1  1
30       0  1  0  1  1
31       1  1  1  1  1
32       1  1  1  1  1
33       1  1  1  1  1
34       1  1  1  1  1
35       1  0  1  0  1
36       1  0  0  1  0
37       0  1  0  1  0
38       1  1  1  1  1
39       1  1  1  1  1
40       0  1  0  1  0
41       1  1  1  1  1
42       0  1  0  0  1
43       1  0  0  1  0
44       1  1  1  1  1
45       1  1  1  1  1
46       0  0  1  1  1
47       0  1  1  0  0
48       1  1  1  1  1
49       1  1  1  1  1
50       1  1  1  0  1
51       0  0  1  1  0
52       1  1  1  1  1
53       1  0  1  1  0
54       1  1  1  1  1
55       1  1  1  1  0
56       1  1  0  1  1
57       1  1  1  1  1
58       1  1  1  1  1
59       1  1  1  1  1
60       1  1  1  1  1
61       1  1  1  1  1
62       1  1  1  1  1
63       1  1  1  1  1
64       1  0  0  1  1
65       1  1  0  1  1
66       1  1  1  1  1
67       1  0  1  1  1
68       1  1  1  1  1
69       0  1  0  1  0
70       1  1  1  1  1
71       0  1  0  1  0
72       1  1  1  1  1
73       1  1  1  0  1
74       0  0  1  1  0
75       1  1  0  1  0
76       0  0  1  1  1
77       1  1  1  1  1
78       1  1  1  1  1
79       1  1  0  0  0
80       1  0  1  0  1
81       1  0  0  1  1
82       1  1  0  0  1
83       1  0  1  1  0
84       1  0  1  1  1
85       1  1  1  1  1
86       1  1  0  1  1
87       1  1  1  1  1
88       1  1  1  1  1
89       1  1  0  1  1
90       0  1  1  1  1
91       1  1  1  1  1
92       1  1  1  1  1
93       1  1  1  1  1
94       1  1  1  1  1
95       1  1  1  1  1
96       1  1  0  0  0
97       0  1  1  0  1
98       1  0  1  1  0
99       1  1  1  1  1
100       1  1  1  1  1
101       1  1  1  1  1
102       1  1  1  1  1
103       0  1  1  1  0
104       1  1  1  1  1
105       1  1  1  1  1
106       1  1  1  1  1
107       0  0  1  1  0
108       1  1  0  0  1
109       1  1  1  1  1
110       0  1  0  1  1
111       1  1  1  1  1
112       1  1  1  1  1
113       1  1  1  1  1
114       1  1  1  1  1
115       0  1  0  0  1
116       1  1  1  1  1
117       1  1  1  1  1
118       1  1  0  0  0
119       1  1  1  1  1
120       1  1  1  1  1
121       1  1  1  1  1
122       1  1  1  1  1
123       1  1  1  1  1
124       0  1  0  1  0
125       1  1  1  1  1
126       1  1  1  1  1
127       1  1  1  1  1
128       1  1  1  0  1
129       1  0  0  1  1
130       1  1  1  1  1
131       0  0  1  0  1
132       1  1  1  1  1
133       1  1  0  1  1
134       1  1  1  1  1
135       1  0  0  1  0
136       1  1  1  1  1
137       0  1  0  0  1
138       1  0  1  0  0
139       1  1  1  1  1
140       1  1  1  1  1
141       1  1  1  1  1
142       0  0  1  0  1
143       1  1  1  1  1
144       1  1  1  1  1
145       0  1  0  1  0
146       0  0  1  1  1
147       0  1  0  0  1
148       1  1  1  1  1
149       0  0  0  1  1
150       1  1  1  1  1
151       1  0  1  0  1
152       1  1  1  1  1
153       0  1  0  0  1
154       1  1  1  1  1
155       0  0  1  0  1
156       1  0  1  0  1
157       1  1  1  1  1
158       1  1  1  1  1
159       1  0  1  0  0
160       1  1  1  1  1
161       0  1  1  0  0
162       0  0  1  1  0
163       1  0  0  1  1
164       1  1  0  0  1
165       1  1  1  1  1
166       1  1  1  1  1
167       0  0  1  0  1
168       0  1  0  1  1
169       1  1  1  1  1
170       1  1  1  1  1
171       1  1  0  0  0
172       1  1  1  1  1
173       1  1  0  1  1
174       1  1  1  1  1
175       1  1  1  1  1
176       1  1  1  1  1
177       1  1  1  1  1
178       0  1  0  0  1
179       0  1  0  1  1
180       1  0  1  0  0
181       1  0  0  1  0
182       1  1  1  1  1
183       1  1  1  1  1
184       0  0  0  1  1
185       1  1  1  1  1
186       1  1  1  1  1
187       1  0  1  1  0
188       1  1  1  1  1
189       1  1  1  1  1
190       0  1  0  0  1
191       1  1  1  1  1
192       1  1  1  1  1
193       0  0  0  1  1
194       1  1  1  1  1
195       1  1  1  1  1
196       1  1  1  1  1
197       1  1  1  1  1
198       0  0  0  1  1
199       1  1  1  1  0


0             50        50
1         72.154    88.382
2          67.97    10.416
3         67.089    22.046
4         50.953    27.092
5         87.709    85.207
6         72.312    86.765
7         80.997     55.14
8         54.553    40.846
9         36.756    36.411
10         32.534    49.477
11         75.141    71.363
12         50.038    41.981
13         83.166    51.248
14         47.068    13.385
15         43.044    17.571
16         66.211    51.851
17         61.422    45.796
18         32.778    18.794
19          52.82    29.846
20         24.148    27.055
21         18.926    36.508
22         80.574    44.074
23         46.959    20.396
24         60.116    79.407
25         61.409    56.473
26         18.681    79.972
27         64.067    23.772
28         58.928    75.188
29          24.14    76.524
30         80.175    81.505
31         40.611    44.975
32         18.736    77.132
33         73.609    17.037
34         35.922    11.235
35         33.715    85.443
36         20.452    85.317
37         63.235    21.693
38         86.268    85.565
39         85.402    31.677
40         64.631     55.63


1    71.466     92.12
2    70.581    87.814
3    71.883    84.621
4    63.059    88.509
5    73.556    89.152
6    69.103    10.793
7    71.207    14.838
8     66.78    12.614
9    67.621    10.608
10    70.224     6.373
11    69.978    12.608
12    59.097    16.327
13    67.292    21.665
14    64.862    25.445
15    62.738    24.122
16    45.424    31.057
17    54.215    36.513
18    46.034    22.375
19    54.271    27.757
20    47.222     25.17
21    85.536    87.674
22    82.364    87.718
23    87.934    92.298
24    87.489    84.245
25    85.528    83.478
26    70.977    89.454
27     71.77     86.47
28    71.653     93.18
29    81.077    87.294
30    67.348    91.347
31    81.584    59.561
32    81.583    57.612
33    82.943    62.002
34    80.808    55.435
35    83.282    47.627
36    54.494     34.66
37    59.559    40.185
38    55.286    38.476
39    53.413     40.63
40     52.64     42.28
41    35.936    35.671
42    39.948    29.208
43    36.789    28.874
44    41.953    36.165
45    28.153    32.029
46    32.547    49.214
47    33.841    44.785
48    32.096    47.876
49    34.461    54.191
50    32.155    50.652
51     75.61    69.232
52    71.493    79.538
53    73.947    80.613
54    73.074    67.253
55    72.747    67.922
56    48.946    43.215
57     54.96    48.793
58    51.455     36.13
59    49.734     41.61
60    57.391    39.687
61    87.293    50.125
62      83.6    50.476
63    84.866     55.32
64    80.069    59.741
65    88.893    45.201
66    43.851     5.836
67    47.444    14.558
68    45.071    18.914
69    43.652    10.255
70    53.752     7.378
71    38.632    16.869
72    40.723    24.536
73    39.705    18.988
74    50.494    11.088
75    42.257    18.638
76    67.837    52.098
77    63.931    51.132
78     75.42    55.705
79    72.955    52.313
80    62.716    61.218
81    62.315    46.228
82    69.697    42.523
83    58.291    36.883
84    68.432    47.882
85     58.65    54.403
86    23.233    20.757
87    33.901    22.248
88    30.946    15.758
89      33.6    23.395
90    36.655    24.175
91     48.43    28.099
92    60.654    28.801
93    48.897    25.619
94    52.866    29.941
95    57.953    25.982
96    29.834    24.196
97    20.574    30.268
98     25.79     36.32
99    18.975    24.891
100    30.834    26.118
101    18.087    43.094
102    18.688    36.119
103    16.944    44.107
104    19.485    36.996
105    16.646    40.134
106    76.073    38.406
107     80.15     40.09
108    83.098    52.553
109    78.658    40.257
110    76.337    41.319
111    52.191    18.071
112    46.885    14.058
113     46.17    17.149
114    46.686    20.356
115    53.551    25.873
116    65.913    75.143
117    59.378    70.181
118    55.627    72.832
119    55.471    83.517
120     58.75    81.213
121    63.718    64.224
122    69.594    60.379
123    63.446    55.107
124     69.22    50.591
125    68.627    61.437
126    19.224    80.369
127    12.105    82.685
128    18.988    80.207
129    18.674    79.557
130     10.98     85.49
131    57.603    24.545
132    60.884    24.302
133     64.93    30.534
134    55.943    18.704
135    64.007    15.627
136    55.543    79.282
137    59.255    82.063
138     58.93    75.187
139    58.359    72.284
140    64.165    80.674
141    24.661    70.957
142    23.388    76.783
143    21.055    74.869
144    25.594    73.877
145    21.513    74.348
146    86.819    77.625
147     79.65    81.082
148    71.918    87.059
149     79.49    88.187
150    81.487    79.149
151    36.997    45.861
152    39.606    41.393
153    44.883        45
154    41.764    43.918
155    34.114    49.839
156    23.971    72.732
157    15.442    75.224
158    17.631    69.884
159    19.199    77.589
160    14.918    84.181
161    79.518    20.505
162    77.013     21.58
163    71.853     13.82
164    71.807    17.123
165    71.495    22.552
166    31.801     2.978
167     34.63     4.276
168    34.252    11.188
169    45.565     9.571
170    37.277     4.729
171    26.968     87.86
172    26.559    81.033
173    26.508     82.41
174    29.022    85.141
175    35.587    88.662
176    16.681    89.151
177    30.127    83.671
178    17.581    81.799
179    20.279    86.928
180     13.89    81.547
181    58.913    19.058
182    63.347    21.871
183    62.315    22.505
184    61.941    22.113
185    58.363    23.422
186    86.972    90.164
187    88.261    80.188
188    80.283     81.69
189    88.396    87.054
190    90.604    86.256
191    85.204    31.553
192    87.445    31.252
193    77.637    33.698
194    81.842    32.284
195    79.434    30.947
196    69.769    48.114
197    67.933    54.375
198    57.348    49.882
199     59.92    63.347
200    61.225    56.543
