41 Stops, 200 Students, 20 Max_Walking, 25 Capacity, 5 Days 

0       1  1  1  1  1
1       0  1  1  0  1
2       0  1  0  1  1
3       1  0  1  0  1
4       1  0  1  0  1
5       0  1  1  1  1
6       0  1  0  1  1
7       0  1  1  0  1
8       1  0  0  0  1
9       1  1  0  0  1
10       0  0  1  1  1
11       0  0  0  1  1
12       1  1  1  0  1
13       1  0  1  0  1
14       0  1  0  0  1
15       1  1  0  1  0
16       0  0  0  1  1
17       1  1  0  1  1
18       1  0  0  0  1
19       0  0  1  0  1
20       1  0  1  0  0
21       0  1  1  1  0
22       1  1  1  1  0
23       1  1  1  0  1
24       0  0  1  0  1
25       1  0  0  0  1
26       1  0  1  1  0
27       1  1  1  0  1
28       1  0  0  1  0
29       0  1  1  1  0
30       0  0  1  0  1
31       0  1  1  1  0
32       1  0  1  1  0
33       1  0  1  1  1
34       0  1  1  0  0
35       1  1  1  1  1
36       1  0  0  1  0
37       0  1  0  1  0
38       1  1  1  0  1
39       1  1  0  1  1
40       1  1  0  1  1
41       1  1  1  1  0
42       0  0  1  1  0
43       1  1  1  1  0
44       1  0  0  1  1
45       1  1  1  1  0
46       0  1  0  0  1
47       0  1  0  0  1
48       1  1  0  1  1
49       1  0  1  1  0
50       1  0  0  1  0
51       0  1  1  1  0
52       0  0  1  0  1
53       1  0  0  0  1
54       0  0  1  1  1
55       1  0  0  0  1
56       1  1  1  1  1
57       1  0  0  1  0
58       1  1  0  1  0
59       1  0  0  0  1
60       1  0  1  1  0
61       1  1  0  0  1
62       0  1  0  1  1
63       1  1  0  0  1
64       1  0  1  0  1
65       1  1  1  1  0
66       0  1  1  1  1
67       1  1  0  1  1
68       1  0  1  0  1
69       0  0  1  1  1
70       1  0  1  1  0
71       0  1  1  1  1
72       0  0  1  1  0
73       1  1  0  1  0
74       1  0  0  1  0
75       1  1  1  0  1
76       1  1  0  1  0
77       1  1  0  0  0
78       1  0  1  0  0
79       1  1  0  1  0
80       1  1  1  0  0
81       1  1  0  1  0
82       1  1  0  0  1
83       0  0  1  1  0
84       1  1  0  1  1
85       0  0  0  1  1
86       0  0  1  1  0
87       0  1  1  0  0
88       1  0  1  0  0
89       1  0  0  1  1
90       1  1  0  1  0
91       0  1  1  1  0
92       1  0  1  0  1
93       1  1  1  0  0
94       0  1  1  0  1
95       0  1  1  0  1
96       1  0  0  1  1
97       0  1  1  1  1
98       0  1  0  0  1
99       1  1  0  0  0
100       1  0  1  0  1
101       1  0  0  0  1
102       1  1  1  0  0
103       0  1  0  1  0
104       1  0  1  1  0
105       0  1  1  1  1
106       1  1  1  0  0
107       0  1  1  1  0
108       1  1  0  0  1
109       1  1  1  1  1
110       1  1  1  0  1
111       0  1  1  0  0
112       1  1  0  0  1
113       0  1  0  0  1
114       0  1  0  1  0
115       1  1  0  1  0
116       0  1  1  0  0
117       1  1  1  0  1
118       1  0  0  1  0
119       1  1  0  1  0
120       0  0  1  1  0
121       1  0  1  0  0
122       1  0  0  1  0
123       0  0  0  1  1
124       0  0  0  1  1
125       0  1  1  1  1
126       0  1  0  0  1
127       0  1  1  1  0
128       1  1  1  0  1
129       1  1  0  0  0
130       1  0  0  1  1
131       1  0  0  1  0
132       1  1  0  0  0
133       1  0  0  1  0
134       1  1  1  1  0
135       1  0  1  0  0
136       1  1  0  1  1
137       0  0  1  1  1
138       1  1  0  0  0
139       0  1  1  1  0
140       1  0  0  1  0
141       1  0  1  0  0
142       1  1  1  0  0
143       1  1  1  0  0
144       1  0  1  0  0
145       1  0  1  0  0
146       0  1  1  0  0
147       0  1  1  0  1
148       1  1  1  1  1
149       1  0  1  0  0
150       1  1  1  0  1
151       0  1  0  1  1
152       1  0  0  1  1
153       1  0  0  0  1
154       1  1  0  1  1
155       1  1  1  1  1
156       1  1  0  0  1
157       0  0  1  1  1
158       1  1  1  1  1
159       0  1  1  1  0
160       1  1  1  1  1
161       1  0  1  0  1
162       0  0  1  1  1
163       1  1  0  0  0
164       1  1  1  1  0
165       1  0  0  1  0
166       1  1  0  1  1
167       1  1  1  1  1
168       0  0  0  1  1
169       1  0  1  1  0
170       1  1  0  1  0
171       1  1  0  0  0
172       1  1  0  0  0
173       0  1  1  1  1
174       0  0  1  1  0
175       1  0  0  0  1
176       0  1  1  1  0
177       1  1  0  0  0
178       1  1  1  0  0
179       1  1  1  0  1
180       1  1  1  0  0
181       1  1  0  1  1
182       1  0  1  0  1
183       0  1  1  0  0
184       1  0  0  1  1
185       0  1  0  1  0
186       0  1  0  0  1
187       1  0  1  0  0
188       0  0  0  1  1
189       0  1  1  0  1
190       1  0  1  0  0
191       1  0  1  1  1
192       0  1  1  0  1
193       0  0  1  1  0
194       0  1  1  1  1
195       1  0  1  0  1
196       1  1  1  0  0
197       1  1  1  0  1
198       1  1  0  1  0
199       1  1  1  1  1


0             50        50
1         37.532    41.799
2         24.687    52.756
3         24.288    67.329
4         73.172    67.515
5         78.031    71.128
6         47.675    79.311
7         43.372    46.206
8         38.714    71.423
9         31.563     29.63
10         54.772    77.339
11         59.703    25.666
12         44.643    44.337
13         44.981    34.903
14         37.118    76.122
15         77.904    66.956
16         28.606     46.04
17         39.822    52.067
18         59.503    39.708
19         35.215    78.358
20         60.209    22.096
21         43.069    41.897
22         49.426    62.513
23         64.561    26.264
24         44.619    55.421
25         20.189    55.111
26         27.368     57.14
27         49.771    68.169
28         65.229    58.056
29         47.885    48.633
30         73.776    52.264
31         74.682    55.015
32         29.282      79.2
33         73.616    33.205
34         79.284    44.637
35          50.33    79.368
36          28.08    29.117
37         69.615    35.558
38         44.129    36.203
39         61.762    73.383
40         27.822    74.942


1    19.456    33.807
2    37.621    41.977
3    39.451    34.812
4    36.471     39.24
5    40.895    39.148
6    18.488     50.49
7    36.601    61.127
8    31.791    65.804
9    11.522    41.703
10      25.4     66.38
11    21.552    67.452
12    23.924    67.284
13    32.741     63.38
14    28.826    61.738
15    21.039    61.697
16     73.68    68.185
17    80.167     64.88
18    69.462    55.252
19    72.469     84.16
20    86.023    64.574
21    65.864    64.728
22    77.531    71.004
23    86.104    56.498
24    82.295    75.995
25     78.91    88.837
26    47.756    79.227
27    39.588    71.132
28    32.923    73.022
29    41.678    73.701
30    36.809    92.356
31    36.679    62.651
32    51.885    45.477
33    45.169    44.888
34    47.213    41.007
35    50.696    28.758
36    30.902    75.101
37     23.03    75.724
38    51.153    64.609
39    39.571    74.481
40    41.103    67.427
41    26.598    42.248
42    23.286    12.712
43    30.592    33.601
44    34.482    24.177
45    41.308     39.49
46    56.767    76.956
47    53.806    79.015
48    69.515    80.969
49      49.4    77.316
50     62.55    72.605
51    59.585    42.973
52     54.84    15.649
53     63.21    19.892
54    65.005     28.28
55     56.77    18.563
56    43.379    43.791
57    37.639    44.233
58    47.596    30.445
59    58.563    49.181
60    45.782    41.666
61    45.879    34.876
62    43.766    37.626
63    48.436    28.271
64    48.954    23.524
65    29.886    34.663
66    24.498    73.722
67    31.849    90.738
68      41.9    84.561
69    22.945    63.238
70    22.486    77.068
71    72.488    75.444
72     82.44    70.377
73    75.929    67.152
74    81.149    65.135
75     69.48    83.913
76    24.941    41.921
77    21.854    44.814
78    30.546    53.798
79    20.756    45.236
80    13.978    40.597
81    30.459    53.316
82    28.501    59.926
83    32.888    63.834
84     37.64    51.121
85    25.252    59.161
86    49.769    22.462
87    59.462    46.127
88    63.968    31.219
89    53.326    38.567
90    64.927    24.519
91    43.329    72.869
92    35.495    80.515
93    27.796    65.989
94    48.417    72.536
95    23.191    89.633
96    64.081    21.938
97    51.878    13.349
98    72.776    28.581
99    54.436    12.199
100    43.701    16.643
101    41.754    41.931
102    43.407    42.125
103    40.701    44.202
104    26.938    38.459
105    45.897    39.648
106     46.26    62.667
107    44.101    69.695
108    49.579    60.284
109    38.858    70.493
110    43.251    45.654
111    73.819    28.971
112    65.995    30.504
113    73.723    32.369
114    54.421    33.362
115     68.78    26.639
116    42.634    40.584
117    48.406    56.231
118    44.625    55.428
119    54.995    46.324
120    53.335    63.845
121    17.179    55.785
122    25.699    55.903
123    16.277    56.388
124    22.584    59.862
125     32.47    56.002
126    21.955    55.245
127    28.244    56.668
128    37.039    45.174
129    28.176    50.315
130    44.383    52.658
131    52.816    81.372
132    43.476    81.163
133    46.808    60.009
134    66.472    78.173
135    50.088    65.476
136    58.728    73.232
137    64.705    57.599
138    62.809    64.995
139    65.256    58.256
140    64.991    75.248
141    47.437    50.655
142    57.166    51.627
143    57.745    33.407
144    47.679    49.676
145    40.329    62.456
146    71.516     44.38
147    92.254    53.746
148    83.427    42.338
149    79.984    62.533
150    82.457    62.383
151    77.002    41.179
152    75.872    53.755
153    59.517    46.368
154    61.124    46.908
155    70.837    51.211
156    19.464    77.737
157    30.189    80.853
158    46.142    80.028
159    28.083    66.529
160    38.893    84.308
161    78.381    33.836
162    64.678    42.526
163    72.088    31.884
164    79.147     45.94
165    75.878     22.53
166    73.003    37.776
167    76.897    39.141
168    80.803    55.292
169    82.676    46.533
170    73.606    50.947
171    48.375    78.498
172    33.752    78.713
173    55.038    75.464
174    40.568    77.389
175    51.506    65.783
176    42.301    25.759
177    42.765     19.03
178    17.365    18.601
179    29.682     38.39
180    34.452    25.918
181    77.739    17.399
182    69.356    35.996
183    69.697    39.591
184    87.737     31.97
185    65.662    30.602
186    41.661    35.603
187    43.808    35.843
188    43.242    35.392
189    45.638    37.973
190    32.171    39.146
191    62.586    85.039
192     52.33    74.296
193    64.307     81.92
194    64.685     75.57
195    63.241    60.368
196    34.802      77.7
197    25.925    73.427
198    24.437    68.631
199    37.053    80.916
200    17.233    78.073
