41 Stops, 200 Students, 40 Max_Walking, 50 Capacity, 5 Days 

0       1  0  1  1  0
1       1  0  0  1  0
2       1  0  0  1  1
3       1  0  1  1  0
4       0  0  1  0  1
5       0  1  0  1  1
6       1  0  0  1  1
7       0  1  1  0  0
8       1  0  0  1  0
9       1  0  0  1  1
10       0  0  1  1  1
11       1  1  0  1  0
12       1  0  0  1  1
13       1  0  0  1  0
14       1  1  0  0  0
15       1  0  1  1  0
16       1  1  1  0  1
17       0  1  1  0  1
18       0  1  1  0  0
19       0  0  1  1  1
20       0  1  1  0  1
21       0  1  0  1  1
22       1  1  0  1  0
23       1  1  1  1  0
24       1  1  1  0  1
25       0  0  0  1  1
26       0  0  1  1  1
27       0  0  0  1  1
28       0  1  0  1  1
29       1  0  1  1  0
30       1  1  1  0  1
31       0  1  1  0  0
32       0  0  1  1  0
33       1  0  0  1  1
34       0  0  0  1  1
35       1  0  1  0  0
36       0  0  1  1  1
37       0  1  1  0  1
38       1  1  0  1  1
39       1  0  1  0  1
40       1  1  1  0  0
41       1  1  1  0  1
42       0  1  1  1  0
43       1  1  0  1  0
44       1  1  1  1  1
45       0  1  0  1  0
46       0  1  1  0  0
47       1  1  1  1  0
48       0  1  0  0  1
49       1  1  0  1  1
50       1  1  1  1  0
51       1  0  0  1  1
52       1  1  0  1  0
53       0  0  1  1  0
54       0  0  0  1  1
55       0  0  1  0  1
56       1  0  1  1  0
57       0  0  0  1  1
58       1  1  0  0  0
59       0  0  1  1  1
60       1  1  0  0  0
61       0  1  1  0  0
62       1  0  0  0  1
63       1  0  1  1  1
64       1  1  0  1  1
65       0  0  0  1  1
66       1  1  1  0  1
67       0  1  1  1  0
68       0  1  1  1  0
69       0  0  1  1  1
70       1  1  0  1  1
71       1  1  0  0  1
72       0  1  0  0  1
73       0  0  0  1  1
74       0  1  1  1  1
75       0  0  1  1  0
76       0  1  1  1  1
77       1  1  1  0  1
78       1  1  1  1  0
79       1  0  1  0  0
80       0  0  0  1  1
81       1  0  1  0  0
82       0  0  1  1  1
83       1  0  1  0  1
84       1  0  0  1  0
85       0  0  1  0  1
86       0  1  0  0  1
87       0  0  1  0  1
88       0  0  1  1  0
89       1  0  1  0  1
90       1  0  0  1  1
91       0  1  0  0  1
92       0  1  0  1  1
93       1  0  0  1  1
94       1  0  0  1  1
95       0  0  1  1  0
96       0  0  1  1  0
97       0  1  1  1  1
98       1  1  1  1  1
99       1  0  1  1  0
100       0  1  1  0  0
101       0  0  1  1  0
102       0  1  1  0  1
103       0  1  0  1  1
104       1  0  1  1  1
105       1  1  1  1  1
106       1  1  0  1  1
107       1  0  0  1  0
108       1  0  0  0  1
109       1  1  0  0  1
110       1  0  0  1  1
111       1  1  1  1  0
112       0  1  0  1  1
113       1  1  0  0  1
114       1  1  0  1  0
115       1  1  0  1  0
116       1  1  1  1  1
117       1  0  1  1  1
118       0  1  1  0  0
119       1  0  0  1  0
120       1  0  1  1  1
121       1  0  1  1  0
122       0  0  1  1  1
123       1  1  0  1  0
124       1  0  0  0  1
125       0  0  1  1  1
126       0  1  0  0  1
127       1  1  1  1  0
128       1  0  0  0  1
129       0  0  1  0  1
130       0  1  1  1  1
131       0  0  1  1  0
132       0  1  0  1  1
133       1  1  0  1  1
134       0  1  1  0  0
135       1  1  0  0  1
136       1  1  0  1  0
137       1  1  0  0  0
138       0  0  1  1  0
139       1  1  0  1  0
140       1  1  1  1  1
141       1  1  1  0  1
142       1  1  1  1  1
143       0  0  1  0  1
144       1  0  0  1  1
145       1  1  0  0  0
146       1  0  1  0  1
147       1  1  0  0  1
148       0  0  1  0  1
149       0  1  0  0  1
150       0  1  0  1  1
151       1  1  0  0  1
152       0  0  1  0  1
153       0  0  1  0  1
154       1  1  1  1  0
155       1  0  0  1  1
156       0  1  1  0  0
157       0  1  0  1  0
158       0  1  0  0  1
159       1  0  0  1  1
160       1  1  1  1  0
161       1  1  1  1  0
162       1  1  1  1  0
163       1  0  1  0  0
164       1  0  1  0  0
165       0  1  0  1  1
166       1  1  0  0  1
167       1  1  0  0  0
168       1  1  0  1  0
169       0  1  1  0  1
170       1  0  1  0  1
171       1  1  1  0  1
172       1  1  1  0  0
173       1  0  0  1  1
174       0  1  1  0  0
175       1  0  1  0  0
176       0  1  0  1  1
177       1  0  0  1  0
178       1  1  0  0  1
179       1  0  1  1  1
180       0  0  1  1  0
181       0  1  0  1  0
182       1  0  1  1  1
183       1  1  1  0  0
184       1  0  1  1  0
185       1  0  0  1  1
186       1  1  0  0  0
187       1  1  1  1  1
188       1  1  1  0  1
189       1  1  1  1  1
190       1  0  1  1  1
191       1  1  1  0  1
192       1  1  1  1  0
193       1  1  0  0  1
194       1  0  0  1  0
195       0  0  1  0  1
196       1  1  1  1  1
197       1  0  0  1  1
198       1  1  0  1  0
199       1  0  1  1  0


0             50        50
1         41.743     41.01
2         53.147    42.957
3         58.259    56.045
4         53.455    50.816
5         48.024    58.926
6          46.23    52.691
7         52.586    54.654
8         48.581    58.852
9          49.83    50.864
10         44.646    46.326
11          46.36      52.8
12         51.747    57.164
13          54.85    41.386
14         43.092    47.558
15         51.616     58.22
16         51.867    52.276
17         50.501    48.047
18         58.417    53.569
19         52.196    41.381
20         50.463    58.947
21         54.857    53.201
22         51.836    48.243
23         46.924     54.71
24         57.597    53.705
25         50.381     44.82
26         48.984    53.533
27         58.185    57.254
28         56.318    57.325
29         54.397    53.749
30         40.084    46.116
31         42.751    50.298
32         47.281    43.036
33         53.986    55.801
34         40.172    52.588
35          58.84    58.677
36         57.682    47.065
37         47.476    44.572
38         55.843    56.604
39          55.95    42.339
40         43.092    58.398


1    43.696    28.221
2    58.874    62.579
3    50.107    46.071
4    42.008    44.282
5    12.824    24.182
6    66.734    18.204
7    71.741    61.415
8    56.417    57.179
9     76.57    60.814
10    57.057    82.293
11    41.597    66.385
12    55.774    69.183
13    60.904    65.419
14    61.952    84.245
15    73.373    60.353
16    87.912    48.315
17    71.186    65.521
18    72.794    26.146
19    49.265    61.388
20    71.157    23.937
21    48.387    60.349
22    33.938    49.004
23    40.825    27.672
24    85.897    51.233
25    45.824    51.954
26    43.086    54.091
27    34.255    50.113
28    53.708     45.28
29    51.317    62.849
30    49.005    48.596
31    48.218    71.298
32    62.286    57.915
33    73.049    52.036
34    70.362    74.069
35    35.351    39.156
36    62.263    52.653
37    72.876    87.973
38    48.303    59.717
39    40.542    40.209
40    85.035    71.319
41    26.323    37.487
42    22.985    72.673
43    61.503    54.889
44    86.392     54.39
45      26.7    77.552
46     60.57    60.166
47    69.836    73.441
48    21.091    64.301
49    34.376    47.227
50    33.027    84.481
51    13.737      33.2
52    41.608    90.709
53    53.378    34.916
54    54.289    23.707
55    35.202    43.299
56    67.755    26.727
57    30.777    48.384
58    33.145    43.088
59    18.198     49.44
60    18.723    46.469
61    27.561    39.519
62    53.986    54.354
63    70.526     8.501
64    41.917    36.149
65    36.507    53.067
66    35.416    48.256
67    77.502    27.724
68    45.829    29.968
69    19.406    50.804
70    68.877    72.399
71    84.158    47.326
72    82.326    45.483
73    81.814    81.516
74    55.713     68.01
75    25.731    31.159
76    52.538    35.863
77    35.398    53.255
78    46.567    57.027
79    35.087    79.273
80    51.141    54.458
81    58.175    75.268
82    47.433    48.002
83    76.329    33.599
84    61.231    13.978
85    79.747     39.15
86    40.872    27.928
87    70.229    68.534
88    86.142    53.949
89    58.132    53.502
90    53.729    44.025
91    54.415    39.529
92    61.093    53.658
93    56.199    23.949
94    23.927    49.192
95     78.44    42.751
96    16.399     76.32
97    52.421    53.232
98    68.997    85.091
99    52.714    91.264
100    58.733    27.035
101    26.168    62.318
102    54.366    53.493
103    55.045    51.332
104    46.548    32.824
105    67.788    69.112
106    39.756     11.39
107    56.259    87.733
108    48.445    38.409
109    82.568    29.364
110    39.148    51.558
111    48.827    56.071
112    55.424    45.071
113    42.107    17.731
114    48.739    24.865
115    53.271    43.765
116    45.001    42.276
117    31.383    40.725
118    62.075    50.559
119    55.564    54.901
120    51.907    61.967
121    57.258    69.345
122    63.792    31.371
123    73.042    36.452
124    40.581    53.605
125    22.423    70.472
126    87.359    63.686
127    49.207    50.549
128    34.574    61.269
129    62.816    34.048
130     83.07    41.531
131     54.65    54.577
132    26.344    34.059
133    95.601    54.259
134    60.172    79.496
135    56.892    38.219
136     59.86    75.114
137    67.304    50.793
138    81.314     52.49
139    44.769    61.353
140    74.117    49.597
141    50.764    37.042
142    60.558    66.684
143    50.099    64.457
144    51.678    84.069
145    24.282    42.923
146    34.093    55.448
147    58.815    35.286
148    42.959     48.08
149     32.92    35.942
150    29.617    70.616
151      44.5    61.015
152    45.597     48.68
153    39.618    62.127
154    76.109    64.379
155    42.442    50.277
156    43.532    31.948
157    65.919     7.994
158    24.059     36.57
159    43.352     24.32
160    52.971     47.26
161     67.46    90.869
162    54.762    55.319
163    70.301    60.971
164    50.987    64.049
165    57.129    60.305
166    11.032    34.648
167    38.303     53.26
168    19.946    85.386
169    63.303    36.085
170    71.996    63.167
171    34.498    55.979
172    52.404    59.297
173    49.572    38.552
174    89.535     84.28
175    34.705    38.487
176    57.782    47.073
177    79.569    71.366
178    72.245    46.485
179    74.855    40.628
180    58.146    47.603
181    66.638    54.288
182     41.44    52.075
183    46.625    42.353
184     42.44    28.299
185    47.415    44.582
186     49.28    58.188
187    32.276    41.695
188    72.175    58.473
189    58.488    58.118
190    38.574    42.385
191    49.524    66.279
192    62.895    46.652
193    52.458    40.294
194    35.258    71.882
195    26.089    58.847
196    45.798    87.981
197    37.113    59.517
198    54.527    35.838
199    41.828     74.86
200    67.412    58.471
