41 Stops, 800 Students, 5 Max_Walking, 50 Capacity, 5 Days 

0       0  0  1  0  1
1       1  1  1  1  1
2       1  0  0  0  1
3       0  1  0  0  1
4       1  1  0  0  0
5       1  0  1  0  1
6       0  0  0  1  1
7       1  1  0  0  0
8       0  1  1  1  0
9       1  1  1  1  1
10       1  1  0  1  1
11       1  0  1  0  1
12       1  1  0  1  0
13       0  1  0  0  1
14       1  1  0  1  1
15       1  1  0  0  0
16       1  1  1  0  0
17       0  1  1  0  0
18       0  0  1  0  1
19       1  1  0  1  1
20       0  1  0  1  0
21       1  0  0  1  1
22       1  0  1  1  0
23       1  0  1  1  0
24       0  1  0  1  1
25       0  0  1  0  1
26       1  1  1  0  1
27       1  0  1  0  0
28       1  1  0  1  0
29       1  0  0  0  1
30       0  0  1  0  1
31       0  1  0  1  1
32       1  1  0  1  1
33       1  1  1  1  1
34       0  1  1  0  1
35       1  0  0  1  1
36       0  1  0  1  0
37       0  0  1  1  1
38       0  0  1  0  1
39       0  0  1  0  1
40       1  0  1  1  1
41       1  0  0  1  1
42       0  0  1  1  0
43       1  1  1  0  0
44       0  1  1  1  0
45       1  0  1  1  0
46       0  1  0  1  0
47       0  1  0  1  0
48       0  1  1  1  0
49       1  1  0  0  0
50       1  0  0  1  1
51       1  1  1  0  1
52       0  1  1  0  0
53       1  1  0  1  1
54       1  0  0  1  0
55       0  1  1  0  0
56       1  0  1  0  1
57       1  0  0  1  1
58       0  1  0  1  1
59       1  0  1  1  0
60       0  0  1  1  0
61       1  1  1  0  1
62       0  0  1  1  0
63       1  0  0  1  0
64       0  1  1  1  1
65       0  0  0  1  1
66       0  1  0  0  1
67       1  1  0  1  1
68       0  1  0  1  1
69       1  1  1  1  0
70       1  1  0  0  0
71       1  1  0  1  1
72       1  0  1  0  0
73       1  1  0  0  1
74       1  0  1  0  0
75       0  1  1  1  0
76       1  1  0  1  1
77       0  1  0  1  1
78       1  1  1  1  1
79       0  1  1  1  0
80       0  1  1  0  1
81       0  1  0  1  0
82       0  0  1  0  1
83       1  0  1  0  1
84       0  1  1  1  1
85       0  1  1  0  0
86       1  0  0  1  1
87       0  1  1  0  0
88       0  1  0  0  1
89       0  0  1  0  1
90       1  0  0  1  1
91       1  1  0  1  1
92       1  0  1  1  1
93       0  1  1  1  0
94       1  1  1  1  1
95       1  0  1  1  1
96       1  1  0  1  1
97       1  0  1  0  0
98       1  0  1  1  0
99       1  0  1  1  0
100       1  0  0  1  1
101       1  1  1  1  1
102       0  1  1  0  0
103       0  1  0  0  1
104       1  1  0  0  1
105       0  1  0  0  1
106       1  1  1  0  1
107       0  1  1  0  0
108       0  0  1  1  1
109       1  0  0  1  0
110       0  1  1  1  1
111       1  1  0  1  1
112       1  0  1  1  0
113       0  1  0  0  1
114       1  0  1  1  0
115       1  1  0  1  1
116       0  1  1  1  1
117       1  1  0  1  1
118       0  0  1  1  1
119       0  0  1  1  0
120       0  0  1  1  0
121       0  1  1  1  0
122       1  0  1  0  1
123       1  1  0  1  0
124       0  0  0  1  1
125       0  1  0  1  1
126       1  0  1  1  1
127       0  0  1  1  1
128       0  1  1  1  0
129       1  1  0  0  1
130       0  1  1  1  0
131       1  0  0  1  0
132       1  1  1  1  1
133       0  1  1  0  0
134       1  1  1  0  0
135       1  0  1  1  1
136       1  0  1  0  0
137       0  0  0  1  1
138       0  1  1  1  1
139       1  0  0  1  1
140       1  1  0  1  0
141       0  1  1  1  0
142       0  0  1  1  1
143       1  0  1  0  1
144       1  1  0  0  1
145       1  0  1  0  1
146       0  1  1  0  0
147       0  1  1  0  0
148       1  1  1  1  0
149       0  1  1  0  0
150       1  0  1  1  1
151       1  1  1  0  0
152       1  1  0  1  0
153       1  0  1  1  0
154       0  1  0  0  1
155       1  0  1  0  0
156       0  1  0  0  1
157       1  0  0  1  1
158       0  1  1  0  0
159       1  0  0  1  0
160       1  0  1  1  0
161       1  1  1  1  0
162       0  0  1  1  1
163       1  1  1  1  1
164       0  1  0  0  1
165       1  1  0  1  0
166       0  0  1  1  0
167       0  1  0  0  1
168       1  0  1  1  0
169       1  1  0  0  1
170       1  1  0  1  0
171       0  1  0  0  1
172       1  1  1  1  0
173       0  1  1  1  0
174       1  0  1  0  1
175       1  0  1  0  1
176       0  1  1  1  1
177       0  1  1  0  0
178       1  0  1  1  1
179       0  0  1  1  1
180       1  0  0  0  1
181       1  0  1  0  1
182       1  0  0  1  0
183       1  1  1  0  1
184       1  1  1  0  0
185       1  0  1  0  0
186       0  1  1  1  1
187       1  1  0  1  0
188       1  1  1  0  1
189       0  0  1  1  0
190       0  1  1  0  0
191       0  1  1  1  0
192       1  0  1  0  1
193       0  0  1  0  1
194       0  0  1  1  0
195       1  1  0  0  0
196       0  0  1  1  1
197       0  1  1  1  1
198       0  0  1  1  0
199       1  0  0  0  1
200       1  0  1  1  1
201       1  0  0  1  1
202       1  0  0  0  1
203       1  0  1  0  0
204       1  0  0  1  1
205       0  1  0  1  1
206       1  1  1  1  1
207       1  0  0  1  1
208       0  1  1  0  0
209       0  1  0  1  1
210       1  0  1  0  1
211       0  0  0  1  1
212       0  1  1  1  0
213       0  1  1  1  0
214       1  0  0  1  1
215       0  1  1  1  0
216       0  0  1  1  1
217       1  0  1  1  1
218       0  1  1  0  0
219       0  0  1  0  1
220       1  1  0  1  1
221       0  0  1  0  1
222       0  1  1  1  0
223       0  1  0  1  1
224       1  0  1  0  0
225       0  0  1  1  1
226       1  0  1  1  1
227       1  1  1  1  0
228       1  1  1  1  0
229       1  0  1  0  1
230       1  0  1  0  1
231       0  0  1  0  1
232       1  1  0  1  1
233       0  1  1  1  0
234       0  1  1  1  0
235       1  0  0  0  1
236       1  1  0  1  0
237       0  1  1  0  1
238       0  1  1  0  1
239       0  1  1  1  0
240       1  0  1  0  0
241       0  1  1  0  0
242       1  0  1  1  0
243       0  0  0  1  1
244       1  1  0  1  1
245       0  1  0  1  1
246       1  0  1  1  0
247       0  1  1  1  0
248       0  0  1  1  1
249       0  0  1  1  0
250       0  1  1  0  0
251       0  1  1  0  1
252       1  0  1  1  1
253       1  0  0  1  0
254       0  1  0  0  1
255       1  0  0  0  1
256       1  1  0  1  1
257       0  1  1  0  0
258       1  0  1  0  0
259       1  1  0  0  0
260       0  0  0  1  1
261       0  1  0  0  1
262       1  0  0  1  1
263       1  1  0  0  1
264       0  1  1  0  1
265       0  1  1  0  1
266       1  1  1  1  1
267       1  1  0  0  0
268       0  0  1  0  1
269       0  1  0  0  1
270       1  1  0  0  1
271       0  0  1  0  1
272       1  0  0  1  1
273       1  0  0  1  0
274       0  0  0  1  1
275       1  0  1  1  0
276       0  1  1  1  1
277       1  0  1  0  1
278       1  0  1  1  0
279       1  0  1  1  1
280       1  1  1  1  0
281       0  1  0  1  1
282       0  1  0  1  1
283       1  1  0  1  1
284       1  0  1  1  1
285       0  1  0  1  1
286       1  1  1  0  1
287       0  1  1  1  1
288       0  1  1  1  1
289       1  1  0  0  0
290       0  0  1  0  1
291       1  1  0  1  0
292       1  1  1  1  0
293       0  1  0  1  1
294       0  0  1  1  0
295       1  1  1  0  0
296       0  0  1  1  1
297       0  0  0  1  1
298       1  0  0  0  1
299       1  0  0  0  1
300       0  1  1  0  0
301       1  0  1  0  1
302       1  0  1  1  1
303       1  1  0  1  0
304       1  0  1  0  1
305       0  1  0  0  1
306       0  0  1  0  1
307       0  1  1  1  0
308       1  1  1  0  1
309       1  0  1  1  0
310       1  1  1  0  0
311       0  1  0  1  1
312       0  0  0  1  1
313       0  1  1  0  1
314       1  1  1  1  1
315       1  0  0  0  1
316       1  1  0  0  1
317       0  1  1  0  1
318       1  1  1  1  0
319       1  0  0  1  1
320       0  0  1  1  0
321       1  1  0  0  1
322       1  0  1  1  1
323       1  0  0  1  1
324       1  0  1  1  1
325       0  1  0  1  1
326       1  1  1  1  0
327       1  1  0  1  1
328       0  1  1  1  1
329       1  1  0  0  1
330       0  1  0  0  1
331       1  0  0  1  0
332       1  0  0  0  1
333       1  1  0  0  1
334       1  1  1  0  1
335       0  1  1  1  1
336       1  0  0  0  1
337       0  1  1  0  1
338       0  1  0  1  1
339       1  1  0  1  0
340       0  1  0  1  0
341       1  0  1  1  1
342       1  1  1  0  0
343       1  1  0  1  1
344       1  1  0  0  0
345       0  1  1  1  1
346       0  1  1  1  0
347       1  1  1  1  0
348       0  1  1  0  0
349       0  0  1  1  0
350       1  0  1  0  1
351       1  0  0  1  0
352       1  1  0  0  0
353       0  1  1  0  0
354       0  0  1  0  1
355       1  0  1  0  0
356       0  1  0  1  1
357       0  1  1  0  1
358       0  1  1  1  0
359       1  0  0  0  1
360       1  1  1  0  0
361       0  1  1  1  0
362       1  0  0  1  1
363       1  0  0  1  0
364       0  1  1  0  1
365       1  1  0  1  1
366       1  0  0  1  0
367       0  0  0  1  1
368       1  0  1  0  1
369       0  0  1  0  1
370       0  1  1  0  0
371       1  0  1  1  0
372       0  0  1  1  1
373       0  0  1  1  1
374       1  0  1  1  1
375       0  1  1  0  1
376       0  1  0  0  1
377       1  0  1  0  0
378       0  1  0  1  0
379       1  1  0  1  0
380       1  0  1  1  1
381       1  1  1  1  1
382       0  1  1  1  1
383       1  1  1  0  0
384       1  1  1  1  1
385       1  0  1  1  0
386       0  1  1  0  1
387       0  0  1  1  0
388       1  0  1  0  0
389       1  0  1  0  1
390       1  1  0  1  1
391       1  1  0  0  1
392       1  1  1  0  1
393       1  1  1  1  0
394       0  0  1  1  0
395       1  1  0  1  1
396       1  1  0  0  0
397       0  1  1  0  0
398       0  0  1  1  0
399       0  0  1  1  0
400       1  0  0  1  0
401       1  0  1  1  1
402       1  1  0  1  0
403       0  0  1  1  0
404       1  0  0  0  1
405       1  1  0  0  0
406       0  0  0  1  1
407       0  1  0  1  0
408       1  1  1  0  1
409       1  1  1  0  0
410       0  1  0  1  0
411       1  0  1  0  1
412       1  0  1  1  1
413       0  0  0  1  1
414       0  0  0  1  1
415       1  1  0  0  0
416       1  0  0  1  0
417       1  0  1  1  1
418       1  1  0  1  1
419       0  1  0  1  1
420       0  1  1  0  0
421       1  0  1  0  0
422       0  0  1  1  1
423       1  0  1  0  0
424       1  0  1  0  1
425       0  1  1  0  0
426       0  1  1  1  1
427       0  1  0  1  0
428       0  1  0  1  1
429       0  1  1  0  0
430       1  1  0  0  0
431       1  0  0  0  1
432       0  0  1  0  1
433       1  1  1  1  1
434       1  1  0  1  1
435       1  0  0  1  0
436       1  1  0  1  0
437       1  1  0  0  1
438       1  1  0  1  0
439       1  0  0  1  0
440       1  0  0  1  1
441       1  0  0  1  0
442       1  1  1  1  0
443       1  1  1  1  1
444       0  0  1  1  0
445       0  0  1  1  1
446       0  0  0  1  1
447       1  1  0  0  1
448       0  1  0  1  1
449       0  0  0  1  1
450       0  1  1  1  0
451       1  0  1  0  0
452       0  0  1  1  1
453       1  1  0  1  0
454       0  0  1  1  1
455       1  1  1  1  0
456       0  0  0  1  1
457       0  1  0  0  1
458       1  1  0  1  1
459       1  0  1  1  0
460       1  0  0  1  1
461       1  0  1  0  1
462       1  0  0  1  0
463       1  1  0  1  0
464       1  0  1  0  0
465       1  0  0  0  1
466       1  0  1  1  1
467       0  1  1  1  1
468       0  1  1  0  0
469       0  0  1  1  1
470       1  1  1  1  1
471       0  1  1  1  0
472       1  1  1  0  1
473       0  0  0  1  1
474       1  1  0  1  1
475       1  0  1  0  1
476       1  1  1  0  1
477       1  0  1  1  1
478       1  1  1  0  0
479       1  0  1  0  1
480       0  1  1  0  1
481       0  0  1  1  0
482       1  1  0  0  0
483       1  0  1  1  0
484       1  0  1  0  0
485       0  1  1  1  0
486       1  0  1  0  0
487       1  0  0  1  0
488       0  1  0  1  1
489       1  1  1  0  0
490       0  1  0  0  1
491       1  0  0  1  0
492       1  1  1  0  0
493       1  1  0  1  0
494       0  1  1  1  1
495       1  0  1  1  1
496       1  0  1  1  0
497       1  1  0  0  0
498       0  0  1  1  1
499       1  0  0  0  1
500       0  1  1  1  0
501       1  0  0  1  1
502       0  1  0  1  0
503       1  0  1  1  0
504       0  1  1  0  0
505       1  0  1  1  0
506       1  1  0  1  0
507       0  1  0  0  1
508       0  1  0  1  1
509       0  0  1  1  1
510       0  1  1  1  1
511       1  1  1  1  1
512       1  0  1  0  1
513       1  1  0  1  0
514       1  1  1  0  1
515       1  0  1  1  1
516       0  0  1  0  1
517       0  0  1  0  1
518       0  0  1  1  0
519       0  0  1  0  1
520       1  0  1  0  1
521       1  0  0  1  1
522       0  1  0  1  1
523       0  1  1  0  1
524       1  1  1  0  1
525       0  1  0  1  1
526       0  1  1  0  1
527       1  1  1  1  1
528       1  1  0  0  0
529       0  0  1  1  1
530       1  1  0  1  0
531       1  1  0  1  0
532       0  1  0  1  0
533       1  1  0  1  0
534       0  1  1  0  0
535       0  0  0  1  1
536       0  1  1  1  1
537       1  0  0  0  1
538       0  1  0  1  1
539       1  1  0  1  1
540       1  1  0  0  1
541       1  1  1  0  1
542       1  0  1  1  1
543       1  1  0  0  1
544       0  0  1  0  1
545       1  0  1  0  0
546       1  1  0  0  0
547       1  0  1  0  1
548       1  1  0  1  1
549       1  0  1  0  1
550       1  1  0  1  0
551       1  1  0  1  1
552       0  1  0  1  0
553       1  1  0  1  1
554       1  0  1  1  1
555       1  0  0  1  1
556       1  0  1  1  0
557       1  0  1  0  0
558       0  1  0  0  1
559       1  0  1  1  1
560       1  0  0  0  1
561       0  1  1  0  0
562       1  1  0  1  0
563       0  0  0  1  1
564       1  0  0  1  0
565       0  1  1  1  1
566       0  1  0  0  1
567       1  1  1  1  1
568       1  0  1  0  1
569       0  1  1  0  1
570       0  1  1  0  0
571       1  0  1  0  1
572       0  1  1  1  0
573       0  1  1  0  0
574       1  0  0  1  1
575       1  0  1  0  1
576       0  0  0  1  1
577       0  1  0  0  1
578       1  1  0  1  1
579       0  1  0  1  0
580       1  0  1  1  0
581       1  1  0  0  0
582       0  1  1  1  1
583       1  0  0  1  1
584       1  0  0  1  1
585       0  1  1  1  1
586       1  0  1  0  0
587       0  1  1  0  1
588       0  1  0  0  1
589       1  0  0  0  1
590       1  1  0  0  0
591       0  1  0  1  1
592       1  0  1  1  1
593       0  1  0  1  0
594       0  1  1  1  0
595       1  1  1  0  0
596       1  0  1  0  1
597       1  0  1  0  0
598       0  1  1  1  1
599       0  0  1  1  1
600       1  0  0  1  0
601       1  0  0  1  0
602       1  1  0  0  0
603       1  1  1  0  0
604       1  1  0  0  1
605       0  1  0  1  1
606       0  0  0  1  1
607       0  1  1  1  1
608       1  0  0  1  1
609       1  0  0  0  1
610       0  1  1  1  1
611       0  1  0  1  1
612       1  1  1  0  0
613       1  0  1  0  0
614       1  0  1  0  0
615       0  1  1  1  0
616       0  1  0  1  1
617       1  1  0  1  0
618       0  0  1  1  1
619       1  1  0  0  1
620       1  1  0  0  0
621       1  0  0  1  0
622       1  0  1  1  1
623       1  1  1  0  1
624       1  0  0  1  0
625       0  0  1  0  1
626       0  1  1  0  0
627       0  0  1  1  0
628       0  1  1  1  0
629       1  1  0  0  1
630       1  0  0  1  1
631       1  0  1  1  1
632       0  1  0  1  1
633       1  1  0  0  1
634       1  1  1  0  0
635       1  0  1  1  1
636       1  0  0  1  0
637       0  1  0  0  1
638       1  0  0  1  0
639       0  1  0  1  0
640       1  1  0  1  0
641       0  0  1  1  1
642       0  0  1  1  0
643       1  0  1  0  0
644       1  1  0  0  0
645       1  1  0  1  0
646       1  1  1  0  1
647       0  0  1  0  1
648       1  0  1  0  1
649       0  1  0  0  1
650       0  0  1  1  0
651       1  1  1  1  0
652       0  1  0  0  1
653       0  0  1  1  1
654       0  0  0  1  1
655       0  0  1  1  1
656       1  0  1  0  0
657       0  1  0  0  1
658       1  1  1  1  0
659       0  1  1  1  1
660       0  0  0  1  1
661       1  1  0  1  1
662       1  1  1  1  0
663       0  1  0  1  1
664       0  1  1  1  1
665       0  1  1  1  1
666       1  0  1  0  1
667       0  1  1  0  1
668       1  0  1  0  0
669       1  1  0  0  0
670       1  1  1  1  1
671       0  0  1  0  1
672       0  0  1  1  0
673       0  1  1  0  1
674       1  1  0  0  1
675       1  1  1  0  0
676       0  1  1  1  0
677       1  0  1  0  0
678       1  1  0  1  1
679       0  0  1  1  0
680       1  1  1  1  1
681       0  1  1  0  1
682       0  1  1  1  0
683       1  1  1  1  1
684       0  0  1  0  1
685       1  1  0  1  0
686       0  1  0  0  1
687       0  1  1  0  0
688       1  1  1  1  0
689       0  0  1  1  1
690       0  1  1  0  0
691       0  0  1  1  0
692       0  1  1  1  1
693       0  1  1  1  0
694       1  1  0  1  1
695       0  0  1  1  0
696       1  1  0  1  1
697       1  0  1  0  0
698       0  0  0  1  1
699       0  1  1  1  1
700       1  0  1  0  1
701       0  0  1  1  0
702       0  1  1  1  1
703       1  1  1  1  0
704       1  1  1  1  0
705       1  1  1  1  1
706       0  1  0  0  1
707       1  0  0  1  1
708       1  0  0  0  1
709       1  0  0  0  1
710       0  1  0  0  1
711       0  0  1  1  1
712       0  1  1  0  1
713       1  1  1  1  1
714       1  0  1  0  0
715       1  1  0  0  0
716       1  1  1  1  0
717       1  1  0  1  0
718       1  1  0  0  1
719       1  0  1  1  0
720       1  1  1  1  0
721       0  1  1  1  0
722       0  1  0  1  0
723       0  1  0  0  1
724       0  1  1  1  1
725       0  1  1  0  1
726       0  1  0  1  0
727       0  0  1  1  0
728       1  1  0  1  1
729       0  0  0  1  1
730       0  0  1  1  1
731       1  1  1  1  0
732       0  0  1  0  1
733       1  1  1  0  0
734       1  1  1  1  1
735       1  1  1  1  0
736       1  1  1  1  0
737       1  0  1  1  1
738       0  1  0  1  1
739       1  1  1  0  1
740       1  1  1  1  1
741       0  1  1  0  1
742       1  1  0  0  1
743       0  1  0  1  0
744       0  1  1  1  1
745       0  1  1  0  0
746       0  1  0  0  1
747       1  0  1  0  1
748       1  1  1  1  1
749       0  0  1  1  1
750       1  0  1  1  0
751       1  1  1  0  0
752       0  0  1  0  1
753       1  0  0  0  1
754       1  0  1  1  1
755       1  1  1  0  1
756       1  1  1  1  0
757       1  0  1  1  0
758       1  1  1  0  1
759       1  0  1  0  0
760       0  1  1  1  1
761       0  1  0  0  1
762       1  0  0  1  0
763       1  1  0  1  0
764       1  0  0  1  1
765       1  0  1  0  1
766       0  1  1  0  0
767       1  0  0  1  0
768       1  0  1  0  0
769       1  0  0  1  1
770       1  1  0  0  1
771       1  0  0  1  1
772       0  1  0  1  0
773       0  0  1  0  1
774       1  1  0  0  1
775       1  1  0  1  1
776       0  0  1  1  1
777       1  1  0  1  0
778       1  1  0  0  0
779       1  0  1  0  1
780       1  0  0  0  1
781       0  1  1  0  1
782       1  0  1  1  1
783       1  0  1  0  0
784       0  1  0  1  0
785       0  0  1  1  0
786       1  1  1  0  1
787       1  1  0  1  0
788       1  0  1  1  0
789       0  0  0  1  1
790       1  1  1  1  0
791       1  0  1  0  1
792       1  1  1  0  1
793       1  1  1  0  1
794       0  1  0  1  1
795       1  0  1  0  0
796       1  1  1  0  1
797       0  1  1  1  1
798       0  1  1  1  1
799       1  0  1  0  0


0             50        50
1         63.672     36.76
2         32.908    59.295
3         56.135    34.141
4         30.396    50.646
5         91.701    51.843
6         70.353    15.152
7         40.089    75.769
8         68.099    73.567
9         20.336    56.305
10         52.883    30.404
11         55.455    76.131
12         64.323    31.917
13          79.19    30.056
14         16.407    19.811
15         45.844    86.669
16         89.301    68.339
17         91.069    78.184
18          52.42    11.575
19         54.571    62.637
20         87.648    21.588
21         92.255    56.039
22         40.176    74.317
23         31.246    44.958
24         23.819    54.228
25         69.977    90.158
26         77.535    57.366
27         91.168    68.714
28         39.629    80.633
29         46.742    56.053
30         68.881    26.019
31         42.715    74.723
32         72.653     59.33
33         91.631      68.6
34         39.254     9.754
35         70.177    69.863
36          67.27    14.672
37         27.509    70.227
38         86.311    59.705
39         15.619     5.559
40         28.892    88.317


1    63.811    36.462
2    64.698    35.767
3    61.578    36.743
4    63.499    37.374
5    64.713    36.398
6    63.719    36.501
7    64.282     36.76
8    59.577    34.484
9    63.971     37.89
10    62.927    36.058
11    59.419    35.655
12    61.627    37.621
13    63.939    34.145
14     63.66    40.629
15    59.909    35.934
16    63.648     36.87
17    63.137    37.422
18     65.17    40.325
19    64.001    36.803
20    61.451    35.006
21    35.879    61.249
22    32.831    59.358
23    36.015    59.946
24    31.116    60.366
25    29.244     60.61
26    29.516    62.852
27    34.415    56.165
28    34.484    58.247
29    33.134    57.262
30    32.426    55.084
31    31.303     62.31
32    33.709    58.296
33     28.62    60.005
34    29.635    56.684
35    32.292     58.68
36    35.293    60.846
37    36.816    58.836
38    30.086    57.835
39    32.014    60.516
40    35.655    59.584
41    56.343    34.346
42     55.75    36.668
43    55.622    37.698
44    55.341    34.342
45    56.831    31.999
46    54.614    36.503
47    60.008    35.746
48    56.913    35.694
49    53.934    32.718
50    60.966    34.124
51    55.899    33.844
52    58.866    32.009
53    61.003    33.067
54    55.834     34.49
55    54.546    35.837
56    60.077    36.359
57    56.137    34.033
58    59.615    32.846
59    55.919    34.068
60    54.725    34.035
61     33.57    51.304
62    29.874    50.777
63    30.139    50.591
64    30.784    51.995
65    31.899    54.078
66    30.822    51.955
67    31.336    47.279
68    34.129    53.058
69    27.236    54.182
70    27.411    48.388
71    31.322    50.182
72     35.12    51.678
73    31.038    50.921
74    26.283    48.666
75    28.838    49.308
76    34.305    47.942
77    29.134      49.8
78    29.931    51.169
79    27.777    53.472
80    28.339    46.735
81    91.762    53.719
82    89.179    53.949
83    91.829    52.131
84    93.953    53.414
85    93.241    52.849
86    92.435    55.314
87    94.918    55.554
88    93.518    54.664
89    96.143    52.438
90    91.658    51.895
91    87.563    49.057
92    90.732    54.506
93    88.876    54.882
94    95.514    53.446
95    90.288    52.503
96     96.11    51.606
97    94.826    54.023
98    95.845    51.116
99    93.575    53.557
100    91.954    51.413
101    69.468    10.298
102    71.882    17.717
103    68.153    11.692
104    68.306    16.879
105    71.593    10.394
106     71.69     18.14
107    66.601    12.745
108    70.154    14.824
109     69.85     12.48
110     66.41     16.95
111    70.258    15.312
112     69.36    13.396
113    73.003    19.057
114    67.005    16.073
115    71.595    15.357
116    74.351    15.013
117    70.222    15.268
118    70.818    16.773
119    73.983    12.083
120    67.945    18.351
121    40.453    77.522
122    40.642    74.604
123    40.931    74.525
124    40.565    77.896
125     40.61    77.783
126    39.627    78.706
127    38.879    78.413
128     40.35    73.751
129    41.687    77.122
130    41.068    77.285
131    40.024    75.161
132    35.266    75.021
133    39.814    72.024
134    42.358    71.772
135    36.382     77.79
136    42.358     73.49
137    38.443    74.701
138    40.009    75.956
139     40.49    75.786
140    39.819    75.908
141    68.872    72.669
142    69.033    70.831
143    67.664    70.234
144    64.402    70.772
145    69.544      70.4
146    64.471    70.851
147    67.636    73.954
148    64.971    70.268
149    68.079    73.923
150    68.121     73.33
151    67.587    72.348
152    66.431    76.047
153    68.986    78.224
154    71.074     73.69
155    69.489    70.974
156    65.967     75.47
157    65.623    76.744
158    68.038    72.033
159    69.155    71.349
160    68.811    68.627
161    17.455    59.428
162    18.879    59.449
163    24.435    56.564
164    20.866    57.237
165    17.115    55.993
166    22.326    59.499
167    22.917    52.602
168    20.646    56.867
169    22.928    57.216
170    17.513    52.409
171    16.793    57.014
172    22.605    60.277
173    19.264     56.19
174    15.776    57.253
175    20.319    56.058
176    19.493    57.111
177    18.493    54.629
178    20.464    55.306
179    20.194    54.896
180    18.952    56.116
181    53.627    30.008
182    56.479    33.676
183    54.128    30.556
184    54.677    29.624
185    53.501    31.742
186    52.948    30.471
187    54.337    26.773
188    50.419    30.068
189    53.308    32.047
190    51.411    27.871
191    53.537    30.698
192    55.735    26.459
193    52.762    35.389
194    52.531     33.85
195     50.27    26.522
196    49.918    32.045
197    53.045    30.702
198    48.332    30.145
199    54.604    30.898
200    54.599    31.969
201    53.691    72.809
202    55.272     75.77
203    59.795     75.87
204    54.585    77.516
205    57.886    72.122
206    55.553    76.241
207     55.45    76.019
208    57.438    74.465
209    59.378    73.734
210    52.286    77.291
211    50.897     75.33
212    53.352    74.909
213    54.858    75.162
214    54.318    76.051
215    53.067    78.944
216    53.061    77.262
217    58.239    77.134
218    52.655    76.548
219    51.115    77.017
220    53.388    76.739
221     65.54    36.266
222    67.295    31.733
223    64.076    31.039
224    66.998    32.665
225    63.891    31.726
226    64.849    32.466
227    64.897    32.555
228    62.062    29.721
229    62.282    32.237
230    61.824    27.866
231    63.229    31.401
232    62.327    28.516
233    64.572    31.942
234    67.575    29.108
235    61.703    35.944
236    61.184    30.352
237    64.889    31.139
238    65.121    28.697
239    62.308    35.299
240     67.85     29.18
241     79.83    27.992
242    77.551    29.475
243    79.218    30.047
244    82.222    28.245
245    79.054    25.118
246    82.825    33.357
247    77.148    25.568
248    80.496    28.592
249    79.849    29.541
250    79.227    30.044
251    78.387     30.51
252    75.078    31.328
253    79.313    29.796
254    75.894    27.468
255    79.553    31.361
256    79.665    31.904
257    78.938    30.103
258    80.603    29.356
259    79.399      28.7
260    78.005    28.001
261    15.334     18.99
262      13.6    20.147
263    14.647     15.97
264    16.737    18.483
265    18.819    20.121
266    16.488    21.299
267    18.762    21.218
268    19.097    17.724
269    14.937    22.599
270    17.312    18.571
271     13.82    17.046
272    16.207    20.295
273    15.665    17.325
274     17.25    18.981
275     18.55     20.61
276    15.831    20.403
277    16.957    19.042
278    19.264    19.097
279     15.28    18.803
280    17.765    21.943
281      44.6    86.095
282    46.587    82.552
283    49.624    88.799
284    44.965    82.289
285     45.45    87.455
286    47.681    88.328
287    49.385    87.559
288    45.545     86.81
289    45.655    84.836
290    46.164    88.183
291     48.29    89.896
292     47.63    82.898
293    45.875    86.343
294        48    87.086
295    45.242    88.649
296    44.831    86.025
297    45.419    81.863
298    42.406    90.094
299    43.435    82.295
300     49.56    87.923
301    91.057    65.505
302    91.178    72.241
303    87.493    68.309
304    88.695    64.594
305    90.413    71.502
306    89.588    68.567
307    88.282    67.662
308    88.644    72.877
309     91.97    72.505
310    91.194    70.503
311    87.382    68.611
312    90.231    71.922
313    93.056    69.488
314    88.158    68.258
315    90.015    70.611
316    89.737    68.155
317    88.651    67.431
318    86.508    66.096
319    88.475    69.447
320    88.376    66.537
321    91.512    78.154
322    91.802    79.495
323    87.529    78.054
324    91.595    78.853
325    93.238    73.994
326    92.468    75.587
327    89.803    78.682
328    92.278    80.053
329    91.154    78.203
330    93.544     77.78
331    88.946    78.476
332    92.631     73.47
333    90.816    78.117
334    94.155    75.668
335    91.048    78.183
336    93.441    82.516
337    87.712    79.573
338    89.139    78.125
339    91.258     74.91
340     92.91    78.177
341    49.978     10.93
342    52.775    11.629
343    50.992     9.466
344    54.781    15.494
345     52.59    12.035
346    51.762    15.545
347    52.645    11.638
348      52.2    12.717
349    54.445    15.504
350    51.774    11.858
351    52.996    12.906
352    51.466    14.794
353     50.54    15.877
354    51.847     9.725
355    55.861     12.41
356     54.73    12.145
357    53.397    15.586
358    52.992     9.161
359    52.299    11.753
360    54.823    12.948
361    58.082     59.44
362    56.058    62.168
363    56.702    59.811
364    54.539    62.943
365    56.453    58.922
366    53.793    62.947
367    53.736    62.599
368    56.928    61.292
369    51.624      66.2
370    55.299    62.853
371    54.687    64.867
372    53.421    64.818
373    49.972    63.125
374    52.198    63.925
375    52.367    58.676
376    57.554    63.873
377     54.66    62.069
378    51.729        63
379    55.797    58.264
380    56.439    62.346
381    91.566    21.922
382    87.396    22.729
383    83.962    22.057
384    86.758    24.967
385    86.305    20.573
386    86.469    17.246
387    87.627    21.664
388    85.871    23.277
389    88.762    21.563
390    90.468    21.351
391    87.306      20.4
392    87.771    21.727
393     88.56    20.811
394    87.835    21.795
395    90.474    22.159
396    87.947    22.123
397    86.799    20.814
398    88.562    22.096
399     86.72    19.736
400    86.972    22.265
401    95.014    53.078
402    90.874    52.277
403    89.807    56.534
404    94.575    56.937
405    94.577    57.348
406    92.963    57.364
407    92.899    55.957
408    89.723    53.164
409    92.184    55.959
410     92.96    53.536
411    92.749    57.815
412    89.784    58.551
413    92.317    54.352
414    93.001     56.08
415    93.361    58.686
416     91.35    56.768
417    94.934    59.759
418     92.38    55.291
419     89.62    57.373
420    93.193    56.704
421    40.206    75.373
422    39.816    75.629
423    40.759    76.377
424    35.839    75.854
425     38.06    71.075
426    42.774    72.787
427    38.498    73.878
428      41.7    74.129
429    39.076    73.491
430    37.049    74.439
431    40.397    73.984
432    40.251    76.193
433    44.134    72.903
434    37.409    73.722
435    40.223     74.94
436    39.422    75.128
437    39.366     74.74
438    37.626    76.477
439    37.559    72.886
440    41.292    78.547
441    32.279     43.75
442    26.708    43.516
443    34.433    42.789
444    33.706    44.369
445    31.232    44.779
446    32.448    48.197
447    29.833    45.613
448    31.242    43.751
449    30.806    43.565
450    31.192    44.735
451    33.762    47.464
452    31.832    45.293
453    26.978    44.806
454    33.041    44.617
455    28.359    43.566
456    31.306    44.831
457    31.101    44.545
458    31.303    44.677
459    35.075    42.374
460    31.776    45.748
461     23.48    56.129
462    23.535     55.18
463    23.797    55.444
464    23.812    54.528
465     24.68     53.31
466     22.72    55.424
467    24.339    51.999
468    19.282    52.243
469    27.325    53.884
470    25.242    53.246
471    26.398    55.678
472    24.363    54.286
473    23.676    55.768
474    23.905     54.24
475    28.381    53.426
476    22.411    55.566
477    23.698    54.279
478    26.256    55.734
479    25.543    56.331
480    25.009    56.046
481    70.719    89.189
482    72.455    90.907
483    71.781    87.825
484     71.26    85.504
485    66.152    87.496
486    72.648    87.773
487    69.724    90.146
488    70.055    92.287
489    69.915    90.925
490    71.187    88.894
491    69.161    92.699
492    67.372     88.25
493    68.648    88.628
494    70.969    92.854
495    70.145    90.909
496    68.625    92.765
497    66.878    91.086
498    70.374    87.688
499    71.676    90.457
500    69.658    87.754
501    78.547    56.209
502    81.118    57.266
503    77.408     57.34
504    76.913    55.948
505    77.598     55.51
506    77.562    57.158
507    77.883    55.655
508    77.448    57.526
509    78.147    53.095
510    76.578    56.626
511    79.241    55.917
512    77.331    58.392
513    77.703    57.396
514    79.871     53.23
515    80.656    55.745
516    77.226    56.978
517    74.706    54.931
518     77.31    58.131
519    76.259    57.554
520    76.859    57.955
521    91.232    68.689
522    90.957      67.2
523    91.771    70.706
524    91.919    67.144
525    90.801    70.563
526    93.579    67.459
527    89.291    72.757
528    90.175    68.321
529    91.581    70.115
530    90.352    69.564
531    92.184    68.948
532     90.19    69.232
533    92.886    69.371
534    89.995    71.819
535    89.269    73.107
536    94.123    68.673
537    92.933    69.225
538    93.043    67.672
539    88.632    70.749
540    92.175    65.529
541    39.806    79.096
542    39.554    80.239
543    40.008     81.44
544      44.2    82.464
545    42.684      78.4
546    35.823     80.51
547    42.096    80.537
548    44.098    81.977
549    40.422    80.031
550    38.124     82.06
551    39.303    77.578
552    38.578    85.168
553    37.643    83.103
554        40    78.082
555    37.731    79.756
556    38.072    82.264
557    40.843    80.056
558    39.271    81.021
559    36.894    80.354
560    39.302     79.37
561    47.825    53.633
562    43.878    53.593
563    46.486    60.111
564    45.894    55.723
565     45.02    55.642
566    45.759    58.383
567    50.682    58.036
568      48.5     59.39
569    45.715    55.963
570    45.413    55.749
571    46.961     55.97
572    48.815    53.039
573     46.75    56.085
574    46.794    56.079
575    46.554    56.004
576    50.094    52.476
577      51.4    55.183
578    45.524    53.791
579    46.534    57.182
580     46.72    55.273
581    71.302    27.653
582    69.783    22.262
583    68.881    26.022
584    64.482    24.914
585    68.541    27.971
586    68.954    23.081
587    68.377    26.147
588    68.905    26.003
589     69.16    23.972
590    69.078    24.013
591    68.469    26.347
592    70.088    25.063
593    71.695    24.587
594    70.349    24.005
595    67.027    27.578
596     72.95    27.142
597    68.576    24.481
598    66.378    21.933
599    68.022    24.086
600    68.953    21.804
601    42.367    74.815
602    42.727    77.193
603    44.467    78.712
604    41.026    75.532
605    46.712    76.051
606    40.213    73.776
607    42.311     74.84
608    42.516    74.657
609    45.544    75.348
610    40.365    78.271
611    45.086    71.454
612    47.587    75.068
613    42.681    74.789
614    39.735     77.35
615    42.098    74.677
616    41.455    75.496
617    40.285    72.446
618    43.102    73.909
619     38.44    76.897
620    47.414    75.763
621    72.548    59.995
622    70.986    58.991
623    70.061    56.843
624    77.417     58.16
625    72.404    61.878
626      69.9    58.535
627     70.91    58.531
628    73.641    56.666
629    72.816    58.798
630    74.323    56.619
631    71.686    62.173
632    71.977    60.166
633    77.222    59.518
634    70.096    58.799
635    73.801    58.336
636    76.322    60.276
637    73.286    61.953
638    74.418    58.534
639    73.692    59.205
640    77.516    59.624
641    91.073    64.379
642    87.052    70.582
643    87.981    71.401
644    88.256    68.191
645    87.703    71.347
646    91.733    70.046
647    92.507    71.126
648      88.6    66.756
649     94.33    70.738
650    88.726     68.56
651     91.75    68.033
652    94.228    67.513
653    91.347    63.847
654    91.575    68.572
655    87.082    67.812
656    91.903    72.518
657    95.937    68.533
658    91.599     69.53
659    90.535     66.78
660    91.737    70.853
661     39.21      8.32
662    39.154     4.894
663    34.931     7.544
664    36.566    10.341
665    40.003    11.212
666    39.084      7.51
667    37.661     7.913
668    43.029    10.956
669    39.227     10.06
670    41.314      6.08
671    39.495     5.571
672    39.265     7.918
673    36.707     8.224
674    38.447     8.867
675    35.812     8.966
676    39.218    12.025
677    37.158     8.408
678    37.243    10.077
679     41.48    10.402
680    43.493     9.369
681     66.95    71.309
682    70.956    69.919
683    70.361    72.945
684    73.567    70.638
685    69.734    68.334
686    69.321    73.137
687    67.768    71.126
688    67.079    72.586
689    69.016    71.155
690     70.92    71.837
691    73.015    69.856
692     68.17    70.591
693    69.565    72.839
694    73.874    68.475
695    70.494     70.18
696    73.406    69.117
697    70.827    68.974
698    67.654    69.209
699    72.637    65.886
700    66.286    71.934
701    64.565    17.523
702    66.983    14.406
703    68.227    15.594
704    70.024    17.055
705    65.548    12.525
706    65.533    12.339
707    66.009    13.771
708     70.74    13.287
709    66.405    14.582
710    63.832    16.624
711    65.426    13.771
712    69.942    17.558
713    67.973     17.18
714    70.022    18.092
715    62.486    13.719
716    67.357     14.48
717    67.679    13.847
718    69.856    13.936
719    67.794    14.245
720    65.035    10.764
721    27.253    69.628
722    27.413    70.294
723    26.951    68.413
724    27.579     67.68
725    27.917    70.523
726    29.042     68.21
727    29.518     67.93
728      25.4    71.855
729    25.822    70.229
730    27.191    68.697
731    27.393    69.205
732     27.28    70.164
733    25.371    66.543
734    26.063    70.694
735    29.435     66.66
736    27.514      69.9
737    29.153    72.343
738    25.921    67.714
739    27.889    68.716
740    30.122    68.884
741    85.246    62.991
742    86.815    64.027
743    84.904    61.616
744    85.512    59.725
745    87.111    56.462
746    85.694    55.423
747    85.604    58.323
748    86.898    60.249
749     82.08    60.316
750    88.466    59.192
751    84.623    62.121
752    88.691    59.075
753    89.744    59.799
754    87.439    57.908
755    86.604     57.46
756    90.436    57.555
757     82.43    60.082
758    87.848     57.25
759     87.35    62.633
760    84.759    61.654
761    15.866     6.764
762    14.846     6.936
763    15.815     3.073
764     16.54     4.513
765    15.797     4.956
766    14.373      7.71
767    15.417      5.55
768      13.9     6.337
769    15.202     5.559
770    15.056     1.017
771    15.283     6.786
772     15.21     5.732
773    16.099     9.652
774    16.649     7.652
775     15.97     5.589
776    13.543     4.665
777    16.058     3.201
778    16.472    10.447
779    15.418     5.717
780    15.587     5.579
781    30.001    88.825
782    31.494    87.225
783    27.067    86.997
784    29.484    91.955
785    28.454     88.32
786    28.066    86.503
787     31.53    86.433
788    30.792    90.779
789    31.391    90.107
790    29.214    87.993
791    29.459    90.139
792    30.374    87.097
793    27.276    88.666
794     29.25    88.408
795    24.681    90.472
796    28.385    89.452
797    28.708    87.662
798    31.153    85.619
799    30.153    92.803
800    29.583    85.347
