81 Stops, 400 Students, 5 Max_Walking, 50 Capacity, 5 Days 

0       1  1  1  1  1
1       1  1  1  1  1
2       1  1  1  1  1
3       1  1  1  1  1
4       1  1  1  1  1
5       0  1  0  1  1
6       1  1  1  1  1
7       1  1  1  1  1
8       1  1  1  1  1
9       1  1  1  1  1
10       0  1  1  0  0
11       1  1  0  0  0
12       1  1  0  0  0
13       0  0  1  1  1
14       1  1  1  1  1
15       1  1  1  1  1
16       1  1  1  1  1
17       1  1  1  1  1
18       1  1  1  1  1
19       1  1  1  1  1
20       1  1  1  1  1
21       0  0  1  1  1
22       1  1  1  1  1
23       1  1  1  1  1
24       1  1  0  0  0
25       1  1  1  1  1
26       1  1  1  1  1
27       0  1  0  0  1
28       1  0  1  0  1
29       1  1  1  1  1
30       0  1  0  0  1
31       1  1  1  1  1
32       0  0  1  1  1
33       1  1  1  1  1
34       1  1  1  1  1
35       1  1  1  1  1
36       1  1  1  1  1
37       1  1  1  1  1
38       1  1  1  1  1
39       1  1  1  1  1
40       1  1  1  1  1
41       1  1  1  1  1
42       1  1  1  1  1
43       1  1  1  1  1
44       1  1  0  1  0
45       1  1  1  1  1
46       0  0  1  1  1
47       1  1  1  1  1
48       1  1  1  1  1
49       1  1  1  1  1
50       1  1  1  1  1
51       1  1  1  1  1
52       0  1  1  1  1
53       1  1  1  1  1
54       1  1  1  1  1
55       1  1  1  1  1
56       1  1  1  1  1
57       1  1  1  1  1
58       1  1  1  1  1
59       1  1  1  1  1
60       1  1  1  1  1
61       1  1  1  1  1
62       1  1  1  1  1
63       1  1  1  1  1
64       1  1  1  1  1
65       1  1  1  1  1
66       1  1  1  1  1
67       1  1  1  1  1
68       1  0  1  1  0
69       0  1  0  1  1
70       1  1  1  1  1
71       0  1  0  1  0
72       1  1  1  1  1
73       1  1  1  1  1
74       1  1  1  1  1
75       1  1  1  1  1
76       1  1  1  1  1
77       1  1  1  1  1
78       1  1  0  1  0
79       1  1  1  1  1
80       1  1  1  1  1
81       1  0  0  0  1
82       1  1  1  1  1
83       1  1  1  1  1
84       1  1  1  1  1
85       1  1  1  1  1
86       1  1  1  1  1
87       1  0  1  1  1
88       1  1  1  1  1
89       1  1  1  1  1
90       1  1  1  1  1
91       1  1  1  1  1
92       1  1  1  1  1
93       1  1  1  1  1
94       1  1  1  1  1
95       1  1  1  1  1
96       1  1  1  1  1
97       1  1  1  1  1
98       1  1  1  1  1
99       1  1  1  1  1
100       1  1  1  1  1
101       1  1  1  1  1
102       1  1  1  1  1
103       1  1  1  1  1
104       1  1  1  1  1
105       1  1  1  0  0
106       1  1  1  1  1
107       1  1  1  1  1
108       0  1  1  1  1
109       1  1  1  1  1
110       1  1  1  0  1
111       1  1  1  1  1
112       1  1  1  1  1
113       0  1  0  1  0
114       1  1  1  1  1
115       1  1  1  1  1
116       1  1  1  1  1
117       0  0  1  1  0
118       1  1  1  1  1
119       1  1  1  1  1
120       1  1  1  1  1
121       1  0  1  1  1
122       1  1  1  1  1
123       1  1  1  1  1
124       1  1  1  1  1
125       1  1  1  1  1
126       1  1  1  1  1
127       1  1  1  1  0
128       1  1  1  1  1
129       1  1  1  1  1
130       1  0  1  1  0
131       0  1  0  0  1
132       1  1  1  1  1
133       1  1  1  1  1
134       1  1  1  1  1
135       1  1  1  1  1
136       1  0  0  1  1
137       1  1  1  1  1
138       1  1  1  1  1
139       1  1  1  1  1
140       1  1  1  1  1
141       1  1  1  1  1
142       1  0  1  0  1
143       1  1  1  1  1
144       0  1  1  0  1
145       1  1  1  1  1
146       1  1  1  1  1
147       1  1  1  0  1
148       1  0  1  0  1
149       0  0  1  1  1
150       1  1  1  1  1
151       1  0  0  1  0
152       1  1  1  1  1
153       1  1  1  1  0
154       1  1  1  1  1
155       1  1  1  1  1
156       1  1  1  1  1
157       1  1  1  1  1
158       1  1  1  1  1
159       1  1  1  1  1
160       1  1  1  1  1
161       1  1  1  1  1
162       1  1  1  1  1
163       1  1  1  1  1
164       1  1  1  1  1
165       1  1  1  1  1
166       1  1  1  1  1
167       1  1  1  1  1
168       1  1  1  1  1
169       1  1  1  1  1
170       1  1  1  1  1
171       1  1  1  1  1
172       1  1  1  1  1
173       1  1  1  1  1
174       1  1  1  1  1
175       1  1  1  1  1
176       0  0  1  1  1
177       1  1  1  1  1
178       1  1  1  1  1
179       1  1  1  1  1
180       1  1  0  0  1
181       0  0  1  1  0
182       1  1  1  1  1
183       1  1  1  1  1
184       1  1  1  1  1
185       1  1  1  1  1
186       1  1  1  1  1
187       1  1  1  1  1
188       1  1  1  1  1
189       1  1  1  1  1
190       0  1  0  1  1
191       1  1  1  1  1
192       1  1  1  1  1
193       1  1  1  1  1
194       1  1  1  1  1
195       1  1  1  1  1
196       1  1  1  1  0
197       0  1  0  1  0
198       1  1  1  1  1
199       1  1  1  1  1
200       1  0  0  0  1
201       1  1  1  1  1
202       1  1  1  0  1
203       1  1  1  1  1
204       1  1  1  1  1
205       0  0  1  0  1
206       1  1  1  1  1
207       1  1  1  1  1
208       0  1  0  1  1
209       1  0  0  1  0
210       1  1  0  1  1
211       1  1  1  1  1
212       1  1  1  1  1
213       1  1  1  1  0
214       1  1  1  1  1
215       1  1  1  1  1
216       1  1  1  1  1
217       1  1  1  1  0
218       1  1  1  1  1
219       0  0  1  1  0
220       1  1  1  1  1
221       1  1  1  1  1
222       1  1  1  1  1
223       1  1  1  1  1
224       1  1  1  1  1
225       0  0  1  1  1
226       0  1  1  0  1
227       1  1  1  1  1
228       1  1  1  1  1
229       1  1  1  1  1
230       0  0  1  1  0
231       0  0  1  1  1
232       1  1  1  1  1
233       1  1  1  1  1
234       1  1  1  1  1
235       1  1  1  1  1
236       1  1  1  1  1
237       1  1  1  1  1
238       1  1  1  1  1
239       1  1  1  1  1
240       1  1  1  1  1
241       1  1  1  1  0
242       1  1  1  1  1
243       1  1  1  1  1
244       1  1  1  1  1
245       1  1  1  1  1
246       0  1  0  0  1
247       1  1  1  1  1
248       1  1  1  1  1
249       1  1  1  1  1
250       1  1  1  1  1
251       1  1  1  1  1
252       1  1  1  1  1
253       1  1  1  1  1
254       1  1  1  1  1
255       0  1  1  1  1
256       0  1  1  1  0
257       1  1  1  1  1
258       1  1  1  1  1
259       1  1  1  1  1
260       1  1  1  1  1
261       1  1  1  1  1
262       1  1  1  1  1
263       1  1  1  1  1
264       1  1  1  1  1
265       1  1  1  1  1
266       1  1  1  1  1
267       1  1  1  1  1
268       1  1  0  1  0
269       0  1  0  0  1
270       1  1  1  1  1
271       1  1  1  1  1
272       1  1  1  1  1
273       1  1  1  1  1
274       1  0  0  1  0
275       1  1  1  1  1
276       1  1  1  1  1
277       1  1  1  1  1
278       1  1  1  1  1
279       1  1  1  1  1
280       1  1  1  1  1
281       1  1  1  1  1
282       1  1  1  1  1
283       1  1  1  1  1
284       1  1  1  1  1
285       1  1  1  1  1
286       1  1  1  1  0
287       1  1  1  1  1
288       1  1  1  1  1
289       0  1  0  1  1
290       1  1  1  1  1
291       1  1  1  1  1
292       0  1  1  1  1
293       1  1  1  0  0
294       1  0  1  1  0
295       1  1  1  1  1
296       1  1  1  1  1
297       1  1  1  1  1
298       1  1  1  1  1
299       1  1  1  1  1
300       1  1  1  1  1
301       0  1  0  0  1
302       1  1  1  1  1
303       0  0  1  1  0
304       1  1  1  1  1
305       1  1  1  1  1
306       1  1  1  1  1
307       0  1  1  0  0
308       1  1  1  1  1
309       1  1  1  1  1
310       1  1  1  1  1
311       1  1  1  1  1
312       0  1  1  0  1
313       1  1  1  1  1
314       1  1  1  0  1
315       1  1  1  1  1
316       1  1  1  1  1
317       1  1  1  1  1
318       1  1  1  1  1
319       1  1  1  0  0
320       1  1  1  1  1
321       1  0  1  0  1
322       1  1  1  1  1
323       1  1  1  1  1
324       1  1  1  1  1
325       1  1  1  1  1
326       1  1  1  1  1
327       1  1  1  1  1
328       1  1  1  1  1
329       1  1  1  1  1
330       1  1  1  1  1
331       1  1  1  1  1
332       1  1  1  0  1
333       1  1  1  1  1
334       1  1  1  1  1
335       1  1  1  1  1
336       1  1  1  1  1
337       1  1  1  1  1
338       1  1  1  1  1
339       1  1  1  1  1
340       1  1  1  1  1
341       1  1  0  0  1
342       0  1  1  0  0
343       1  1  1  1  1
344       1  1  1  1  1
345       1  1  1  1  1
346       1  1  1  1  1
347       0  0  1  1  0
348       1  1  1  1  1
349       1  1  1  1  1
350       1  1  1  1  1
351       1  1  1  1  1
352       1  1  1  1  1
353       1  1  1  1  1
354       1  1  1  1  1
355       0  1  0  1  1
356       1  1  1  1  1
357       0  1  0  1  1
358       1  1  1  1  1
359       1  1  1  1  1
360       1  1  1  1  1
361       1  0  1  1  1
362       1  1  1  1  1
363       0  1  1  0  0
364       1  1  1  1  1
365       0  1  1  1  1
366       1  1  1  1  1
367       1  1  1  1  1
368       1  1  1  1  1
369       1  1  1  1  1
370       1  1  1  1  1
371       1  1  1  1  1
372       0  1  1  1  1
373       1  1  1  0  1
374       1  1  0  1  1
375       1  1  1  1  1
376       1  1  1  1  1
377       1  1  1  1  1
378       0  1  1  0  0
379       1  0  0  0  1
380       1  1  1  1  1
381       1  1  1  1  1
382       1  1  1  1  1
383       1  1  1  1  1
384       1  1  1  1  1
385       0  1  1  1  1
386       1  1  1  1  1
387       1  1  1  1  1
388       1  0  0  1  0
389       1  1  1  1  1
390       1  1  1  1  1
391       0  0  1  1  0
392       1  1  0  1  0
393       1  1  1  1  1
394       0  1  0  0  1
395       1  1  1  1  1
396       1  1  1  1  1
397       0  1  1  1  1
398       1  1  1  0  1
399       1  1  1  1  1


0             50        50
1         79.594    93.408
2         74.806    89.336
3          8.844     71.45
4         20.419     6.388
5         51.286    75.732
6         35.331    27.748
7         75.424    94.156
8         53.433    34.181
9         12.762    66.455
10          55.47      87.3
11         70.576    60.401
12         75.335     6.239
13         94.581    16.424
14         40.828    21.174
15         29.723    46.844
16          61.32    16.982
17         63.181     9.386
18         46.753    20.217
19         13.693    20.925
20         71.411    44.778
21         73.552    89.262
22         22.978    18.846
23         37.401    45.176
24         16.697    23.325
25           91.3    60.323
26         64.249    41.068
27         57.236    92.709
28         38.168     45.39
29         23.072    19.707
30          90.14     8.545
31         44.804    84.097
32         87.098    17.152
33         32.264    78.949
34         15.358    86.594
35         37.408    18.456
36         75.447    69.263
37         49.759      9.79
38          76.64    92.553
39         40.272    88.567
40         45.847    59.879
41         11.477     6.233
42         47.166    69.531
43         77.612    68.915
44         79.343    52.431
45         53.179    83.288
46         67.613    17.801
47         72.394     9.229
48         26.143    62.857
49         86.071    67.394
50          8.084    83.543
51         86.382    29.306
52         28.553    34.408
53         80.327     63.28
54         82.551    47.624
55         87.305    40.477
56         42.522     9.843
57         39.182    74.553
58          7.379    63.763
59         81.051    40.136
60         77.452    48.724
61             26    30.268
62         79.049    88.545
63          84.55    87.895
64          29.02    87.561
65         63.717    53.665
66         10.889    41.853
67         16.288    80.197
68         63.714    63.682
69         90.897    91.402
70         75.779    78.706
71         23.109     7.116
72         71.532     18.86
73         24.282    66.447
74         22.091    81.429
75         53.398    34.729
76         27.289    89.712
77         45.374    11.917
78         47.002    14.372
79         39.015    11.061
80          36.56     17.93


1    79.972    95.684
2     76.59    95.468
3    79.511    89.149
4    78.361    93.797
5    79.435    93.637
6    75.368    91.695
7    76.235    91.985
8    79.185    87.543
9    77.874     89.75
10    74.423    87.722
11     6.035    70.928
12    10.124    67.791
13    10.941    75.214
14     8.548    73.736
15    11.574    75.301
16    17.889     2.285
17    21.466     5.309
18    20.524     8.071
19    20.671     6.196
20    16.933     4.108
21    49.548    77.152
22    46.386    75.848
23    48.688    75.412
24     46.71    77.372
25    52.072    75.909
26    34.818     26.89
27    37.093    27.381
28    37.557    28.778
29    38.216    23.753
30     35.14    27.598
31    77.718    92.175
32    76.721    92.174
33    75.439     93.94
34     75.07    94.197
35    75.819    97.724
36    54.064    37.328
37    53.846    33.884
38    52.958    34.046
39    52.632    35.538
40    53.027    33.573
41    15.872    65.159
42    14.512    68.799
43    10.758    64.292
44    16.145    64.935
45    11.994    64.952
46    54.108    85.984
47    55.731    88.295
48    56.005    87.072
49    57.247    85.944
50    54.668    86.907
51    69.174    61.153
52    71.247    61.096
53    73.322    58.333
54    68.738    60.096
55    73.634    60.111
56    70.875     6.888
57    77.545     6.003
58    74.554     6.788
59    76.246     4.982
60    75.033     9.117
61    93.973     20.72
62    94.502    16.338
63    95.991    18.629
64    94.456    17.836
65     97.43    20.071
66    40.111    20.403
67    41.132    21.415
68     38.64    19.425
69     41.41    18.391
70    42.274     20.06
71    32.758    50.536
72     28.38    48.826
73    34.005    47.621
74    29.436    46.244
75    29.973     47.13
76    61.294    17.003
77    58.026    17.377
78    63.738    17.541
79     60.76    16.038
80    60.542    19.407
81    63.719    11.463
82    63.503     8.882
83    66.965    10.951
84    63.711     7.957
85    66.071     8.673
86    45.655    19.681
87    47.684    20.797
88     46.33    20.654
89     47.36    22.188
90    48.763     21.36
91    14.427    17.849
92    14.837    21.843
93    13.763    20.857
94    17.636    22.432
95    13.273    22.917
96    70.647    44.355
97    74.204    48.371
98    71.434    44.774
99    71.307    42.634
100     71.88    39.864
101    69.415    87.376
102    76.556    85.992
103    74.009     86.06
104    73.022     93.65
105    73.727    88.533
106     22.35    20.622
107     21.72    21.926
108    21.569    19.528
109    25.225    17.095
110    23.758    15.563
111    37.568    45.482
112    40.712    45.595
113    35.688     48.15
114    36.558    43.295
115    35.834    46.615
116    18.597    22.257
117    17.058    27.393
118    15.327    24.485
119    17.848    24.962
120    13.657    25.203
121    90.533    57.466
122    88.784    62.552
123    93.769    61.041
124    91.721    63.939
125    89.289    57.411
126    66.956    42.443
127    63.616    42.129
128    67.606    39.882
129    64.268     41.09
130    63.892    43.577
131    58.848    94.531
132    53.284    94.761
133    57.283    92.304
134    59.005    92.209
135    54.626    94.288
136    38.772    46.695
137    34.123    43.203
138    35.007    46.699
139    36.642    48.468
140    36.906    46.908
141    22.041    17.946
142    21.266    19.092
143    23.911    20.932
144    25.998    23.333
145    20.608    19.714
146    91.848     8.825
147    91.752     11.27
148    90.693     8.409
149    91.279     9.919
150    90.461     8.091
151    43.177    86.305
152    47.294    86.718
153    46.769    84.606
154    47.582     80.87
155    46.679    87.536
156    87.111     19.01
157    89.412    13.784
158    87.931     16.86
159    86.998     17.38
160    82.912    15.992
161    28.342    80.933
162    31.582    80.571
163    29.241    77.846
164    34.058    78.306
165    32.977     76.63
166    17.074     86.61
167    18.058    87.405
168    18.785    84.882
169    15.431    86.531
170      14.7    85.511
171    41.266    15.282
172      41.2    17.825
173    41.666    16.222
174    32.841    17.538
175    38.792    15.519
176    72.213    66.413
177     79.27    70.718
178    76.192    67.947
179    75.678    67.076
180    74.691    69.649
181     48.51     9.561
182    49.762     9.684
183    51.999    10.123
184    50.331     8.521
185    48.613     7.936
186    79.494    88.979
187     78.34    94.372
188    76.512    93.842
189    76.039    92.861
190    75.082    93.867
191    44.409    90.152
192    42.236    92.903
193    40.487    88.638
194     41.31    88.166
195    40.415    87.578
196    45.638     59.99
197    43.639    57.136
198    43.834    57.669
199    47.379    57.717
200    42.461    58.051
201     9.376     5.657
202    11.271    10.254
203     8.064     4.885
204    13.935     5.377
205     8.229     9.419
206    46.832    70.892
207    46.758    69.287
208    46.941     65.32
209    47.039    69.425
210    47.472    67.731
211    77.736    69.473
212    77.554    68.734
213    72.747    69.573
214    77.527    68.603
215    76.873    70.649
216    82.376    52.752
217    81.832    49.433
218    78.364    52.146
219    81.796    48.595
220     79.23    52.139
221    49.557    81.294
222    54.919    81.631
223    56.174    84.745
224    54.144    83.411
225      49.8    80.846
226    69.167     20.41
227    65.644    20.046
228     66.15    17.342
229    69.383    14.618
230    68.056    16.802
231    74.921     8.295
232    75.875     6.184
233    71.006    10.334
234    73.076     9.537
235    72.134      7.93
236    29.874     59.84
237    27.006    62.229
238    27.854    60.399
239    27.201    60.835
240    26.909     65.23
241    83.348    66.633
242    85.517    67.179
243    83.919    70.004
244    84.919    70.336
245    82.258    64.743
246     8.046    83.446
247     7.958    83.032
248     9.181    83.313
249     7.793    83.577
250      9.17    80.663
251    84.396    32.743
252    87.909    31.056
253    87.721    30.498
254    86.788    24.388
255    85.151    28.155
256    30.415    34.966
257    25.321    32.139
258    27.131    33.733
259     27.91    37.733
260    27.365    34.016
261    82.555    62.723
262    79.964    63.659
263    76.522    63.037
264    76.911    64.743
265    77.497    60.471
266    82.615    48.225
267    80.368    45.009
268    80.063    45.654
269    80.257    44.975
270    82.681    48.182
271    86.932    40.941
272    86.899    38.787
273    85.852    40.215
274    84.683    39.564
275    87.329     42.36
276    44.752     8.434
277    38.803     10.52
278    41.172     7.441
279    38.871     11.88
280    44.503    11.688
281    41.971    73.393
282    35.893    74.295
283     41.92    76.441
284    37.656    77.231
285    38.891    75.101
286    10.155    62.393
287    10.271    60.499
288    10.086    64.183
289     5.332    62.483
290     3.619     65.47
291    79.601    40.573
292    79.465     38.36
293    79.724    37.693
294    77.638    38.877
295    79.791    42.158
296    77.392    47.337
297    75.645    50.154
298     77.08    47.768
299    75.559    51.689
300    77.389    49.745
301    24.917    33.001
302    26.359    29.738
303    24.627    30.929
304    26.807    32.302
305    29.065    29.996
306    79.911    89.541
307    78.214    89.718
308    79.035    90.728
309    76.791     89.94
310    82.341    87.948
311    84.729    86.567
312    86.534     91.27
313    87.335    90.506
314    88.786    88.444
315    81.347    86.871
316    25.862    86.895
317    30.112    88.331
318    28.996    87.629
319    29.453    89.333
320    25.177    87.202
321    65.253    51.085
322    65.375    54.204
323    63.548    53.465
324    63.675    53.758
325    63.019    53.746
326     8.715    37.519
327    11.303    39.251
328     8.308     40.21
329    12.335    42.272
330    14.322    39.779
331    16.695    80.011
332    16.613    77.246
333    17.367    81.264
334    17.647    82.252
335    17.764    84.667
336    63.706    63.739
337    65.202    64.198
338    67.433     66.33
339    66.618     61.01
340    61.436    67.277
341    87.879    92.155
342     91.61    90.625
343    92.347    91.361
344     91.04    92.008
345    90.873    91.427
346     75.72     79.52
347    79.275    75.391
348     78.35    80.914
349    75.079    75.439
350    76.265    77.391
351    21.089     7.814
352    23.959     6.531
353    25.734     9.194
354    22.922     8.676
355    21.023     8.253
356    71.552    19.224
357    73.357    17.794
358    72.345    19.284
359    73.286    20.799
360      70.5    17.975
361    19.955    66.028
362    24.649    63.289
363    23.507    65.288
364    25.767    69.769
365    28.281    65.138
366    21.701    81.121
367     22.67     79.58
368    21.012    82.297
369    20.951    79.926
370    22.438     76.95
371    48.793    33.799
372    53.193     33.21
373    52.466    31.128
374    50.337    32.538
375    52.737    33.181
376    30.857    87.116
377     30.73    91.288
378    27.686    89.954
379    28.732    91.966
380    25.922    86.861
381    46.189    11.897
382    41.749    10.951
383    42.263    13.571
384    44.909    11.249
385    41.485    11.127
386    46.657    18.085
387    46.714    14.321
388    46.775    15.543
389    42.625    12.715
390    45.579    15.245
391    38.885    10.911
392     42.36     10.89
393    42.107     9.857
394      34.2    10.385
395    35.351    13.562
396    37.356    18.741
397    33.744    18.241
398    35.582    16.166
399    35.722    16.404
400    36.651    14.643
