41 Stops, 400 Students, 20 Max_Walking, 50 Capacity, 5 Days 

0       0  0  0  1  1
1       1  1  1  0  1
2       0  1  1  0  0
3       0  0  1  0  1
4       0  1  0  1  1
5       0  0  1  0  1
6       0  0  1  0  1
7       1  0  1  0  0
8       1  0  0  1  0
9       1  0  0  1  1
10       1  0  1  0  1
11       1  0  0  1  1
12       1  0  1  0  1
13       1  1  1  0  1
14       1  1  0  1  1
15       1  1  1  1  1
16       1  1  0  0  1
17       0  1  0  1  0
18       0  1  1  0  1
19       1  0  1  0  1
20       0  1  0  0  1
21       0  1  1  0  1
22       1  0  0  1  0
23       0  1  1  1  0
24       0  0  1  1  1
25       1  1  0  1  1
26       1  1  1  1  1
27       0  1  1  1  0
28       1  1  1  0  1
29       0  1  0  1  1
30       1  1  1  0  1
31       0  1  0  1  1
32       0  1  0  0  1
33       1  1  1  1  0
34       1  1  1  1  1
35       1  1  0  0  0
36       0  1  1  0  0
37       0  0  0  1  1
38       1  0  1  0  0
39       1  0  0  1  1
40       1  1  0  0  1
41       0  1  0  0  1
42       0  1  1  1  1
43       1  0  0  1  1
44       1  1  0  1  1
45       1  1  0  0  0
46       0  1  1  1  1
47       0  1  0  1  1
48       0  1  1  1  1
49       0  1  1  1  0
50       1  1  0  0  0
51       0  0  1  0  1
52       1  0  1  1  0
53       0  1  0  1  0
54       0  1  1  1  1
55       0  1  1  0  1
56       1  0  0  1  0
57       1  0  1  0  0
58       1  0  1  1  0
59       1  0  0  0  1
60       1  1  1  0  0
61       0  1  0  1  0
62       0  0  1  1  1
63       0  1  0  0  1
64       1  0  0  1  0
65       0  0  1  1  0
66       1  1  0  0  0
67       1  0  0  1  0
68       1  0  1  1  0
69       1  0  1  1  1
70       1  1  1  0  1
71       1  0  1  0  1
72       1  0  1  0  0
73       0  1  1  0  1
74       1  0  1  1  0
75       0  1  0  1  1
76       1  1  1  0  1
77       1  1  0  1  1
78       0  1  1  0  0
79       0  0  1  0  1
80       0  0  1  1  1
81       0  1  0  1  1
82       1  1  0  0  0
83       1  1  0  0  0
84       1  0  1  1  0
85       0  1  0  1  1
86       1  0  1  0  1
87       1  1  1  1  1
88       0  0  1  1  1
89       1  0  0  1  1
90       0  1  0  0  1
91       1  0  1  1  1
92       0  0  0  1  1
93       1  0  0  0  1
94       1  0  1  0  0
95       1  0  0  0  1
96       0  1  0  0  1
97       0  0  0  1  1
98       0  1  1  1  0
99       1  0  1  0  1
100       1  1  0  1  0
101       0  0  1  1  0
102       0  1  1  0  0
103       1  1  1  1  0
104       0  1  0  1  0
105       0  1  1  0  0
106       1  0  1  1  1
107       0  0  1  1  1
108       1  0  1  1  0
109       0  1  1  0  0
110       0  1  1  0  0
111       1  0  1  1  1
112       1  0  0  1  1
113       1  0  1  0  0
114       1  1  1  0  0
115       0  1  1  1  1
116       1  1  0  1  1
117       0  0  1  0  1
118       0  1  0  1  0
119       1  1  0  1  1
120       0  0  0  1  1
121       0  1  0  1  0
122       1  1  0  0  1
123       1  1  1  1  1
124       1  1  1  1  0
125       0  0  1  1  0
126       0  0  0  1  1
127       0  0  0  1  1
128       0  0  0  1  1
129       0  1  1  1  0
130       1  0  1  1  1
131       0  1  1  0  1
132       1  0  0  1  1
133       1  1  1  0  0
134       0  1  1  0  0
135       0  0  0  1  1
136       0  1  1  1  0
137       1  1  1  0  1
138       1  1  1  0  0
139       1  1  0  1  1
140       1  0  0  1  0
141       1  0  0  0  1
142       1  0  1  0  0
143       0  1  0  1  1
144       1  1  1  0  1
145       1  1  1  0  1
146       0  1  1  0  0
147       0  1  0  1  1
148       1  0  1  1  1
149       1  0  0  1  0
150       0  1  1  1  0
151       1  0  0  1  0
152       1  1  1  0  0
153       1  1  0  0  0
154       1  1  0  1  1
155       0  1  0  1  0
156       0  0  1  1  1
157       0  1  0  1  1
158       0  1  1  1  0
159       0  1  1  0  0
160       1  0  1  1  0
161       1  1  0  0  1
162       0  0  1  1  0
163       1  1  1  0  1
164       1  1  1  0  0
165       0  1  1  0  1
166       0  1  1  0  0
167       0  0  1  1  1
168       0  1  1  1  1
169       0  1  0  1  1
170       0  0  1  1  0
171       0  1  1  1  0
172       0  1  1  0  0
173       0  0  1  1  0
174       1  0  0  0  1
175       1  1  1  0  0
176       0  1  1  1  0
177       0  0  1  1  1
178       1  0  1  0  1
179       0  0  1  0  1
180       0  1  1  0  1
181       0  1  1  0  0
182       0  0  1  1  0
183       1  0  0  0  1
184       1  0  1  1  0
185       1  0  0  1  1
186       0  0  0  1  1
187       1  1  0  0  1
188       1  1  0  0  1
189       1  1  0  0  1
190       0  0  1  1  0
191       1  0  1  1  1
192       0  1  1  1  0
193       1  0  1  0  0
194       1  1  0  1  1
195       1  1  0  0  0
196       1  1  0  1  0
197       0  1  0  1  0
198       0  0  1  1  1
199       1  1  0  1  0
200       0  1  1  0  0
201       1  0  1  0  0
202       1  0  0  0  1
203       1  0  0  1  0
204       0  0  1  0  1
205       1  0  1  1  1
206       1  0  0  1  0
207       0  0  1  0  1
208       1  0  0  1  0
209       1  0  1  0  1
210       0  1  0  0  1
211       1  1  1  0  0
212       1  0  1  0  0
213       0  0  0  1  1
214       0  1  0  0  1
215       0  0  1  0  1
216       1  0  0  1  1
217       0  0  1  1  0
218       0  1  1  1  1
219       1  0  1  1  0
220       1  0  1  0  0
221       0  1  1  0  0
222       1  1  0  0  0
223       0  0  0  1  1
224       1  1  0  1  1
225       1  0  0  1  0
226       0  0  1  1  0
227       1  1  1  1  0
228       1  1  1  1  0
229       0  0  1  1  1
230       1  1  1  1  0
231       1  0  1  0  1
232       1  1  0  0  1
233       0  0  0  1  1
234       0  0  0  1  1
235       1  1  0  0  0
236       0  0  0  1  1
237       0  0  0  1  1
238       1  1  0  1  1
239       1  0  1  1  0
240       0  1  1  1  0
241       0  1  0  0  1
242       0  0  1  1  1
243       0  1  1  1  0
244       0  1  1  1  1
245       1  1  1  1  1
246       0  1  0  0  1
247       0  1  0  1  1
248       1  0  1  0  1
249       1  1  1  0  1
250       1  0  1  1  1
251       0  1  0  1  0
252       0  0  1  0  1
253       0  0  1  0  1
254       0  1  1  0  0
255       0  0  1  1  0
256       0  1  1  1  1
257       1  0  0  1  1
258       0  1  0  1  0
259       1  0  1  0  1
260       1  0  0  1  0
261       1  0  1  1  1
262       1  1  0  0  0
263       0  1  0  1  1
264       1  0  1  1  0
265       1  1  1  1  0
266       1  1  0  0  0
267       0  0  1  1  0
268       1  0  1  1  0
269       0  1  1  0  0
270       0  1  1  0  0
271       0  1  0  1  1
272       0  0  1  1  0
273       0  1  0  1  0
274       1  0  0  1  1
275       0  1  0  0  1
276       1  0  0  0  1
277       1  1  1  1  1
278       1  0  1  1  0
279       1  1  0  0  1
280       0  1  0  1  1
281       1  1  1  1  1
282       1  1  0  1  0
283       1  1  1  1  1
284       0  1  0  1  0
285       0  1  1  1  0
286       0  0  1  1  1
287       1  1  1  1  0
288       1  1  1  1  0
289       0  1  0  1  1
290       1  0  1  1  1
291       1  1  0  1  0
292       1  1  1  1  1
293       0  1  0  1  1
294       1  1  1  0  1
295       1  0  1  1  0
296       0  0  1  1  0
297       1  1  1  1  0
298       1  0  0  0  1
299       0  0  1  1  0
300       1  1  0  1  0
301       0  0  0  1  1
302       0  1  0  1  0
303       0  1  0  0  1
304       0  0  1  0  1
305       1  1  1  1  0
306       1  1  0  0  0
307       1  0  1  0  1
308       1  1  0  1  0
309       0  1  0  1  1
310       1  1  1  0  0
311       0  1  0  1  0
312       0  0  0  1  1
313       0  1  1  1  1
314       1  0  1  0  0
315       1  0  0  1  0
316       1  0  0  0  1
317       1  1  0  0  0
318       1  1  0  0  1
319       0  1  0  1  0
320       1  0  1  1  0
321       1  1  0  1  0
322       1  0  1  1  0
323       1  0  1  1  1
324       0  1  0  0  1
325       1  1  1  1  1
326       1  0  0  1  1
327       1  1  1  0  0
328       0  1  1  1  0
329       1  1  0  0  1
330       1  1  1  0  0
331       0  1  1  0  0
332       1  0  1  0  0
333       0  1  0  1  0
334       1  1  0  0  1
335       1  1  0  1  1
336       0  1  1  0  0
337       1  1  0  1  0
338       1  1  0  0  0
339       0  0  0  1  1
340       1  1  0  1  1
341       1  1  0  0  1
342       1  1  0  1  0
343       0  0  0  1  1
344       1  1  0  0  1
345       0  0  1  1  0
346       0  1  0  1  0
347       1  0  0  1  1
348       1  0  0  1  0
349       1  1  0  1  1
350       1  1  0  1  1
351       0  0  1  1  1
352       1  0  1  0  0
353       0  0  1  1  1
354       1  1  0  0  1
355       1  1  1  1  1
356       0  1  0  1  1
357       1  1  0  1  0
358       1  1  1  0  0
359       1  1  1  0  0
360       1  1  0  1  1
361       1  1  1  0  1
362       0  1  0  0  1
363       0  1  1  1  1
364       0  1  0  1  1
365       1  1  0  0  0
366       0  0  1  1  1
367       1  1  0  1  0
368       1  0  1  0  0
369       0  0  0  1  1
370       1  0  0  0  1
371       1  0  0  0  1
372       1  1  0  0  0
373       1  1  1  1  0
374       1  1  0  0  1
375       1  1  0  0  1
376       1  1  0  0  0
377       1  1  0  1  0
378       0  0  1  0  1
379       0  1  0  1  1
380       1  0  1  1  0
381       0  1  1  0  1
382       0  0  1  1  0
383       0  0  0  1  1
384       1  0  0  1  1
385       0  0  1  1  1
386       0  1  1  1  0
387       1  0  0  0  1
388       0  0  1  1  0
389       1  1  1  0  0
390       0  0  1  1  1
391       1  0  0  1  0
392       0  0  0  1  1
393       0  1  0  1  0
394       0  1  1  1  1
395       1  0  1  1  1
396       0  1  0  1  1
397       0  1  0  0  1
398       1  1  0  1  1
399       0  1  1  1  0


0             50        50
1         59.725    22.949
2         48.604    76.256
3         58.114    41.538
4         24.781    30.627
5         60.093    46.113
6         38.389     33.18
7         51.643     62.03
8          34.85    46.327
9         62.446    31.613
10         77.888    40.362
11         46.588    42.906
12         31.413    35.126
13         76.618    63.176
14         20.619    31.113
15         70.115    53.451
16         50.641    21.633
17         41.263    53.105
18         50.992    69.038
19         38.928    26.896
20         79.972    69.933
21         64.416     53.74
22         41.156    67.946
23         55.949     66.22
24         22.167    20.746
25         24.196    66.369
26         38.671    79.786
27         29.032    34.065
28         27.651    29.883
29         21.456    33.199
30         78.988    25.889
31         60.919    62.204
32         75.014     66.14
33         54.151    75.911
34         74.197    68.186
35         66.322    56.682
36         74.038    51.153
37         70.871    36.854
38         67.825    62.881
39         50.029    65.644
40         41.528    71.874


1    47.879    20.356
2    56.266     26.81
3    50.218     7.819
4    55.581    20.094
5    50.018      7.06
6    59.589      23.4
7    67.511    32.484
8    55.217    26.716
9    57.241    27.961
10    52.641    27.916
11    56.273    84.186
12    47.233    66.952
13    53.304    67.759
14    36.838     82.01
15    52.882    69.569
16    52.288    81.714
17    58.739    75.753
18     39.56     85.57
19    56.206    70.377
20    51.126    65.334
21    50.938    35.393
22    59.049    38.972
23    61.738    42.649
24    50.337    39.795
25    62.959    44.398
26    51.394      52.7
27     59.53    57.312
28    58.261     42.64
29    73.179    44.401
30    56.281    45.941
31    10.966    40.739
32    26.395    41.902
33    24.923    31.966
34    33.225     34.18
35    27.393    30.977
36    24.425    30.484
37    15.226    32.154
38    28.055    24.917
39    37.947     30.73
40    21.838     26.68
41    59.056    44.181
42    44.661    51.992
43    59.816    46.423
44    63.296    51.289
45    58.031    62.515
46    76.658    56.354
47    60.474    58.034
48    52.841    48.153
49    46.176    33.475
50    54.505    41.712
51    45.705    17.543
52    37.138    33.661
53    39.324     31.79
54    42.819     34.07
55    41.865    34.331
56    27.614    22.591
57    20.684    36.384
58    33.559    40.435
59    35.267    34.084
60    39.029    30.157
61    54.134    44.062
62    52.011    74.433
63     54.88    61.801
64    45.344    48.633
65    38.394    55.809
66    48.339      48.3
67    45.473    74.893
68    46.249     56.98
69    49.691    53.809
70    38.598    57.401
71    46.527    32.828
72    44.055    38.516
73    25.033    40.969
74     38.34    54.519
75    32.267    40.756
76    40.573    65.071
77    50.725    45.913
78    32.993    40.028
79    28.249    43.595
80    33.488    53.301
81    62.338    31.925
82    51.544     36.38
83    59.489    31.023
84     61.14     28.02
85    62.353    30.384
86    61.948    44.231
87    62.062    40.778
88    70.715    39.704
89    49.735    33.807
90    63.496    36.767
91    71.347    33.274
92    83.441    44.447
93    72.402    30.324
94    77.399    47.718
95    87.183    22.859
96    94.699    41.701
97      72.8    34.173
98    76.125     37.57
99    88.574    45.912
100    76.524     44.21
101    40.346    41.792
102    37.212    47.783
103    53.605    36.888
104    59.602    35.695
105     34.65    48.841
106    51.715    56.613
107    42.302    43.064
108    62.045    34.416
109     46.17     41.94
110    59.878    54.891
111     30.87    42.746
112    32.734    32.002
113    26.146    30.403
114    19.852    42.006
115    25.143    50.473
116    21.934    23.877
117    44.519    30.422
118    36.864    45.259
119    19.198     33.18
120    35.152    21.757
121    81.936    51.901
122    84.414    57.816
123    70.722    52.591
124    77.911    63.095
125    77.494    64.793
126    74.176     66.37
127    78.419    59.587
128    65.804    72.496
129    77.787    66.471
130    77.407    61.934
131    35.162    27.048
132     22.19    41.158
133    30.455    14.227
134    30.492    38.986
135    18.437    33.861
136     8.703    24.311
137     7.109    42.622
138    39.869     31.97
139    16.454    23.886
140     39.28    25.728
141    71.619    56.534
142     73.94    57.209
143    86.655    57.474
144    69.437    46.771
145     80.49    44.529
146    70.646    61.904
147    70.446     53.44
148    62.795    54.356
149    67.797    65.925
150    63.347    47.111
151    61.971    10.393
152    62.091     7.437
153    55.731    14.257
154    50.426    21.583
155    61.314    37.091
156    48.632    22.578
157    53.293    17.428
158    49.375    21.521
159    57.982    12.449
160    51.341     7.186
161    46.053    54.777
162    53.685    38.561
163    44.386    37.432
164    41.066    55.732
165    40.682    50.467
166    35.054    42.524
167     35.52    47.848
168    40.853    61.572
169    52.854    41.677
170    35.362    55.533
171    59.911    60.788
172    54.789    66.025
173    47.124    69.415
174    52.105     68.49
175    48.389    55.666
176    37.343    76.707
177    47.041    55.526
178    50.778    69.114
179    53.719    85.896
180    51.727    68.616
181    29.625    37.448
182    38.679    26.326
183    21.765    23.558
184    53.169    17.619
185    39.927     23.46
186    39.858      23.7
187    41.255    11.556
188    45.994    34.218
189    33.517     8.642
190    44.238    27.047
191    84.581    68.424
192    90.621    79.831
193    84.324    72.834
194    74.158    53.049
195     84.52    76.459
196    73.719    81.104
197    82.126    73.752
198    80.239    69.857
199    88.026    79.088
200    85.313    69.206
201    63.334    51.195
202    62.569    64.101
203    79.347    57.005
204    62.428    54.088
205    76.859    54.569
206    66.681    68.443
207    80.177    48.442
208    66.249    63.726
209    63.699    53.296
210    61.389    54.907
211    33.009    55.058
212    33.505    64.189
213    37.633    69.038
214     32.02     74.62
215    37.491    60.604
216     41.87    69.233
217    21.837    67.114
218    37.981     65.73
219    45.613    68.398
220     42.67    64.649
221    52.883    59.718
222    58.516     69.21
223    73.541    73.749
224    44.492    64.482
225    59.803    72.754
226    45.569    68.499
227    43.069    61.017
228    67.636    79.516
229    56.503    66.139
230    60.193     47.45
231    29.279    32.887
232    17.699    22.891
233    22.545    21.053
234    22.502    20.481
235    20.083    19.664
236    11.788    29.791
237    33.545    19.456
238    23.114    33.798
239    22.503    32.726
240    27.413    27.422
241    11.298    59.262
242     43.41    61.214
243    34.976    82.378
244    31.149    50.524
245    31.722    61.823
246    24.435    66.711
247    40.069     71.44
248    27.561    63.619
249    12.784    72.304
250    25.021    68.063
251    36.737    77.649
252     36.68    81.478
253    47.855    77.196
254    34.238    92.312
255    42.585     65.38
256    43.135    82.866
257    25.584    94.511
258    25.898    91.342
259    41.769    67.477
260    28.138    76.336
261    33.659    21.931
262    33.578    39.458
263    31.182    26.998
264    26.872    32.513
265    24.384    25.416
266    42.591     32.07
267    24.887     22.68
268    43.411      25.8
269    24.914    29.121
270    25.258      36.6
271    39.542    33.853
272    31.373    22.169
273    23.807    24.109
274    30.498     23.99
275    27.439     13.22
276    17.708    31.718
277    14.322    42.976
278     29.47    26.347
279    24.872    29.578
280    17.455     37.52
281    15.163    19.361
282    21.593    37.551
283     6.548    25.622
284    25.951    36.983
285     11.67    48.218
286    34.039    42.249
287    34.616     40.79
288    35.357    38.817
289    33.306     33.46
290    25.844    24.748
291    83.999    34.352
292    76.645    22.756
293    75.802    12.667
294    82.245    36.149
295    59.643    26.936
296    75.361    26.762
297    74.891     31.07
298    77.291    43.614
299    77.536    26.523
300     75.54    33.125
301    55.218    51.477
302    50.371    53.488
303    58.064     71.66
304    56.906    45.708
305    52.899    55.415
306    71.721    77.171
307    64.481    72.848
308    56.344     77.58
309    48.619    67.588
310    55.904    63.922
311    88.301    75.745
312     77.66    82.179
313    76.123    51.682
314    71.256    56.935
315    55.762    68.678
316    76.389    62.301
317    63.463    57.155
318    82.259    78.275
319    77.538      67.6
320    81.261    59.844
321    42.502    81.777
322    53.092    89.171
323     46.54    68.258
324    47.338    72.433
325    40.598    83.204
326    52.961    88.882
327    54.455    73.633
328    64.889    72.205
329    55.395    77.059
330    51.053    82.199
331    77.008    64.479
332    75.022    62.163
333    77.838    76.203
334    76.844    64.445
335    80.476    70.645
336    75.459     74.57
337    67.909    52.576
338    74.253    63.967
339    84.164    78.675
340     78.94    63.414
341    84.101    59.587
342    65.308    54.976
343    59.794    52.831
344     68.73    50.964
345    70.833    70.911
346    65.197    61.216
347    59.847    69.635
348    72.398    45.756
349    57.314    47.271
350    64.324    53.968
351    82.066     49.16
352    71.909    66.161
353    71.494    41.314
354     74.25    51.885
355    66.859    65.092
356    70.916    37.631
357     74.18    51.663
358    91.442    50.359
359    71.337    58.512
360    72.079    43.099
361    73.817    39.644
362    67.683    18.664
363    59.384    37.446
364    67.726     39.96
365    70.468     37.52
366    69.117    35.773
367     87.16    44.548
368     64.71    34.155
369    77.538    29.179
370     77.94        20
371    68.241    57.895
372    69.085    51.331
373    80.245    60.436
374    53.608    62.229
375    79.033    58.039
376    69.085    60.968
377    77.028    65.649
378    64.393    59.355
379    70.113    81.096
380     59.58    71.493
381     59.46    71.812
382    46.415    66.828
383    54.694    76.974
384    61.282    56.228
385    43.379    56.083
386    57.167    54.443
387    51.988    65.789
388    50.737    65.392
389    67.743    56.584
390    36.627    74.461
391    49.402    68.723
392    43.681    82.461
393    47.682    76.295
394    48.204    76.116
395    27.074    69.778
396    45.022     68.38
397    41.351    71.454
398    48.146    64.158
399    27.902    57.987
400    37.794    78.251
