41 Stops, 400 Students, 5 Max_Walking, 25 Capacity, 5 Days 

0       1  1  1  1  1
1       1  1  1  1  1
2       1  1  1  1  1
3       1  1  1  1  1
4       1  1  1  1  1
5       1  1  1  1  1
6       0  1  1  1  0
7       1  1  1  1  1
8       1  1  1  1  1
9       1  1  1  1  1
10       1  1  1  1  1
11       1  1  1  1  1
12       1  1  1  1  1
13       1  1  1  1  1
14       1  1  1  1  1
15       1  1  1  1  1
16       1  1  1  1  1
17       1  1  1  1  1
18       1  1  1  1  1
19       1  1  1  1  1
20       1  1  1  1  1
21       1  1  1  1  1
22       1  1  1  1  1
23       1  1  1  1  1
24       1  1  1  1  1
25       1  1  1  1  1
26       1  1  1  1  1
27       0  0  1  0  1
28       0  1  1  0  0
29       1  1  1  1  1
30       1  1  1  1  1
31       1  0  1  1  0
32       1  1  1  1  1
33       1  1  1  1  1
34       1  1  1  0  0
35       1  1  1  1  1
36       1  1  1  1  1
37       1  1  1  1  1
38       1  1  1  1  1
39       1  1  1  1  1
40       1  1  1  1  1
41       1  1  1  1  1
42       0  1  0  1  1
43       0  0  1  1  1
44       1  1  1  1  1
45       1  1  1  1  0
46       1  1  1  1  1
47       1  1  1  1  1
48       1  1  0  0  1
49       1  1  0  1  1
50       1  1  1  1  1
51       1  1  1  1  1
52       1  1  1  1  1
53       1  1  1  1  0
54       1  1  1  1  1
55       1  1  1  1  1
56       1  1  1  1  1
57       1  1  1  1  1
58       1  1  1  1  1
59       1  1  1  1  1
60       1  1  1  1  1
61       0  1  1  1  1
62       1  1  1  1  1
63       1  1  1  1  1
64       1  0  0  0  1
65       0  0  1  0  1
66       0  1  1  1  0
67       1  1  1  1  1
68       1  1  1  1  1
69       1  1  1  1  1
70       1  1  1  1  1
71       1  1  1  1  1
72       1  1  1  0  1
73       1  1  1  1  1
74       1  1  1  1  1
75       1  1  1  1  1
76       1  1  1  1  1
77       1  1  1  1  1
78       1  1  1  1  1
79       1  1  1  1  1
80       1  1  1  1  1
81       1  1  1  1  1
82       1  1  1  1  1
83       1  1  1  1  1
84       1  1  1  1  1
85       1  1  1  1  1
86       1  1  1  1  1
87       1  1  1  0  1
88       1  1  1  0  1
89       1  1  1  1  1
90       0  1  1  0  0
91       1  1  1  1  1
92       1  1  1  1  1
93       1  1  1  1  1
94       1  1  1  1  1
95       1  1  1  1  1
96       1  1  1  1  1
97       1  1  1  1  1
98       1  1  0  0  0
99       1  1  1  1  1
100       1  1  1  1  1
101       1  1  1  1  1
102       1  1  1  1  1
103       1  1  1  1  1
104       1  1  1  1  1
105       1  1  1  1  1
106       1  1  1  1  1
107       1  1  1  1  1
108       1  1  1  1  1
109       1  0  1  1  0
110       0  0  1  0  1
111       1  1  1  1  1
112       1  1  1  1  1
113       1  0  1  1  0
114       1  1  1  1  1
115       0  1  0  0  1
116       1  1  1  1  1
117       1  1  1  1  1
118       1  0  1  0  1
119       0  1  0  0  1
120       1  1  1  1  1
121       1  1  1  1  1
122       1  1  1  1  1
123       1  1  1  1  1
124       0  1  0  0  1
125       1  1  1  1  1
126       1  1  1  1  1
127       1  1  1  1  1
128       0  0  1  1  0
129       1  1  1  1  1
130       1  1  1  1  1
131       1  0  1  1  0
132       1  1  1  1  1
133       1  1  1  1  1
134       1  1  1  1  1
135       1  1  1  1  1
136       0  0  1  1  0
137       1  1  1  1  1
138       1  1  1  1  1
139       1  1  1  1  1
140       1  1  1  1  1
141       1  1  1  1  1
142       1  1  1  1  1
143       1  1  1  1  1
144       1  1  1  0  0
145       0  1  0  0  1
146       1  1  1  1  1
147       1  1  1  1  1
148       1  1  1  1  1
149       1  1  1  1  1
150       1  1  1  0  0
151       0  1  0  0  1
152       1  1  1  1  1
153       1  1  1  1  1
154       1  1  1  1  1
155       1  1  1  1  1
156       1  1  1  1  1
157       1  1  1  1  1
158       1  1  1  1  1
159       1  1  1  1  1
160       1  0  1  0  1
161       1  1  1  1  1
162       1  1  1  1  1
163       1  1  1  1  1
164       1  1  1  1  1
165       1  1  1  1  1
166       1  1  1  1  1
167       1  1  1  1  1
168       1  1  1  1  1
169       1  0  1  0  1
170       1  1  1  1  1
171       1  1  1  1  1
172       1  1  1  1  1
173       1  1  1  1  1
174       1  1  1  1  1
175       1  1  1  1  1
176       0  0  0  1  1
177       1  1  1  1  1
178       1  1  1  1  1
179       1  1  1  1  1
180       1  1  1  1  1
181       1  1  1  1  1
182       1  1  1  1  1
183       1  1  1  1  1
184       1  1  1  1  1
185       0  0  1  1  0
186       1  1  1  1  1
187       0  0  0  1  1
188       1  1  1  1  1
189       1  1  1  1  1
190       1  1  1  1  1
191       1  0  1  1  1
192       1  1  1  1  1
193       1  1  1  1  1
194       1  1  1  1  1
195       1  1  1  1  1
196       0  0  0  1  1
197       1  1  1  1  1
198       1  1  1  1  1
199       1  1  1  1  1
200       1  1  1  1  1
201       1  1  1  1  1
202       0  1  1  0  0
203       1  1  1  1  1
204       1  1  1  1  1
205       1  1  1  1  1
206       1  1  1  1  1
207       0  0  0  1  1
208       1  1  1  1  1
209       1  1  1  1  1
210       1  1  1  1  1
211       1  0  1  1  0
212       0  0  1  1  1
213       1  1  1  1  1
214       1  1  1  1  1
215       1  1  1  1  1
216       0  1  0  0  1
217       0  1  1  1  0
218       1  1  1  1  1
219       1  1  1  1  1
220       1  1  1  1  1
221       1  1  1  1  1
222       1  1  1  1  1
223       1  1  1  1  1
224       1  1  1  1  1
225       1  0  0  0  1
226       1  1  1  1  1
227       1  1  1  1  1
228       1  1  1  1  1
229       1  1  1  1  1
230       1  1  1  1  1
231       1  1  1  1  1
232       1  1  1  1  1
233       1  0  0  0  1
234       0  1  0  0  1
235       1  1  1  1  1
236       1  1  1  1  1
237       0  1  1  1  0
238       1  1  1  1  1
239       1  1  1  1  1
240       0  1  1  1  1
241       0  0  1  1  1
242       1  1  1  1  1
243       0  1  1  1  1
244       1  1  1  1  1
245       1  1  1  1  1
246       1  0  0  1  1
247       1  1  1  1  1
248       1  1  1  1  1
249       1  1  1  1  1
250       1  1  1  1  1
251       1  1  1  1  1
252       1  1  1  1  1
253       1  1  1  1  1
254       1  0  1  1  0
255       1  1  1  1  1
256       1  1  1  1  1
257       1  1  1  1  1
258       1  0  1  0  1
259       1  1  1  1  1
260       1  1  1  1  1
261       1  1  1  1  1
262       1  0  0  0  1
263       1  1  1  1  1
264       1  1  1  1  1
265       0  0  1  0  1
266       1  1  1  1  1
267       1  1  1  1  1
268       1  1  1  1  1
269       0  1  1  1  0
270       1  1  1  1  1
271       1  1  1  1  1
272       1  1  1  1  1
273       1  1  1  1  1
274       1  1  1  1  1
275       1  1  1  1  1
276       0  1  1  1  0
277       1  1  1  1  1
278       1  1  1  1  1
279       1  1  1  1  1
280       1  1  1  0  0
281       1  1  1  1  1
282       1  1  1  1  1
283       1  1  1  1  1
284       1  1  1  1  1
285       1  1  1  0  1
286       1  1  1  1  1
287       1  1  1  1  1
288       1  1  0  1  1
289       1  1  1  1  1
290       1  1  1  1  1
291       1  1  1  1  1
292       1  1  1  1  1
293       1  1  1  1  1
294       1  1  1  1  1
295       1  1  1  1  1
296       1  1  1  1  1
297       1  1  1  1  1
298       1  1  1  1  1
299       1  1  1  1  1
300       1  1  1  1  1
301       0  1  0  0  1
302       1  1  1  1  1
303       1  1  1  1  1
304       1  1  1  1  1
305       1  1  1  1  1
306       1  0  1  0  1
307       1  1  1  1  1
308       1  1  1  1  1
309       1  1  1  1  1
310       1  1  1  1  1
311       1  1  1  1  1
312       1  1  1  1  1
313       0  1  1  1  0
314       1  1  0  0  1
315       0  1  1  0  0
316       1  1  1  1  1
317       1  1  1  1  1
318       1  1  1  1  1
319       1  1  1  1  1
320       1  1  1  1  1
321       1  1  1  1  1
322       1  1  1  1  1
323       1  1  1  1  1
324       1  1  0  1  0
325       1  1  1  1  1
326       1  1  1  1  1
327       1  1  1  1  1
328       1  1  1  1  1
329       1  1  1  1  1
330       1  1  1  1  1
331       1  0  1  0  1
332       1  1  1  1  1
333       1  1  1  0  1
334       1  1  1  1  1
335       1  1  1  1  1
336       1  1  1  1  1
337       1  1  1  1  1
338       1  1  1  1  1
339       0  1  0  1  0
340       1  0  1  0  0
341       1  1  1  1  1
342       1  1  1  1  1
343       1  1  1  1  1
344       1  1  1  1  1
345       1  1  1  1  1
346       1  1  1  1  1
347       1  1  1  1  1
348       1  1  1  1  1
349       1  1  1  1  1
350       1  1  1  1  1
351       1  1  0  1  1
352       1  1  0  1  1
353       0  0  0  1  1
354       1  1  1  1  1
355       1  0  0  1  1
356       1  1  1  1  1
357       1  1  1  1  1
358       1  1  1  1  1
359       0  1  1  0  0
360       1  1  1  1  1
361       1  1  1  1  1
362       1  1  1  1  1
363       1  1  1  0  0
364       1  1  1  1  1
365       1  1  1  1  1
366       1  1  1  1  1
367       1  1  1  0  1
368       0  0  1  1  1
369       1  0  0  1  1
370       1  0  0  1  1
371       0  0  1  1  1
372       1  1  1  1  1
373       1  0  0  1  1
374       1  0  1  1  1
375       0  0  0  1  1
376       1  1  1  1  1
377       0  1  1  0  0
378       1  1  1  1  1
379       1  1  1  1  1
380       1  1  0  0  1
381       1  1  1  1  1
382       0  0  1  1  0
383       1  1  1  1  1
384       1  1  1  1  1
385       1  1  1  1  1
386       0  0  1  1  0
387       1  1  1  1  1
388       0  1  1  1  1
389       1  1  1  0  1
390       1  1  1  1  1
391       1  1  1  1  1
392       0  1  1  0  0
393       1  1  1  1  1
394       1  1  1  1  1
395       1  1  1  1  1
396       1  1  1  1  1
397       1  1  1  1  1
398       0  1  0  0  1
399       1  1  1  1  1


0             50        50
1         67.859    13.157
2         92.181    61.295
3          72.72    64.342
4         23.705    52.441
5         91.873     8.597
6         57.394    43.656
7         24.605    65.139
8         20.775    34.907
9          26.99    75.505
10         71.008     6.603
11         88.429    35.463
12         53.772    68.585
13         63.028    37.128
14          60.31    39.894
15         29.891     71.93
16         17.873    71.177
17         54.454    45.227
18         85.621    25.511
19         69.508    48.039
20         37.397    71.688
21         75.194    91.019
22         59.827    37.023
23         68.073    93.519
24         50.743    70.979
25         30.751     6.781
26         29.322    74.276
27          8.647    49.424
28         20.059    77.478
29         17.334    87.423
30         60.921    15.162
31         69.579    80.111
32         71.118    67.899
33         70.069    56.515
34         18.465     48.91
35         84.904    85.209
36         29.321    47.333
37         53.039    74.645
38         61.154     7.632
39         27.295    46.853
40         60.754     73.96


1    69.271    17.374
2     67.12    10.653
3    68.199     15.24
4    69.754    13.762
5    67.114    13.155
6    68.626    16.206
7    67.824    13.147
8    67.209    13.528
9    68.606    10.676
10    68.743    13.914
11     94.98    64.638
12    93.129    58.114
13    91.996    58.274
14    90.579    65.144
15    91.153    61.429
16    92.543    62.525
17    90.803    60.651
18    90.447     62.55
19    95.291    60.124
20    91.066    64.071
21     75.93    63.207
22    72.274    59.468
23    73.107    65.397
24    68.392      62.7
25    72.887    69.177
26    71.238    68.222
27    73.698    63.475
28    74.685     61.29
29    72.814    61.829
30    72.032    63.422
31    27.027    52.416
32    22.904    52.712
33    23.838    51.786
34     21.86    55.289
35    26.273    52.032
36    28.656     51.95
37    22.807    49.571
38    23.833    56.029
39    24.551    52.163
40     23.67    50.318
41    95.275    10.612
42    88.282    10.013
43    92.107    10.584
44    91.467     8.123
45     86.93     8.986
46    93.757     7.664
47    94.227    12.009
48    94.331      8.48
49    89.728     5.418
50    93.803     4.464
51     55.66    43.005
52    55.683    45.386
53    59.733     43.61
54    55.297    43.894
55    57.603    43.249
56    60.138    46.019
57    58.556    44.536
58    59.919    45.207
59    57.354    48.386
60    59.482    41.094
61    24.267    69.094
62    24.911    64.876
63    21.549    63.735
64    24.549    65.153
65    27.609    61.395
66    25.385    69.969
67    22.362    68.569
68    25.954    66.114
69    28.346    66.164
70    25.171    64.726
71    24.137    35.292
72    22.196    34.283
73    21.947    31.272
74    23.392    37.406
75    22.507    36.307
76    21.234    31.243
77    19.575    34.161
78    21.637    36.559
79    23.139    37.549
80    21.247    33.183
81    23.571    76.206
82    30.161    72.386
83    27.744    75.199
84    26.543    77.252
85    23.461    76.354
86    25.346    77.736
87    25.884    75.843
88     26.94    75.558
89    26.527    71.671
90    27.633    75.246
91    67.891     8.029
92    71.036     5.798
93    70.341      7.34
94    74.156     7.681
95     73.67      6.95
96    68.638    10.295
97    67.899     4.619
98    72.093     3.426
99     70.48     6.054
100    70.497      9.17
101    89.135    37.794
102    88.811    35.589
103    90.779    32.766
104    87.971    34.327
105    88.163    30.589
106    87.726    32.459
107    88.299    35.482
108    87.042     35.82
109    87.838    38.528
110    88.842     37.93
111    54.472    70.718
112    55.201    64.727
113    56.545    71.613
114     55.48    70.435
115    52.783    72.608
116    56.895    68.524
117    54.257    68.493
118    53.353    68.317
119    55.151    69.136
120    53.837    68.372
121    63.638    35.999
122    61.592    38.273
123    63.356    36.741
124    60.596    37.501
125    63.734    36.692
126    60.156     36.22
127    61.917    34.005
128    65.044    35.816
129    58.911    37.108
130    63.124    34.996
131    58.644    37.206
132    60.944    35.348
133    60.749    39.436
134    56.328    38.024
135     58.38    40.826
136    59.097    43.911
137    60.706    42.744
138    60.667    40.009
139    61.502    42.156
140     63.17    40.931
141    34.732    72.969
142    30.463    72.687
143    30.595    71.979
144    28.903    71.615
145    30.313    68.474
146    31.166    71.301
147    30.652    71.471
148    30.613    68.407
149    29.456    74.224
150    29.458    71.014
151    14.507    69.207
152     14.59    72.182
153    18.549     67.19
154    21.424    69.992
155    15.532    75.496
156    17.915     72.87
157    19.993    70.969
158     16.95    70.658
159    15.949    72.494
160    18.378     69.85
161    55.011    44.548
162     55.04    41.693
163     54.87    42.783
164    55.952    47.179
165    49.883    46.714
166    56.127    49.272
167    54.741    45.292
168    58.514     46.14
169    54.402    45.275
170    50.925    45.143
171    88.367    27.313
172    87.203    25.093
173    87.452    25.058
174     86.22    30.032
175    86.373    25.496
176     88.25    26.949
177    82.021    25.214
178     87.48    29.112
179    90.303    23.964
180    82.661    24.088
181    71.565    51.388
182    69.664    47.128
183    68.658    47.564
184    69.681    47.911
185    72.854    50.123
186    69.432    49.953
187    70.146    50.071
188    71.001     49.72
189    72.337    49.367
190     67.36    48.542
191    38.967    70.487
192    41.135    70.166
193    36.397    75.454
194    33.189    71.519
195    35.709    70.955
196    41.009    71.358
197    37.877    69.659
198    41.987    70.282
199    37.437    76.583
200    36.977    73.797
201    75.778    89.951
202    72.179    87.137
203    77.872    89.606
204    71.751    90.563
205    77.105    93.859
206    76.595    94.433
207    77.925    91.561
208    72.678    90.363
209    70.484    91.504
210    75.402    90.955
211    63.195    36.808
212     59.76    37.112
213    60.136    37.715
214    63.104    35.532
215     63.68    34.293
216    63.698    37.061
217    61.437    37.532
218     59.97    37.205
219     60.49    36.285
220    61.126    37.248
221    71.663     93.16
222    67.994    93.298
223    71.123    93.563
224    71.137    93.687
225     63.45    93.668
226    65.827     93.33
227    68.605    92.184
228    64.254     94.38
229    68.902    93.303
230    67.839    93.514
231    50.843    71.678
232    49.509     73.93
233    51.584    68.824
234     50.95    68.454
235    47.724    73.214
236    51.817    69.386
237    50.996    70.719
238    50.563    70.773
239    46.743    69.062
240    49.928    70.705
241    34.547     7.491
242    33.678     7.585
243    32.461     5.116
244    31.011     7.323
245    30.116     7.565
246    28.818     4.162
247    32.394     4.362
248    30.788     6.899
249    31.438      9.74
250    31.357     6.864
251    29.754    75.414
252    26.093    73.918
253    28.251    69.966
254     29.08    73.218
255    29.202    72.823
256     28.78     78.05
257    26.641    74.694
258     26.37    72.903
259    30.206    72.196
260    29.303    76.104
261     9.852    49.062
262     5.825    51.397
263     7.364    48.172
264     7.853    48.281
265     7.738    53.942
266     8.641     49.36
267     12.47    49.648
268     7.848    48.436
269     5.414    49.557
270     3.992    48.789
271    23.687    75.133
272    20.138    77.625
273     20.04    77.838
274    24.681     77.53
275    21.157    77.955
276    19.825    79.186
277    20.146    77.856
278    20.714    74.309
279    20.132    78.314
280    20.871    76.952
281     16.41    88.635
282    21.689    88.025
283     14.19    87.436
284    15.232    86.685
285    14.382    89.071
286    16.448    89.463
287    17.478    86.956
288    19.134    84.074
289    18.541    86.869
290    13.694    89.799
291    60.854    14.618
292    58.078     11.84
293    63.186    14.541
294    63.184    17.088
295    57.947    14.597
296    59.648    13.173
297     61.97    15.742
298    57.365    16.272
299    57.187    16.281
300    59.597    13.483
301    70.593    84.406
302    69.632    78.577
303    70.061    81.089
304    69.733    79.992
305    68.679     75.62
306    67.362    81.088
307     67.52    77.952
308    72.287    82.261
309    69.928    75.708
310    71.556    81.408
311    69.112    70.275
312    70.813    66.144
313    73.678    66.351
314    71.239    68.024
315    73.827    70.058
316    73.613    66.166
317    72.508    67.796
318    67.252    67.519
319    72.565    64.752
320     71.12    67.867
321    69.555    53.638
322    69.808    57.262
323    70.633    56.635
324    65.921    57.444
325    70.145    56.915
326    71.683     57.34
327    69.536      56.2
328    67.478    58.165
329    67.305    53.802
330    67.259      55.6
331    20.049    50.168
332    19.501    49.498
333    18.619    48.628
334    21.725    48.292
335    17.278    49.413
336    18.333    48.903
337    17.812    49.226
338    15.933    49.748
339    19.038    49.844
340    19.764    50.842
341    85.274    86.362
342    83.547    81.263
343    82.185    88.926
344    83.958    84.301
345    80.636    82.971
346    80.381     85.52
347    82.269      86.6
348    83.623    84.418
349    86.184    85.152
350    84.487    85.366
351    31.137    44.002
352    29.593    47.499
353    29.735    47.295
354    25.668    44.688
355    26.478    44.743
356    30.703    47.659
357     30.08    45.861
358    28.423    45.518
359    29.429    48.316
360    28.269     43.51
361    51.725    74.656
362    54.739     74.26
363    54.725    73.408
364    49.418    76.186
365    50.827    74.251
366    55.551    77.207
367    51.917    74.237
368    54.286    70.206
369    51.476    70.738
370     48.24    73.431
371    59.231    11.815
372    60.019     11.09
373    62.761     3.946
374    61.971     6.687
375     60.61     9.185
376    57.683     8.716
377    62.055     8.763
378    61.246     6.442
379    61.148     7.599
380    56.633     7.413
381    22.919    46.687
382    28.043    47.484
383    27.121    50.465
384    28.308    47.307
385    26.988    48.356
386    27.206    49.741
387    25.006    45.287
388    28.592    46.663
389    25.168    50.044
390    27.488    46.827
391    59.351    74.939
392    60.786    78.645
393    60.041    75.631
394      61.2    73.995
395     65.02    72.547
396    61.056    73.609
397    61.427     74.23
398    64.433     72.14
399     57.42    71.127
400    61.774    73.114
