41 Stops, 400 Students, 20 Max_Walking, 25 Capacity, 5 Days 

0       1  0  0  0  1
1       1  1  1  1  1
2       1  0  1  1  0
3       0  1  0  1  0
4       1  0  1  1  1
5       0  0  0  1  1
6       1  1  0  1  0
7       1  1  1  1  1
8       1  1  1  1  1
9       0  1  1  0  1
10       1  1  0  0  0
11       1  1  1  1  1
12       1  1  1  1  1
13       1  1  1  1  1
14       1  1  1  1  1
15       1  1  1  1  1
16       1  1  1  1  1
17       0  0  1  1  0
18       1  1  0  0  0
19       1  0  1  1  1
20       1  1  0  1  0
21       0  1  0  1  0
22       1  1  1  0  0
23       1  1  1  1  1
24       1  0  0  1  0
25       1  1  1  1  1
26       0  1  0  1  1
27       1  1  1  1  1
28       0  1  0  1  1
29       1  1  1  0  1
30       0  0  1  0  1
31       1  1  1  1  1
32       0  1  1  0  0
33       0  0  1  1  0
34       1  1  1  1  1
35       1  1  1  0  0
36       1  1  1  1  1
37       1  1  1  1  1
38       1  1  1  1  1
39       0  0  1  1  0
40       1  1  1  1  1
41       1  1  1  1  1
42       1  1  1  1  1
43       1  0  1  1  0
44       1  1  1  1  1
45       1  1  1  1  1
46       1  0  1  1  1
47       1  1  1  1  1
48       1  0  1  1  0
49       1  1  1  1  1
50       1  1  1  0  0
51       1  1  1  1  1
52       1  1  0  0  1
53       1  1  1  1  1
54       1  1  1  1  1
55       1  1  1  1  1
56       1  1  1  1  1
57       1  1  1  1  1
58       1  1  1  1  1
59       1  1  1  1  1
60       1  1  1  1  1
61       1  1  1  1  1
62       0  1  0  1  1
63       1  1  1  1  0
64       0  0  1  1  0
65       1  0  0  1  1
66       1  0  1  0  1
67       0  1  0  0  1
68       1  1  0  1  1
69       1  1  1  1  1
70       1  1  1  1  1
71       1  1  1  1  1
72       1  0  0  1  0
73       0  0  1  1  1
74       0  1  0  1  1
75       1  1  1  1  1
76       1  0  1  1  1
77       1  1  0  0  1
78       0  0  1  1  1
79       0  0  1  0  1
80       1  1  1  1  1
81       1  1  1  1  1
82       0  1  1  1  0
83       1  1  1  1  1
84       1  1  1  1  1
85       0  1  0  1  0
86       1  1  1  1  1
87       1  0  1  1  1
88       1  0  1  0  1
89       1  1  1  1  1
90       1  1  1  1  0
91       1  1  1  0  1
92       1  1  1  1  1
93       1  1  0  1  0
94       0  0  1  1  1
95       0  1  1  1  1
96       1  0  1  0  0
97       0  0  0  1  1
98       1  1  1  1  1
99       1  1  1  1  1
100       0  1  1  1  1
101       0  1  0  0  1
102       1  1  1  1  1
103       1  0  1  0  1
104       1  1  1  1  1
105       1  1  1  1  1
106       1  1  1  1  1
107       0  1  1  0  0
108       1  1  1  0  0
109       1  1  1  1  0
110       1  1  1  1  1
111       0  1  0  1  1
112       1  1  1  1  1
113       1  0  1  0  1
114       1  0  0  1  0
115       1  0  1  0  0
116       0  1  0  1  1
117       1  1  1  1  1
118       1  0  1  1  0
119       0  0  1  0  1
120       0  1  0  0  1
121       1  1  1  1  1
122       1  1  1  1  1
123       1  1  1  1  1
124       0  1  0  1  0
125       1  1  1  1  1
126       1  1  1  1  1
127       1  0  1  1  0
128       1  1  1  1  1
129       1  1  1  1  1
130       1  1  1  1  0
131       1  1  1  1  1
132       1  1  1  1  1
133       1  1  1  0  0
134       1  1  1  1  1
135       1  1  1  1  1
136       1  1  1  1  1
137       1  1  1  1  1
138       1  1  1  1  1
139       1  1  1  0  1
140       1  1  1  1  1
141       1  1  1  1  0
142       1  1  1  1  1
143       1  1  1  1  1
144       1  1  1  1  1
145       1  1  1  1  1
146       1  0  0  1  1
147       1  0  1  0  1
148       0  1  1  0  1
149       0  0  1  0  1
150       1  0  0  1  0
151       1  1  1  1  1
152       0  0  0  1  1
153       1  1  1  1  1
154       1  1  1  1  1
155       1  1  1  0  1
156       1  1  1  1  1
157       1  1  0  1  0
158       0  0  0  1  1
159       1  1  1  1  1
160       1  1  1  1  1
161       1  1  0  0  0
162       1  1  1  1  1
163       0  1  0  1  1
164       0  1  1  1  1
165       1  1  0  1  0
166       1  0  1  1  0
167       0  0  1  0  1
168       1  1  1  1  1
169       1  0  0  1  0
170       1  0  1  1  0
171       1  1  1  1  1
172       0  0  1  1  1
173       1  1  1  1  1
174       1  1  1  1  1
175       1  1  1  1  1
176       1  1  1  1  1
177       1  1  1  1  1
178       1  0  1  0  1
179       0  0  1  1  0
180       1  0  1  1  1
181       0  0  1  1  0
182       0  1  0  0  1
183       0  0  0  1  1
184       1  0  0  1  1
185       1  0  0  0  1
186       0  1  1  0  0
187       0  0  1  0  1
188       1  0  0  1  0
189       1  0  0  1  0
190       1  1  1  1  1
191       1  1  1  1  1
192       0  0  0  1  1
193       1  1  1  1  1
194       1  1  0  0  0
195       1  1  1  1  1
196       1  1  1  1  1
197       0  1  0  1  0
198       1  1  1  1  1
199       1  1  1  1  1
200       1  1  1  0  0
201       0  1  1  1  1
202       1  1  1  1  1
203       1  1  1  1  1
204       0  0  1  1  1
205       0  1  0  0  1
206       1  1  1  1  1
207       1  1  1  1  1
208       1  0  0  1  1
209       1  1  1  1  1
210       1  1  1  1  1
211       0  1  1  1  0
212       1  1  1  1  1
213       0  1  1  0  1
214       0  1  1  1  0
215       1  1  1  1  1
216       1  1  1  1  1
217       1  1  1  1  1
218       1  1  1  1  1
219       1  0  0  0  1
220       0  1  1  0  1
221       1  1  0  0  0
222       0  1  1  1  0
223       1  0  1  0  1
224       0  0  1  0  1
225       1  0  1  1  0
226       0  0  1  0  1
227       0  0  1  1  1
228       1  0  1  0  0
229       1  0  1  1  0
230       1  1  1  0  0
231       0  1  1  0  1
232       0  1  1  1  0
233       0  1  0  1  1
234       0  1  1  1  0
235       0  0  1  1  1
236       0  0  1  1  1
237       0  1  0  1  1
238       1  0  1  1  1
239       0  0  1  0  1
240       1  0  0  1  1
241       1  0  1  0  0
242       1  0  1  0  0
243       0  1  1  1  1
244       0  0  1  1  1
245       1  0  1  0  0
246       1  1  0  1  1
247       0  0  1  1  0
248       0  0  0  1  1
249       1  0  1  0  0
250       0  1  1  0  1
251       0  1  0  1  0
252       1  1  0  0  0
253       1  0  0  0  1
254       1  1  0  1  1
255       0  0  1  1  1
256       1  1  0  1  0
257       0  1  1  1  1
258       0  0  1  0  1
259       1  1  0  0  0
260       1  1  1  0  1
261       1  0  0  1  1
262       0  0  1  1  0
263       1  0  0  1  1
264       1  1  0  1  0
265       1  0  0  1  0
266       0  1  0  0  1
267       1  0  0  1  1
268       1  1  1  1  0
269       1  0  1  1  0
270       0  1  1  0  1
271       1  1  0  0  0
272       0  0  1  0  1
273       1  1  1  0  1
274       0  1  0  1  0
275       1  0  1  0  0
276       0  0  1  1  1
277       0  1  1  0  0
278       1  1  0  1  0
279       0  1  0  1  1
280       1  1  0  1  1
281       0  1  1  1  0
282       1  1  0  1  1
283       0  1  1  1  1
284       1  1  1  0  0
285       1  1  1  1  1
286       1  1  1  1  0
287       0  0  1  1  1
288       0  1  1  0  1
289       1  1  0  0  0
290       1  0  0  1  1
291       1  0  1  0  1
292       1  1  0  0  1
293       1  0  0  1  0
294       1  1  1  0  0
295       0  1  1  1  0
296       1  0  0  0  1
297       1  1  0  1  0
298       1  1  1  1  1
299       1  1  1  1  1
300       0  1  1  0  0
301       1  0  1  0  1
302       1  0  0  1  0
303       0  0  1  1  1
304       1  0  1  1  1
305       1  1  0  1  0
306       0  1  1  0  1
307       0  1  0  1  0
308       1  1  1  1  1
309       0  0  1  1  1
310       1  1  0  1  1
311       1  1  0  0  0
312       0  0  1  1  0
313       0  1  0  1  0
314       1  1  1  1  1
315       1  0  1  1  0
316       1  0  1  1  0
317       0  0  1  1  1
318       1  1  1  0  0
319       0  0  1  1  1
320       1  0  0  1  1
321       1  0  1  1  0
322       1  1  1  1  1
323       1  0  1  0  1
324       0  0  1  1  0
325       1  0  1  1  1
326       0  0  1  0  1
327       0  0  1  1  1
328       0  1  0  1  1
329       0  1  0  1  0
330       1  1  0  1  1
331       0  1  0  1  0
332       1  0  1  0  1
333       1  1  0  1  1
334       0  0  1  1  0
335       1  1  1  1  0
336       0  0  0  1  1
337       0  1  0  1  0
338       0  0  0  1  1
339       0  0  1  1  1
340       0  1  1  0  1
341       1  0  0  1  0
342       0  0  0  1  1
343       0  1  0  1  0
344       1  1  1  1  0
345       0  1  1  0  1
346       1  1  0  1  0
347       1  1  0  1  0
348       0  1  1  0  1
349       1  0  1  1  0
350       0  0  0  1  1
351       1  0  1  1  1
352       1  1  1  0  0
353       0  1  0  1  1
354       0  0  1  1  1
355       1  1  0  0  1
356       1  0  1  1  1
357       0  0  1  0  1
358       1  1  1  1  0
359       1  0  1  1  0
360       0  1  1  1  1
361       1  0  1  1  0
362       1  1  0  1  0
363       1  0  1  0  1
364       0  1  1  0  0
365       1  0  0  1  1
366       1  0  0  0  1
367       1  0  0  1  1
368       1  1  0  1  1
369       0  1  0  1  0
370       0  0  1  1  0
371       1  1  1  0  0
372       1  1  0  0  0
373       0  0  0  1  1
374       0  0  1  1  0
375       1  1  1  0  0
376       1  0  1  0  0
377       0  0  0  1  1
378       1  1  0  0  1
379       0  1  1  0  0
380       1  0  1  0  0
381       1  0  1  0  0
382       1  1  0  0  1
383       0  1  1  1  0
384       0  1  0  0  1
385       1  0  1  0  1
386       1  0  0  1  0
387       0  0  1  1  0
388       1  1  1  1  0
389       1  0  1  0  1
390       1  0  0  1  0
391       1  1  1  1  1
392       0  1  0  1  0
393       0  1  1  1  1
394       1  1  0  1  0
395       1  1  0  1  1
396       1  1  0  0  0
397       1  1  0  1  0
398       0  1  1  1  1
399       1  0  1  1  1


0             50        50
1         55.311    50.761
2         22.674    38.744
3         27.646    69.907
4         79.573     29.66
5         74.383    21.358
6         52.226    22.772
7         54.349    50.127
8         77.704    32.942
9         23.748     43.43
10          60.34    57.182
11         41.834    71.133
12         23.635    20.582
13         49.466    52.343
14         31.321    63.002
15         74.264    28.617
16          68.08    74.406
17         66.408    67.297
18         26.057    42.499
19         48.708    68.058
20         58.621    57.029
21         24.419    42.589
22         61.109    43.906
23         63.963    79.884
24         58.945     64.46
25         44.336     33.48
26         69.506    45.735
27         53.263    72.235
28          76.17    51.455
29         36.006    73.124
30         20.481     46.61
31         67.379    51.698
32         34.668    28.892
33         23.386    54.965
34          50.29    48.934
35         25.781    56.116
36         22.489    59.425
37         40.054    71.808
38         64.277    76.425
39         42.239    66.168
40         41.575    53.004


1    61.924    56.554
2    68.082     48.45
3    44.257    55.148
4    50.143    55.321
5     45.99    61.174
6     55.24    50.448
7    63.157    46.508
8    60.931    47.901
9    45.977    43.137
10    51.646    43.465
11    24.562    42.767
12    22.166    39.712
13    30.949    26.095
14    31.172    47.338
15    31.273     30.17
16    13.572    43.946
17    19.976    40.007
18    21.423    24.136
19     22.24    39.633
20     18.66    33.925
21    28.785    71.413
22     28.54    71.954
23    34.789    70.338
24     21.72    51.591
25    25.426    72.707
26     25.21    57.003
27    21.379    64.178
28    28.391    60.452
29    33.626    78.753
30    43.078    75.961
31     78.26    13.837
32    66.392    41.936
33    96.244    35.773
34    83.942     36.82
35    80.539    43.509
36    97.488    37.702
37    84.767    28.507
38    79.164    31.243
39    80.734    35.255
40     81.41    20.378
41    93.632    18.729
42    92.871    24.442
43    70.265    34.919
44    80.385    29.934
45    74.431     9.297
46    73.589    20.892
47     79.49    24.198
48     83.71    16.917
49    62.048    33.002
50    71.119    20.138
51    40.581    30.514
52    61.649    16.797
53    47.798    34.461
54    52.014    24.141
55    45.471    38.646
56    53.055    15.476
57    48.453     31.79
58    51.176    36.427
59    45.329    18.144
60    53.296    21.842
61    58.928    35.593
62    42.957    41.802
63    49.267    47.267
64     58.49    55.153
65    51.223    49.827
66    51.727    44.121
67     63.94    58.262
68    61.526    59.876
69    54.886    64.792
70    39.089    43.175
71     75.13    36.328
72    79.384    37.861
73    65.127    36.412
74    91.414     34.23
75    87.862    35.208
76    72.801    26.327
77    71.328    40.987
78    77.869    33.398
79    76.758    31.157
80    75.144    36.206
81    20.007    40.206
82    37.851    33.106
83    37.931    38.777
84    22.914    48.789
85    26.641    49.169
86    21.389    26.035
87    21.184    40.305
88     6.769     48.51
89    23.919    58.299
90    16.474    25.677
91    66.517    67.136
92    62.865    53.036
93    67.888    52.398
94    58.159    39.142
95    47.784    54.394
96    63.012    47.347
97    60.277    57.135
98    60.671    63.151
99    45.916    43.411
100    58.989    71.149
101    41.517    71.012
102    34.082    70.989
103    40.587    73.604
104    47.665     74.05
105    44.696    71.894
106    45.136    57.203
107    46.908    87.013
108     48.37    74.178
109    45.481    82.257
110    39.861    76.294
111    30.538    20.195
112     9.037    24.392
113    22.939    21.393
114    28.202    18.288
115    28.691    30.527
116    21.147      2.73
117    21.876    24.036
118     22.45    19.265
119    22.551    20.515
120    26.451    15.411
121    56.383    69.127
122    64.764    63.798
123    46.819    59.001
124    50.629    49.762
125     42.16    51.123
126    46.405    46.856
127     41.24    54.882
128    41.572    52.177
129    37.536    37.771
130    56.052    45.251
131    31.751    55.095
132    35.071    60.515
133     40.08    71.905
134    29.218    58.402
135    34.033    61.575
136     32.31    78.426
137    24.063    58.053
138    26.525    76.827
139    26.355    67.629
140    37.144    53.026
141    77.975    27.397
142    77.125    23.347
143    71.097     28.72
144    56.028    30.791
145    74.767    27.966
146    79.211     25.33
147    82.218     29.86
148    71.326    16.672
149    64.764    33.376
150    82.205    32.856
151    83.043    79.403
152    67.266    75.184
153    65.065    71.579
154    73.577    90.249
155    73.848    73.532
156    77.231     65.47
157    68.892    81.705
158    85.023    79.526
159     67.84     90.87
160    50.678    67.236
161    54.045    80.145
162    72.903    80.143
163    61.321    68.542
164    60.762    64.578
165    67.025    70.962
166    54.328    75.833
167    66.384    67.324
168    62.334    67.556
169    64.703    62.421
170    84.436    69.403
171    28.818    42.548
172    28.135    50.271
173    15.397    52.422
174    17.871    48.195
175    21.933    32.947
176     24.53    49.698
177    20.603    42.458
178    43.178    49.872
179    29.661    39.356
180    29.829    42.038
181    53.387    65.533
182     48.84    66.469
183    61.654     63.26
184    49.011    72.266
185    49.251    54.448
186    46.396     68.52
187    45.617    62.299
188    40.136    83.502
189    47.284    82.723
190    31.124    67.098
191    58.017    64.963
192    78.235     55.05
193     67.84    72.931
194    61.074    52.064
195    53.931    75.202
196    67.408    66.144
197    50.025    62.369
198    58.889    67.851
199     55.92    45.695
200    57.307    48.605
201    34.692    37.784
202    41.696    38.498
203    23.639     50.95
204    14.363    45.056
205    25.046    41.096
206    22.691    38.063
207    16.143    34.124
208    12.698    54.056
209    21.113     54.83
210     17.76    35.327
211    62.264    45.037
212     75.09    50.612
213    63.501    28.395
214    47.071    32.378
215    69.851    38.609
216    59.163    30.725
217    68.831     41.55
218    53.789    45.534
219    71.641    48.459
220    62.592    44.413
221     55.53    71.182
222    46.963    81.128
223    63.858    80.019
224    55.072    87.669
225    73.268    82.005
226    64.825    79.412
227    60.435    97.016
228    80.796    84.156
229    73.052    63.128
230    63.566    79.766
231    59.457    65.057
232    63.051    75.718
233    62.432    70.064
234    53.894    65.316
235    57.202    62.323
236     62.72    73.307
237    47.654    52.655
238     64.81     51.96
239    65.637    54.918
240    45.011    51.395
241     46.99     33.08
242    43.871    33.317
243    37.036    45.135
244    58.908    40.608
245     46.23    30.949
246    39.705    20.795
247    33.202    49.603
248    35.928    48.194
249    34.039     36.46
250    54.589    26.453
251     54.49    46.232
252    71.126     46.43
253    50.925    42.629
254    66.542     46.91
255    70.408    46.574
256     69.45    45.695
257    62.673    41.925
258    83.699    36.851
259    62.612    35.611
260    71.608    47.674
261    60.577     63.52
262    56.891    70.938
263    51.694    63.434
264    39.557    86.012
265    58.384    89.636
266    40.796     64.37
267    57.761    87.742
268     50.85    68.508
269    61.443    71.187
270    59.717    63.411
271    83.117    44.565
272    84.232    53.159
273    78.635    69.352
274    63.677    66.806
275    62.753     59.72
276    76.535    50.113
277    75.217    48.542
278    76.111     49.78
279    57.377    54.331
280    74.467    51.972
281    32.398    75.683
282     35.26    73.507
283    50.569    68.207
284    29.643    85.266
285    29.886    89.154
286    38.394    79.504
287    52.041    72.289
288    34.867    84.571
289    38.366    65.467
290    41.704    90.246
291    22.732    46.654
292    23.361     47.28
293    25.122     49.47
294    20.091    51.505
295    13.991    50.496
296    28.765    42.989
297    17.132     55.57
298     29.64    38.728
299    25.422    28.835
300    18.108    45.971
301    70.452    54.894
302    62.279    39.727
303    63.872     49.79
304    58.122     35.11
305    76.422    49.555
306    82.479     48.77
307    75.014    62.104
308    65.378    47.973
309    74.302    48.105
310    61.161    42.558
311    48.131    36.306
312    37.568    29.677
313     47.57    15.916
314    36.969    26.656
315    27.848    30.043
316    36.249    30.056
317    47.672     39.15
318    33.299    30.477
319    18.351    19.435
320    31.333    42.257
321    15.849    51.986
322    10.211    65.147
323    25.101    44.226
324    15.263    41.738
325    24.209    52.597
326    38.863    47.424
327     16.42    47.074
328    17.076    42.244
329    35.656    58.624
330     9.198    45.294
331    60.887    45.765
332    47.802    46.835
333    44.469    50.362
334    52.392    46.145
335    42.973    55.543
336    50.552    36.836
337    51.104    47.157
338    47.776    55.008
339    60.959    43.384
340    42.059    39.678
341    12.725     65.51
342    35.961    53.088
343    43.501     63.55
344    17.685    55.682
345    24.636    72.538
346    17.191    50.803
347    31.236    56.139
348    35.726    70.465
349    36.456    50.299
350    22.377    57.031
351    17.166    78.375
352    31.137    76.845
353     7.002    67.488
354    16.624    54.705
355    25.868    57.525
356    10.076    66.146
357    23.712    69.795
358    19.554    52.054
359    18.919     62.46
360    17.232    60.227
361     39.97    73.684
362    40.676    65.251
363    24.881    59.408
364     53.52    85.246
365    40.486    65.733
366     53.17    58.596
367    30.617    69.977
368    49.833    64.215
369     36.38    63.532
370    40.173    64.768
371    72.814    86.206
372    65.074    75.248
373    54.683     89.76
374    60.761    62.043
375    58.921    71.517
376    60.989    76.079
377    75.645    71.182
378    67.877    65.526
379    61.928    75.371
380    67.316    68.891
381    45.266    71.905
382    59.353    70.491
383    49.091    78.833
384    41.987    66.201
385    45.176    70.321
386    43.215    47.796
387     47.15    78.467
388        42    72.749
389    54.065    67.309
390    32.398    62.818
391    46.769    53.241
392    42.097     59.88
393    30.282    37.623
394    33.625    59.244
395    41.566    55.864
396    48.565    56.386
397    44.591    58.294
398    40.701    51.411
399    41.413    55.092
400    37.017    59.211
