81 Stops, 400 Students, 5 Max_Walking, 25 Capacity, 5 Days 

0       1  0  1  1  0
1       1  1  1  1  1
2       1  0  0  1  0
3       1  1  1  1  1
4       1  1  1  1  1
5       1  0  1  0  1
6       1  0  0  0  1
7       1  1  1  1  1
8       1  1  1  1  1
9       0  1  1  1  0
10       1  1  1  1  1
11       0  1  1  1  1
12       1  1  1  1  1
13       1  1  1  1  1
14       1  1  1  1  1
15       1  1  1  1  1
16       1  1  1  1  1
17       1  1  1  1  1
18       1  1  1  1  1
19       1  1  1  1  1
20       1  1  1  1  1
21       1  1  1  1  1
22       1  1  1  1  1
23       1  1  1  1  1
24       1  1  1  1  1
25       1  1  0  1  1
26       1  1  1  1  1
27       1  1  1  1  1
28       1  1  0  1  0
29       1  1  1  1  1
30       1  1  1  1  1
31       1  1  1  0  0
32       0  1  1  0  0
33       1  1  1  1  1
34       1  1  1  1  1
35       1  1  1  1  1
36       1  1  1  1  1
37       1  1  1  1  1
38       1  1  1  1  1
39       1  1  1  1  1
40       1  1  1  1  1
41       1  1  1  1  1
42       1  1  1  1  1
43       1  1  1  1  1
44       1  1  1  1  1
45       1  1  1  1  1
46       1  1  1  1  1
47       1  1  1  1  1
48       1  1  1  1  1
49       1  1  1  1  1
50       1  1  1  1  1
51       1  1  1  1  1
52       1  1  1  1  1
53       1  1  1  1  1
54       1  1  1  1  1
55       1  1  1  1  1
56       1  1  1  1  1
57       1  1  1  1  1
58       1  1  1  1  1
59       1  0  1  0  1
60       1  1  1  1  1
61       1  1  1  1  1
62       1  1  1  1  1
63       1  1  1  1  1
64       1  1  1  1  1
65       1  0  0  1  1
66       1  1  1  1  1
67       1  1  1  1  1
68       1  1  1  1  1
69       1  1  1  1  1
70       1  1  1  0  1
71       1  1  1  1  1
72       1  1  0  0  0
73       1  1  1  1  1
74       1  1  1  1  1
75       1  1  1  1  1
76       1  1  1  1  1
77       1  1  1  1  1
78       0  1  0  1  0
79       1  0  0  1  1
80       1  1  1  1  1
81       1  1  1  1  1
82       1  1  1  1  1
83       1  0  1  1  1
84       0  0  1  1  0
85       1  1  1  1  1
86       1  1  1  1  1
87       1  1  1  1  1
88       1  1  1  1  1
89       1  1  1  1  1
90       1  1  1  1  1
91       1  1  1  1  1
92       1  1  1  1  1
93       0  1  0  1  0
94       1  1  1  1  1
95       1  0  1  1  1
96       0  0  1  1  1
97       1  1  1  1  1
98       1  1  1  1  1
99       1  1  1  1  1
100       1  0  1  1  1
101       1  1  1  1  1
102       1  1  1  1  1
103       1  1  1  1  1
104       1  1  1  1  1
105       1  0  1  0  0
106       1  1  1  1  1
107       1  0  1  1  1
108       1  1  1  1  1
109       1  1  1  1  1
110       1  1  1  1  1
111       1  1  1  1  1
112       1  1  1  1  1
113       1  1  1  1  1
114       1  0  1  1  1
115       1  1  1  1  1
116       1  1  1  1  1
117       1  1  1  1  1
118       0  1  1  1  0
119       0  1  1  1  1
120       1  1  1  1  1
121       1  1  1  1  1
122       1  1  1  1  1
123       1  0  0  1  0
124       1  1  1  1  1
125       1  1  1  1  1
126       1  1  1  1  1
127       0  1  1  1  1
128       1  1  1  1  1
129       1  1  1  1  1
130       1  1  0  1  0
131       1  1  1  1  1
132       1  1  1  1  1
133       1  1  1  1  1
134       1  1  1  1  1
135       1  1  1  1  1
136       1  1  1  0  1
137       1  1  1  1  1
138       1  1  1  1  1
139       1  0  1  1  1
140       1  1  1  1  1
141       1  1  1  1  1
142       1  1  1  1  1
143       1  0  1  1  1
144       1  1  1  1  1
145       1  1  1  1  1
146       1  1  1  1  1
147       1  1  1  1  1
148       1  1  1  1  1
149       1  1  1  1  1
150       1  1  1  1  1
151       0  0  1  1  0
152       1  1  0  0  1
153       1  1  1  1  1
154       1  1  1  1  1
155       1  1  1  1  1
156       1  1  1  1  1
157       1  1  1  1  1
158       1  1  1  1  1
159       1  1  0  0  0
160       1  1  0  0  0
161       1  1  1  1  1
162       0  1  1  1  1
163       1  1  0  1  0
164       1  1  1  1  1
165       1  1  1  1  1
166       1  1  1  1  1
167       1  1  1  1  1
168       1  1  0  0  1
169       0  0  1  1  1
170       1  1  1  1  1
171       1  1  1  1  1
172       1  1  1  1  1
173       1  1  1  1  1
174       1  1  1  1  1
175       1  1  0  1  1
176       1  1  1  1  1
177       1  1  1  1  1
178       1  1  1  1  1
179       1  1  1  1  1
180       1  1  1  1  1
181       1  1  1  1  1
182       1  1  1  1  1
183       1  1  1  1  1
184       1  1  1  1  1
185       1  1  1  1  1
186       1  1  1  1  1
187       1  1  1  1  1
188       1  1  0  1  0
189       1  1  1  1  1
190       1  1  1  1  1
191       1  1  1  1  0
192       1  1  1  1  1
193       1  0  1  0  0
194       1  1  1  1  1
195       1  1  1  1  1
196       1  1  0  0  1
197       1  0  0  0  1
198       1  1  1  1  1
199       0  1  1  1  0
200       1  1  1  1  1
201       1  1  1  1  1
202       1  1  1  0  1
203       0  1  1  0  0
204       1  1  1  1  1
205       1  1  1  1  1
206       1  1  1  1  1
207       1  1  1  1  1
208       1  1  1  1  1
209       1  1  1  1  1
210       0  0  1  1  0
211       1  0  1  0  1
212       1  1  1  1  1
213       1  0  1  0  0
214       1  1  1  1  1
215       0  0  1  0  1
216       1  1  1  1  1
217       1  1  1  1  1
218       1  1  1  1  1
219       1  1  1  1  1
220       1  1  1  1  1
221       1  1  1  1  1
222       1  1  1  0  0
223       1  1  1  1  1
224       1  1  1  1  1
225       1  1  0  0  0
226       1  1  1  1  1
227       0  1  1  1  0
228       1  1  1  1  1
229       1  1  1  1  1
230       1  1  1  1  1
231       1  0  1  1  1
232       1  1  1  1  1
233       1  1  1  1  1
234       1  1  1  1  1
235       1  1  0  1  1
236       1  0  1  0  1
237       1  0  0  0  1
238       1  0  0  0  1
239       1  1  1  1  0
240       1  1  1  1  1
241       1  1  1  1  1
242       1  1  1  1  1
243       1  1  1  1  1
244       1  1  0  0  0
245       1  1  1  1  1
246       0  0  1  1  1
247       1  1  1  1  1
248       1  1  1  1  1
249       1  1  1  1  1
250       1  1  1  1  1
251       1  0  0  0  1
252       1  1  1  1  1
253       1  1  1  1  1
254       1  1  1  1  1
255       1  1  1  1  1
256       1  1  1  1  1
257       0  0  1  1  0
258       1  1  1  1  1
259       1  1  1  1  1
260       1  0  1  1  0
261       1  1  1  1  1
262       1  1  1  1  1
263       1  1  1  1  1
264       1  0  1  1  0
265       1  1  1  1  1
266       1  1  1  1  1
267       1  1  1  1  1
268       1  1  1  1  1
269       1  1  1  1  1
270       1  1  1  1  1
271       1  1  1  1  1
272       1  1  1  1  1
273       1  1  1  1  1
274       1  1  1  1  1
275       1  1  1  1  1
276       1  1  1  1  1
277       1  1  1  1  1
278       1  1  1  1  1
279       1  1  1  1  1
280       1  1  1  1  1
281       1  0  0  1  1
282       1  1  1  1  1
283       1  1  1  1  1
284       0  1  0  1  1
285       1  1  1  1  1
286       1  1  1  1  1
287       1  1  1  1  1
288       1  1  1  1  1
289       1  1  1  1  1
290       1  1  1  1  1
291       1  1  1  1  1
292       1  1  1  1  1
293       1  1  1  1  1
294       1  1  1  1  1
295       1  1  1  0  0
296       1  1  0  0  1
297       1  1  1  1  1
298       1  1  1  1  1
299       1  0  0  1  1
300       1  1  0  1  1
301       1  1  1  1  1
302       1  1  1  1  1
303       1  1  1  1  1
304       1  1  1  1  1
305       1  1  1  1  1
306       1  1  1  1  1
307       1  1  1  1  1
308       1  0  0  1  1
309       1  0  0  0  1
310       1  1  1  1  1
311       1  1  1  1  1
312       1  1  1  1  1
313       1  1  1  1  1
314       1  1  1  1  1
315       1  1  1  1  1
316       1  1  1  1  1
317       1  1  1  1  1
318       0  1  0  0  1
319       1  1  1  1  1
320       1  1  0  0  0
321       1  1  1  0  0
322       1  0  1  0  0
323       1  1  1  1  1
324       1  1  1  1  1
325       1  1  1  1  1
326       1  0  0  1  0
327       1  1  1  1  1
328       1  0  1  0  1
329       1  1  1  1  1
330       1  1  1  1  1
331       1  1  1  1  1
332       1  1  1  1  1
333       1  1  1  1  1
334       1  1  1  1  1
335       0  1  1  0  0
336       1  1  1  1  1
337       1  1  1  1  1
338       1  1  1  1  1
339       1  1  1  1  1
340       1  1  1  1  1
341       1  1  1  1  1
342       0  0  1  0  1
343       1  1  1  1  1
344       1  1  1  1  1
345       1  1  1  1  1
346       1  1  1  1  1
347       0  0  1  1  0
348       1  1  1  1  1
349       1  1  1  1  1
350       1  0  0  1  1
351       1  0  0  1  1
352       1  1  1  1  1
353       1  1  1  1  1
354       1  0  0  1  0
355       0  1  1  0  1
356       1  1  1  1  1
357       1  1  1  1  1
358       1  1  1  1  1
359       1  1  1  1  1
360       1  1  1  1  1
361       1  1  1  1  1
362       1  1  1  1  1
363       1  1  1  1  1
364       1  0  0  0  1
365       1  1  1  1  1
366       1  1  1  1  1
367       1  0  1  0  0
368       1  1  1  1  0
369       1  1  1  1  1
370       1  1  1  1  1
371       1  1  1  1  1
372       1  1  1  1  1
373       1  1  1  1  1
374       0  1  1  1  0
375       1  1  1  1  1
376       1  1  1  1  1
377       1  1  1  1  1
378       1  1  1  1  1
379       1  1  1  1  1
380       1  1  1  1  1
381       1  1  0  1  0
382       1  1  1  1  1
383       1  1  1  1  1
384       1  1  1  1  1
385       1  1  1  1  1
386       1  1  1  1  1
387       1  1  1  1  1
388       1  1  0  0  0
389       1  1  1  1  1
390       1  1  1  1  1
391       0  1  0  1  0
392       1  1  1  1  1
393       1  1  1  1  1
394       1  1  1  1  1
395       1  1  1  1  1
396       1  1  1  1  1
397       1  1  1  1  1
398       1  1  1  1  1
399       1  1  1  1  1


0             50        50
1         57.756    42.877
2          14.36    47.347
3         42.422    53.681
4          94.19    32.222
5         63.982    58.368
6         85.073    85.639
7         63.137    70.159
8         76.006    52.896
9         16.158    38.099
10          33.66      6.02
11         84.678    59.463
12         53.413    87.958
13         33.698    22.336
14         51.782    24.125
15         25.105    81.709
16         12.288    14.165
17         73.997    62.658
18          8.257    71.468
19         11.453    36.415
20         16.973     16.45
21         26.722    26.003
22          8.017    83.756
23         76.163    35.573
24          65.88    50.965
25         60.265    83.269
26          56.68    71.146
27         88.955    48.324
28         36.081    80.029
29         47.483    52.816
30         57.323    58.328
31         26.969    89.838
32         88.118    33.643
33         68.256    11.284
34         10.794    57.574
35         87.969    14.068
36         56.842     66.76
37          42.76    86.208
38         69.512    23.602
39         63.848    24.974
40         19.444    71.788
41         47.893    39.385
42         87.057    30.763
43           6.67    35.334
44         80.339    19.541
45         39.099    63.519
46         75.945    19.257
47         34.092     48.16
48         56.533    32.844
49         10.975    91.852
50         55.049    19.974
51         66.692    77.938
52         19.729    29.989
53         23.021    56.273
54         54.499    68.688
55         20.172     49.09
56         45.678    73.951
57         46.912    86.034
58         19.974    75.588
59         23.801    93.775
60         77.571    48.602
61         19.363    53.457
62         57.098    75.262
63         80.169    93.138
64         30.972    24.242
65          5.384    68.996
66         24.274    64.441
67         73.912    78.638
68          6.668    51.789
69         86.469    87.461
70         88.301     17.12
71         32.431    59.042
72         42.285    48.682
73          68.88    63.172
74         79.383    45.089
75          51.99    86.683
76          33.48    87.497
77          91.79    26.148
78         83.732     11.19
79         49.841    57.916
80         59.726    42.681


1    57.303    42.476
2    56.865    39.217
3    56.387    38.405
4    59.258    46.615
5    59.264    45.685
6    14.289     46.32
7    15.898    45.156
8    17.901    50.283
9    15.954    47.854
10    14.082    47.871
11     44.51    54.698
12    42.926    53.862
13    42.929    55.277
14    42.325    53.656
15    42.831    54.879
16    94.054    31.857
17    94.303     32.21
18    94.895    29.759
19    92.657    32.514
20    97.988    30.249
21    64.507    55.185
22    63.567    57.809
23    63.969    58.381
24    61.298    57.782
25     63.64    56.993
26    83.793    88.767
27    83.887    84.289
28     85.99    83.995
29    85.818    89.457
30    85.954    82.882
31    65.171    66.418
32     63.23    71.016
33    62.052    74.471
34    63.763    70.356
35    66.561     66.63
36    79.948    55.913
37    72.768    53.975
38    77.175    53.001
39    76.027    52.885
40    74.302    51.131
41    16.042    41.157
42     14.36    34.652
43    18.672    39.013
44    14.351    39.372
45    19.269    39.828
46    37.062     4.615
47      34.2     2.612
48     29.61      5.92
49     33.83      6.02
50    33.849     5.892
51    84.592    64.108
52    82.314    59.406
53    86.219    60.841
54    87.075     57.19
55    85.398    59.479
56    53.223    83.982
57    51.031    88.583
58    52.191    92.768
59    50.497    89.259
60    50.519    87.349
61    32.903     22.82
62    37.204    23.066
63    33.848    22.151
64    36.445    19.533
65    34.229    22.213
66    49.775    21.672
67    49.563    25.806
68    53.906    23.767
69    54.011    24.504
70    54.553    21.494
71    26.502    78.484
72    27.942    77.643
73    25.063    81.667
74     27.62    81.184
75    23.196      82.3
76    12.182    14.076
77    12.414    14.229
78    10.919    16.543
79    13.057     9.821
80     15.25    11.685
81    75.071    62.702
82    74.288    58.084
83    75.198    59.774
84    74.812    62.075
85    75.727    59.234
86     7.323    68.277
87     7.537    67.774
88     8.432    72.098
89      8.09    73.673
90     7.089    69.701
91    14.429     37.45
92    14.534    36.078
93     7.509    38.298
94     8.308    37.055
95    16.143    38.127
96    20.787    19.504
97    13.735    18.437
98    15.831    14.653
99    20.674    15.183
100    14.229    17.922
101    23.753    24.543
102    27.451    25.933
103    26.107    21.326
104    23.889    23.267
105    29.303    27.817
106     7.633    83.779
107     8.609    83.758
108     8.162    83.769
109    11.539     86.64
110      8.85     84.11
111    75.375    36.134
112    75.936    35.716
113    72.773    38.884
114    76.252    33.628
115    76.894    35.172
116    64.159    55.379
117    69.657    52.659
118     68.09    49.812
119    66.053     51.82
120    65.373    49.466
121    60.401    86.533
122    61.751    80.994
123    60.338    80.482
124    63.869     83.56
125    59.639    84.872
126    53.906    72.535
127    54.712    70.096
128    55.754    73.273
129    59.238    75.326
130    57.124    71.105
131    89.282    47.375
132    91.392    45.758
133    85.468    49.466
134    93.721     47.33
135    88.832    48.882
136    37.542    79.695
137    36.682    77.997
138     35.04    76.159
139    34.186    82.061
140    35.372    81.027
141    49.295    54.475
142    48.267    52.378
143    44.422    49.712
144    47.274    55.007
145    49.045     53.55
146    52.587    59.471
147    57.807    56.382
148    56.931    57.636
149    52.419    58.092
150    54.162    57.973
151    30.831    90.598
152    27.795    88.763
153    26.565    90.122
154    31.497    89.606
155    27.072    89.445
156    83.947    36.011
157    86.775    32.557
158     87.09    36.156
159     88.35    30.217
160    89.385     35.72
161    70.564    15.536
162    68.952    11.397
163    64.963    13.141
164    67.064    10.275
165    66.794     9.187
166    10.765    57.533
167    14.087    57.527
168    11.402     59.99
169    11.893    59.283
170       9.8    59.284
171    87.584    12.118
172    88.211    18.588
173    92.278    12.089
174    88.416    14.187
175    90.053    11.008
176     57.51    65.992
177    59.117    68.106
178      56.3    69.574
179    57.564    66.444
180    57.945    66.551
181    43.735    89.011
182    47.071    85.575
183    43.545    85.153
184    41.253    83.319
185    41.076    83.559
186    73.852    21.298
187    70.962    23.103
188    71.048    24.206
189     69.35    23.415
190    67.303     26.58
191    66.355    24.602
192    66.275     27.43
193    65.409    23.176
194    66.843    25.378
195    67.927    23.174
196    17.472    73.173
197    22.951     71.99
198    16.761    69.706
199    20.682    69.865
200    18.259    74.184
201    44.117    41.319
202    47.096    38.594
203    46.548    40.943
204    43.944    39.727
205    47.719    39.931
206    85.234    33.257
207    85.619    27.734
208    84.433     33.38
209    86.751    30.565
210    91.362    29.588
211     6.104    34.574
212     6.326    35.481
213     7.314    36.037
214     5.675     35.86
215     8.019    33.924
216    79.986    20.212
217    82.486    23.468
218    81.357    17.733
219    83.301    18.797
220    80.658    22.951
221    36.135    61.562
222    37.398    62.242
223    41.103    64.844
224    41.709    67.565
225    39.814    64.584
226    79.343    19.117
227    76.262    22.423
228    71.558    19.007
229    77.598    15.313
230    77.693    22.106
231    30.601    49.303
232    36.583    51.639
233    37.013    45.738
234    32.806    46.324
235    33.502    48.446
236    56.491    33.579
237    60.266    31.753
238    55.681    31.401
239    53.258    33.104
240    56.231    32.537
241    11.369    91.373
242    12.475    93.877
243    10.681    90.376
244    11.515    92.367
245    10.013    93.911
246    54.543     17.83
247    53.916    18.651
248    55.852    16.998
249    59.011    21.847
250    58.333    22.721
251    67.233    80.456
252    63.689    80.654
253    69.737    74.386
254    64.808    78.863
255    66.797    77.698
256     17.87    28.415
257    22.541    26.976
258    19.825    30.405
259    19.742     30.88
260    17.305    27.018
261     22.72    59.244
262    26.332    58.981
263    22.535     54.04
264    19.086    58.615
265    27.225    57.789
266    53.211    68.556
267    53.785    72.117
268    51.432    68.175
269    58.478    68.986
270    55.029    71.376
271    18.606    49.153
272    20.002    50.886
273    22.478    45.235
274    16.826    47.572
275    17.508    47.395
276    45.754    73.031
277    47.604    71.352
278     46.06    73.898
279    41.577    72.451
280     42.11    72.705
281    45.477     89.83
282    47.342     83.41
283    47.001    86.939
284    46.641    85.555
285    50.189    87.042
286    20.806    76.706
287    22.396    72.885
288    20.794    74.257
289    22.029    75.344
290    19.727    77.618
291    20.718    95.793
292    20.566    94.545
293    22.986    92.867
294    23.876    89.948
295    23.252        89
296    78.188    49.435
297    78.779     46.83
298    79.508     47.64
299    77.912    48.513
300    76.803    47.235
301    19.212    53.887
302    19.399      50.1
303    16.693     51.69
304    16.761    54.677
305     17.66     58.08
306    57.622    79.648
307    54.231    71.781
308    54.884    78.689
309    54.564    76.474
310    57.936    78.193
311    82.223    96.957
312    77.867    95.672
313    78.777    93.234
314    82.678     92.58
315    77.641    92.763
316    31.035    24.277
317    28.565    25.938
318    27.425    25.781
319     34.21    26.742
320    30.904     24.99
321      2.36    66.681
322     3.896    71.019
323     3.296    69.267
324     5.475    69.801
325     8.777    71.742
326    22.965     63.59
327     23.78    64.164
328    22.358    68.565
329    24.361    62.293
330    24.952    67.285
331    74.003    78.451
332    72.319    79.913
333    75.485    79.068
334    74.542    80.194
335     72.39    82.856
336     6.327    53.957
337     6.638    47.182
338     2.445    52.996
339     5.873    51.984
340     5.974    50.497
341    83.453    88.828
342    83.303    85.592
343    84.791    85.768
344    85.134    89.116
345    85.937     87.86
346    87.059    15.423
347    89.692    15.555
348     84.83    17.758
349    87.955    21.931
350    92.282    18.225
351    32.718    60.608
352    31.697    58.382
353    30.268    58.333
354     29.65    60.995
355    28.461    59.246
356    38.175    46.635
357    39.484    44.793
358    39.296    51.316
359    44.354    48.132
360    41.506    46.177
361    67.923    61.718
362     68.22    62.194
363     68.88    63.172
364    71.107     59.08
365    68.867    63.152
366    79.151    44.854
367    77.162    47.844
368    82.537    45.385
369    77.488    45.127
370     79.32    47.657
371     55.12     85.55
372    50.439    89.767
373    53.976    83.743
374    51.319    87.791
375    54.165     85.31
376    33.875    84.918
377    31.909     87.42
378    28.806    86.211
379    30.993    89.676
380    32.339     87.68
381    87.192     27.05
382    89.745     24.31
383    90.013    26.403
384    90.517    26.551
385    92.178    27.623
386    83.424    16.143
387    85.867    11.434
388      82.1    13.768
389    84.651     8.365
390    83.603     11.58
391     51.34    58.614
392    50.011    57.955
393    50.795    58.267
394    50.352    57.966
395    53.231    54.656
396    60.969    44.602
397    58.704    41.394
398    59.813    42.195
399    57.638    43.764
400    55.042    42.181
