41 Stops, 400 Students, 40 Max_Walking, 25 Capacity, 5 Days 

0       1  1  1  1  1
1       1  0  1  1  0
2       0  1  1  0  0
3       1  1  1  1  1
4       0  1  0  1  0
5       1  1  1  1  1
6       1  1  1  1  1
7       1  1  1  1  1
8       1  1  1  1  1
9       1  1  1  1  1
10       1  1  1  1  1
11       0  0  1  0  1
12       1  1  0  1  1
13       0  0  1  1  0
14       0  0  1  0  1
15       1  1  1  1  1
16       1  1  1  1  1
17       0  1  0  1  0
18       0  0  1  0  1
19       1  1  1  1  1
20       1  0  1  0  1
21       0  1  1  0  0
22       0  0  1  0  1
23       1  0  1  0  0
24       1  1  0  0  0
25       1  0  0  1  0
26       1  1  1  1  1
27       1  1  1  0  0
28       0  1  0  1  1
29       1  1  1  1  1
30       0  1  1  1  1
31       1  1  1  1  1
32       1  1  1  1  1
33       1  1  1  1  1
34       1  1  0  1  0
35       1  1  1  1  1
36       1  1  0  1  0
37       0  1  1  0  0
38       0  1  0  0  1
39       1  1  1  1  1
40       1  1  1  1  1
41       1  1  1  1  1
42       1  1  1  1  1
43       1  1  1  1  1
44       1  1  1  1  1
45       0  1  1  1  1
46       1  1  0  0  0
47       0  1  1  1  1
48       1  1  1  1  1
49       1  1  1  1  1
50       1  1  1  0  0
51       1  1  1  1  1
52       1  1  1  1  1
53       1  1  1  1  1
54       0  0  1  1  0
55       1  1  0  1  1
56       1  1  1  1  1
57       1  1  1  1  1
58       0  1  0  1  0
59       1  1  1  1  1
60       1  1  1  1  1
61       1  1  1  1  1
62       1  1  0  0  1
63       1  1  0  0  1
64       1  1  1  1  1
65       1  1  1  1  1
66       1  1  1  1  1
67       1  1  1  1  0
68       1  1  1  1  1
69       1  1  1  1  1
70       0  0  0  1  1
71       1  1  1  1  1
72       0  1  1  1  1
73       1  1  0  1  0
74       1  1  1  1  1
75       1  0  0  1  1
76       1  1  1  1  1
77       1  0  1  1  0
78       1  0  1  0  1
79       0  1  0  1  0
80       1  1  1  1  1
81       1  1  1  1  1
82       1  1  1  1  1
83       0  1  1  1  0
84       1  0  1  0  0
85       1  1  1  1  1
86       1  1  1  1  1
87       1  1  1  1  1
88       0  0  0  1  1
89       1  1  1  1  1
90       0  0  0  1  1
91       0  0  1  1  0
92       1  1  1  1  1
93       1  1  1  1  1
94       1  1  1  1  1
95       1  1  1  1  1
96       1  1  1  1  1
97       0  1  0  1  1
98       1  0  1  0  0
99       1  1  1  1  1
100       1  1  1  1  1
101       1  1  1  1  1
102       1  1  1  0  0
103       1  1  1  0  1
104       1  1  0  0  1
105       1  1  1  1  1
106       1  1  0  0  1
107       1  1  1  1  1
108       0  0  0  1  1
109       1  1  1  1  1
110       1  1  1  1  1
111       1  1  1  1  1
112       1  1  1  1  1
113       0  1  0  1  0
114       0  0  0  1  1
115       1  1  1  1  0
116       1  1  1  1  1
117       0  1  1  0  1
118       0  1  1  1  0
119       1  0  0  1  1
120       1  1  1  1  1
121       1  1  1  1  1
122       1  1  1  1  1
123       1  1  1  1  1
124       1  1  1  1  1
125       1  1  0  0  0
126       0  0  1  1  1
127       1  1  1  1  1
128       1  1  1  1  1
129       1  1  1  0  0
130       1  1  1  0  1
131       1  0  1  1  0
132       0  1  1  0  1
133       1  1  1  1  1
134       1  1  1  1  1
135       0  0  1  1  0
136       1  1  1  1  1
137       1  1  1  1  0
138       1  1  0  0  0
139       0  0  1  1  0
140       1  0  1  0  0
141       1  1  1  1  1
142       1  1  1  1  1
143       0  1  0  0  1
144       1  1  1  1  1
145       1  0  0  0  1
146       1  1  1  0  1
147       1  0  1  1  0
148       1  1  1  1  1
149       1  1  1  1  1
150       1  1  0  1  0
151       1  1  1  0  0
152       1  1  1  1  1
153       1  1  1  1  1
154       0  1  1  0  1
155       1  1  1  1  1
156       1  1  1  1  1
157       1  1  1  1  1
158       0  0  1  1  0
159       1  1  1  1  1
160       1  1  1  1  1
161       0  0  0  1  1
162       0  1  0  1  1
163       1  1  1  1  1
164       1  1  1  1  1
165       0  0  0  1  1
166       1  1  1  1  0
167       1  1  1  1  1
168       1  1  1  1  0
169       1  1  1  1  1
170       0  0  1  1  1
171       0  1  1  0  1
172       1  0  1  1  1
173       1  1  1  1  0
174       1  1  1  1  1
175       0  0  1  0  1
176       1  1  1  1  1
177       0  0  1  0  1
178       1  1  1  1  1
179       1  1  1  1  1
180       1  1  1  1  1
181       1  1  1  1  1
182       1  0  1  0  0
183       1  1  1  1  1
184       1  0  1  0  0
185       0  1  0  0  1
186       1  1  1  1  1
187       1  1  1  1  1
188       0  0  1  1  1
189       1  1  1  1  1
190       1  0  1  1  0
191       1  1  1  1  1
192       1  1  1  1  1
193       1  1  0  1  0
194       1  1  1  1  1
195       0  1  1  0  0
196       0  0  1  0  1
197       1  1  1  0  1
198       1  1  1  1  1
199       0  1  0  1  1
200       0  1  1  0  0
201       1  1  0  1  1
202       1  1  1  1  0
203       1  1  0  0  0
204       0  0  1  1  1
205       1  1  1  1  1
206       0  0  1  1  1
207       1  0  1  1  1
208       0  0  1  1  0
209       1  1  0  1  1
210       0  1  1  1  1
211       0  1  1  1  1
212       1  0  1  0  0
213       1  1  0  1  1
214       0  1  1  0  1
215       1  1  1  0  1
216       0  1  0  1  0
217       0  1  1  0  0
218       0  1  1  0  1
219       1  1  0  0  1
220       0  1  0  1  1
221       1  1  0  0  0
222       1  0  0  0  1
223       0  1  1  1  1
224       0  1  1  0  0
225       0  0  0  1  1
226       0  1  0  0  1
227       1  0  0  1  0
228       1  0  0  0  1
229       0  1  1  0  0
230       1  1  1  1  1
231       0  0  1  1  1
232       1  0  1  0  0
233       0  1  1  0  0
234       0  0  0  1  1
235       1  0  0  0  1
236       0  1  0  1  1
237       1  0  0  1  0
238       1  0  1  1  1
239       1  1  1  0  1
240       0  1  1  0  0
241       1  0  0  1  0
242       1  0  1  1  0
243       1  0  0  1  1
244       1  1  0  0  0
245       1  0  1  0  0
246       0  1  1  1  0
247       1  1  1  1  1
248       0  1  1  1  0
249       0  1  1  1  1
250       0  1  1  0  1
251       1  0  0  1  0
252       1  1  0  0  1
253       1  0  0  0  1
254       0  1  1  1  1
255       1  1  1  1  0
256       1  1  0  1  0
257       0  0  1  1  0
258       0  0  1  1  0
259       1  0  1  1  1
260       0  0  1  1  1
261       0  0  1  1  0
262       1  0  1  1  1
263       0  0  1  1  0
264       1  1  0  0  1
265       1  1  0  0  0
266       1  0  0  1  1
267       1  1  0  1  1
268       1  0  0  1  1
269       1  1  0  1  0
270       0  1  0  1  1
271       1  0  0  1  0
272       1  0  1  1  0
273       1  0  1  1  1
274       1  1  1  1  1
275       1  0  1  1  1
276       0  0  1  1  0
277       1  1  1  0  1
278       0  1  1  0  1
279       0  1  0  1  0
280       1  1  1  1  0
281       1  0  0  1  0
282       1  0  1  0  0
283       1  1  0  0  0
284       1  1  0  1  0
285       1  1  1  0  1
286       0  1  1  0  1
287       1  1  0  1  1
288       1  0  1  1  1
289       1  0  0  0  1
290       0  1  1  0  1
291       1  0  0  0  1
292       1  1  0  0  0
293       1  0  1  0  1
294       0  0  1  1  1
295       1  1  1  0  0
296       0  0  1  1  1
297       0  0  1  1  0
298       1  1  1  0  0
299       0  1  0  1  0
300       1  1  1  1  1
301       1  1  1  1  1
302       0  1  1  0  0
303       1  1  0  1  1
304       1  1  1  1  1
305       1  1  1  1  0
306       1  0  1  1  1
307       0  1  1  0  1
308       1  0  0  0  1
309       0  1  0  0  1
310       1  1  0  0  1
311       0  1  0  0  1
312       0  1  0  1  0
313       1  0  0  1  0
314       0  0  1  1  0
315       0  0  1  1  0
316       1  0  0  0  1
317       1  1  1  0  0
318       1  0  0  0  1
319       1  1  1  1  1
320       1  0  0  1  1
321       1  0  1  1  0
322       0  1  1  1  1
323       1  1  1  0  1
324       0  0  0  1  1
325       1  1  1  1  1
326       1  1  0  1  0
327       0  0  0  1  1
328       1  0  1  0  1
329       1  1  1  1  1
330       0  1  1  0  1
331       1  1  0  0  0
332       0  1  0  1  1
333       1  0  1  0  1
334       0  0  0  1  1
335       0  0  0  1  1
336       0  1  0  0  1
337       1  1  1  0  1
338       1  1  0  0  1
339       0  1  1  1  0
340       0  0  1  1  1
341       1  0  0  0  1
342       0  1  0  1  1
343       0  1  1  1  1
344       0  1  1  1  0
345       1  0  1  0  0
346       0  0  0  1  1
347       0  1  1  1  0
348       1  0  0  1  0
349       0  1  1  1  1
350       1  0  0  1  0
351       0  0  1  1  0
352       1  1  1  0  1
353       0  1  1  0  0
354       0  1  0  1  1
355       1  0  1  1  1
356       1  0  1  1  0
357       0  0  1  1  1
358       1  0  1  1  1
359       0  1  1  1  0
360       1  1  1  0  1
361       0  0  0  1  1
362       0  1  1  0  0
363       0  0  0  1  1
364       1  1  1  0  1
365       0  0  0  1  1
366       1  1  0  0  0
367       1  0  1  1  1
368       1  1  1  0  1
369       1  1  1  1  0
370       1  1  0  1  1
371       1  0  1  1  0
372       1  0  1  0  1
373       0  1  1  1  1
374       1  0  1  0  0
375       1  1  1  1  1
376       0  1  0  0  1
377       0  1  0  1  1
378       1  1  1  0  0
379       1  1  0  1  0
380       0  0  1  0  1
381       1  1  0  0  1
382       1  0  1  1  1
383       1  0  0  1  0
384       1  0  1  1  1
385       1  1  1  1  0
386       1  0  1  0  0
387       0  0  1  0  1
388       1  0  1  1  0
389       0  1  1  1  1
390       1  1  0  0  1
391       1  1  1  0  0
392       1  0  1  0  0
393       0  1  1  0  1
394       1  1  1  1  1
395       1  0  1  0  0
396       1  0  1  0  0
397       0  1  1  1  0
398       1  0  1  0  0
399       0  0  1  0  1


0             50        50
1         58.657    40.499
2         42.029    56.013
3         40.206    46.236
4         58.574     44.45
5         52.229    57.938
6         58.052    55.182
7         52.612    54.139
8         57.128    44.728
9         49.181    45.151
10         45.964    54.531
11         57.548    56.072
12         50.238    58.313
13         56.406    45.193
14         46.648    54.307
15         43.298    50.171
16         53.013    58.533
17          46.94    57.903
18         59.006    42.694
19         48.605    51.357
20         42.055    42.737
21          47.61     54.51
22         50.622    59.636
23         43.808    53.719
24          42.83    43.638
25         59.309    40.592
26         52.856    56.722
27         42.037    58.689
28         40.511    54.048
29         42.893    58.111
30         58.649    52.077
31          43.62    58.477
32         43.018    55.533
33         45.923     51.73
34         57.973    57.065
35          40.52    44.029
36         51.284    51.492
37         43.924    42.019
38         51.084     44.21
39         46.511    58.099
40         57.276    58.329


1    28.097    56.114
2    68.814     24.43
3    55.783     8.454
4    69.757    62.976
5    25.912    39.671
6    40.116    49.324
7    57.003     9.454
8    64.421    53.532
9    62.854     15.31
10    77.443    33.274
11    42.052    58.726
12    58.389    70.411
13    62.168    81.192
14    42.025    56.061
15    71.866    56.336
16    39.636    53.041
17    48.643    50.061
18    81.393    59.873
19    29.319    40.616
20    38.731    64.563
21    51.729    82.255
22     59.65    71.137
23    43.581    46.521
24     57.42    22.496
25    66.654    53.706
26    26.818    67.209
27    63.836    51.341
28    64.117     52.02
29     51.35    31.069
30    65.514     47.96
31    59.221    45.316
32    66.764    45.855
33    56.309    42.836
34    64.675    68.184
35    29.701    33.584
36    70.619    78.545
37    42.377    76.721
38    62.279    51.371
39    59.683    32.736
40    46.992    64.091
41    75.596    43.051
42    55.236    76.284
43    80.411    69.388
44    16.381     70.79
45      62.9    73.352
46    40.927    55.421
47    62.751    83.365
48    50.805     53.36
49    42.635    82.334
50    56.905     65.06
51    79.289    76.275
52    64.572    39.189
53    37.524    65.729
54    46.746     53.02
55    59.213    54.794
56    81.279    83.329
57    65.837    79.662
58    42.807    73.229
59    58.164    57.402
60    82.095    38.234
61    52.899    55.667
62     26.27    56.403
63    31.601    33.355
64    20.082    34.434
65    65.196    57.225
66    23.086    57.598
67    44.923     49.56
68     61.55    71.674
69    41.293    66.522
70    52.015    53.243
71    40.242     8.904
72    78.209    70.337
73    61.877    26.463
74    52.838    66.097
75    58.058    50.054
76    70.989    29.168
77    60.379    13.956
78    57.665    44.708
79    77.949    59.796
80    71.062    64.463
81    28.516    60.703
82    26.806    56.186
83    87.583    47.456
84    51.484    57.857
85    78.645    44.635
86     71.34    29.583
87    61.601    33.553
88    80.967    40.186
89    53.558    40.847
90    60.016    52.883
91    15.993    73.574
92     38.33    63.049
93    50.267    50.579
94    49.802    53.924
95    38.182    60.636
96    12.343    70.781
97    25.083    48.762
98    66.159    46.236
99    46.905    73.626
100     55.11    41.711
101    49.259    56.038
102    69.434     49.91
103    61.448    24.737
104     58.43    17.319
105    40.232    74.399
106     88.95    47.065
107    61.145    59.634
108    86.654    48.175
109    31.045    41.357
110    45.419    63.722
111    60.373    88.198
112    35.023     86.54
113    44.391     58.07
114    51.078     49.33
115    49.621    50.589
116    55.445    68.014
117        22    48.949
118    53.422    58.612
119    44.715    36.907
120      35.6    69.122
121    51.563    46.036
122    50.597    45.835
123    69.061    77.893
124    61.102     46.09
125    54.679    39.082
126    63.581     43.09
127    70.404    71.459
128    34.522    45.943
129    25.396    37.991
130    79.026    74.502
131    77.583      64.2
132    25.921    50.237
133    55.506     54.13
134    42.119    67.748
135    44.435    65.254
136    44.154    61.335
137    39.653    63.927
138    28.375     53.18
139    48.735    53.739
140    53.838    69.321
141    65.217    51.479
142    43.072      42.4
143     8.202    51.584
144    27.679    73.097
145    37.531     42.26
146    58.186    40.257
147    35.957    13.727
148    40.721    83.612
149     52.65    27.182
150    24.903    50.002
151    77.205    56.571
152    59.272    79.964
153    25.901    77.172
154    87.809    67.457
155    32.544    67.333
156     18.19    49.219
157    60.609    86.902
158     34.07    67.878
159     27.32    69.112
160    60.406    62.043
161    21.718    38.086
162    26.539    82.201
163    77.811    51.163
164    32.968    34.071
165    75.236    59.567
166    26.586    56.451
167    31.298    59.655
168     50.52    61.644
169     69.37    72.276
170    45.993     58.53
171    63.934    43.364
172    36.436    25.493
173    84.559    38.673
174    57.723    41.697
175    78.877    59.324
176    82.652    45.481
177    86.716    40.658
178    86.696    24.221
179    37.558    23.403
180    68.474    20.485
181     57.87    44.286
182    31.039    26.046
183    31.898    63.659
184    33.515    36.286
185    80.822    40.721
186    33.372    35.092
187    49.467    55.414
188    53.844    17.482
189    38.363    43.227
190    40.803    64.963
191    68.296    30.593
192    49.228    37.568
193    55.215    43.188
194    12.153    33.242
195    45.727    64.561
196    35.776    47.075
197    39.766    28.982
198    55.279    54.226
199    40.508    42.369
200    44.233    17.436
201    72.997    67.154
202    47.806    52.772
203    73.733    83.808
204    55.749    50.783
205    38.963    56.914
206     36.17    52.581
207    49.992    55.029
208    24.776    78.672
209    62.328    61.588
210    64.838    58.269
211    65.833    95.419
212     59.79    54.383
213    75.655    60.877
214    31.101    49.025
215    39.779    46.168
216    37.798     82.93
217    44.565    62.615
218    69.257    36.938
219    54.945    37.192
220    49.784    61.469
221    46.393    53.574
222     43.94    54.353
223     7.487    64.402
224    43.798    53.096
225    19.805    61.876
226    49.954     60.41
227    23.956    21.851
228    20.427    72.118
229     50.09    60.598
230    58.075    68.077
231     47.54    72.847
232    39.927    38.713
233    76.694    56.888
234    35.277    20.404
235    52.581    41.784
236    26.481    56.549
237    52.181    20.404
238     18.33    36.676
239     29.86    30.226
240    21.611    42.379
241     77.25    74.276
242    58.111    41.395
243    34.999    48.875
244    49.437    43.491
245    54.298    15.294
246    56.493    41.552
247     69.73    36.701
248    67.309    26.858
249    86.995    56.581
250    56.663    15.988
251     15.58    44.928
252    82.642    41.651
253     46.15    43.503
254    60.299    19.906
255    29.339    28.979
256        40    61.979
257    39.263    68.727
258    51.916    60.682
259    53.931    54.422
260    66.299    22.951
261    30.434    34.868
262    62.787    59.384
263    77.226     63.44
264     27.78    83.172
265    37.348    54.563
266    27.537    94.966
267    77.349    53.685
268    40.528    79.373
269    41.321    38.512
270    67.171    87.104
271    57.583    41.344
272    53.889     32.53
273    17.859    77.834
274    63.049     47.09
275      7.82    66.105
276    51.581    61.798
277    32.321    36.656
278     52.54    72.723
279    35.119     85.63
280     59.62     43.76
281     43.84        24
282    57.628    53.995
283     45.14    46.955
284    31.015    76.483
285    40.607    53.923
286    42.695     65.52
287    22.978    86.921
288    67.015    55.274
289    55.485    55.867
290    43.009    56.996
291    41.001    48.742
292    59.072    49.514
293    48.709    51.217
294    36.278    43.491
295    94.539    65.812
296     70.94    29.734
297    53.703    23.468
298    60.522    91.077
299    47.181      30.9
300    47.674    47.719
301    43.393    59.642
302    60.999    64.805
303    28.158    71.026
304    22.653    31.794
305    43.081    58.773
306    59.619    54.437
307    72.836    70.546
308    51.788    80.829
309    71.743    76.851
310    57.715    43.313
311    27.537     71.15
312    51.349    71.908
313    53.117    88.207
314    68.834    60.324
315    37.147    58.987
316    41.598    56.198
317    54.406    86.763
318    33.085    55.561
319    78.343    67.058
320    42.648    53.759
321    57.639    46.945
322    45.988     69.41
323    84.902    49.393
324    21.543    35.237
325    45.623    51.846
326    35.555    75.537
327    41.971    62.043
328    27.071    69.999
329     55.33    26.647
330    51.727    12.956
331    48.941    42.151
332    61.578    92.883
333     25.28    78.435
334    43.866    21.884
335    66.572    70.116
336     67.07    28.115
337    93.009    67.355
338     59.97    60.759
339    45.473    68.311
340    42.165    64.859
341    47.458    50.339
342    57.048     44.07
343    13.299    44.131
344    41.451    44.174
345    41.426     7.732
346    47.249     6.356
347    18.481    59.719
348    40.218    59.407
349    40.416    39.711
350    46.117    40.543
351    22.188    78.153
352    25.246    35.095
353     55.18    40.871
354    29.498    38.955
355    47.613    44.895
356     25.57    36.868
357    75.465    30.688
358    47.031    41.227
359    70.168     45.38
360    38.195    86.532
361    40.787    48.234
362    27.495    30.889
363    32.243    33.174
364    65.381    59.194
365    34.731    46.084
366    31.691    41.059
367    60.136    48.293
368    76.489    20.081
369     74.96    29.832
370    43.775    57.376
371     53.37     54.04
372    58.123    32.724
373    55.383    45.569
374    21.096    21.174
375    74.976    66.048
376    82.119    63.315
377    41.447     59.54
378    75.071    31.736
379    49.963     43.15
380    37.567    11.463
381     69.09    84.516
382     49.33    74.835
383    59.866    46.725
384    25.157     26.85
385    31.316    22.397
386    70.833    61.698
387    51.092    62.345
388    32.284    38.494
389    46.433    58.134
390    34.555    48.025
391    59.466    57.137
392    58.872    76.051
393    68.944    41.616
394    55.556    46.823
395    58.108      53.4
396    54.157    43.883
397    34.828    26.332
398    57.317    58.247
399    49.938    56.493
400    46.611    56.094
