6 Stops, 100 Students, 10 Max_Walking, 25 Capacity, 5 Days 

0       1  1  1  1  1
1       1  1  1  1  1
2       0  0  0  1  1
3       1  1  1  1  1
4       1  1  1  1  1
5       1  1  1  1  1
6       1  1  1  1  1
7       1  1  1  1  1
8       1  1  1  1  1
9       1  1  1  1  1
10       1  1  1  1  1
11       1  1  1  1  1
12       1  0  1  0  0
13       1  1  1  1  1
14       1  1  1  1  1
15       1  1  1  1  1
16       1  1  0  0  0
17       1  1  1  1  1
18       1  1  1  1  1
19       0  0  1  0  1
20       1  1  1  1  1
21       1  1  1  1  1
22       1  1  1  1  1
23       1  1  1  1  1
24       0  0  1  0  1
25       1  1  1  1  1
26       1  1  1  1  1
27       1  1  1  1  1
28       1  1  1  1  1
29       0  1  1  1  0
30       1  1  1  1  1
31       1  1  1  1  1
32       1  1  1  1  1
33       1  1  1  1  1
34       1  1  1  1  1
35       0  0  1  1  1
36       1  1  1  1  1
37       1  1  1  1  1
38       1  1  1  1  1
39       1  1  1  1  1
40       1  1  1  1  1
41       1  1  1  1  1
42       1  1  1  1  1
43       1  1  1  1  1
44       1  1  1  1  1
45       1  1  1  1  1
46       1  1  1  1  1
47       1  1  1  1  1
48       1  1  1  1  1
49       1  1  1  1  1
50       1  1  1  1  1
51       1  1  1  1  1
52       1  1  1  1  1
53       1  1  1  1  1
54       1  1  1  1  1
55       0  1  0  1  1
56       0  1  1  0  0
57       1  1  1  1  1
58       1  1  1  1  1
59       1  0  0  1  0
60       1  1  1  1  1
61       1  1  1  1  1
62       1  1  1  1  1
63       1  0  1  1  0
64       1  1  1  1  1
65       1  1  1  1  1
66       1  1  1  1  1
67       1  1  1  1  1
68       1  1  1  1  1
69       1  1  1  1  1
70       1  1  1  1  1
71       1  1  1  1  1
72       1  1  1  1  1
73       1  1  1  1  1
74       1  1  0  0  0
75       1  1  0  1  0
76       1  1  1  1  1
77       1  1  1  1  1
78       1  1  1  1  1
79       1  1  1  0  0
80       1  1  0  0  0
81       1  1  0  1  0
82       1  1  1  1  1
83       0  0  1  1  1
84       1  1  1  1  1
85       1  0  0  1  1
86       1  1  1  1  1
87       1  1  1  1  1
88       0  1  1  0  1
89       1  1  1  1  1
90       1  1  0  0  0
91       0  1  1  0  0
92       1  1  1  1  1
93       1  1  1  1  1
94       1  1  1  1  1
95       1  1  0  1  0
96       1  1  1  1  1
97       1  1  1  1  1
98       1  1  1  1  1
99       1  0  0  1  1


0             50        50
1         59.816    18.847
2         43.582    18.844
3         56.193    60.899
4          80.41    26.881
5         56.385    18.751


1    59.543    17.276
2    55.692    15.403
3    59.679    18.463
4    59.708    19.375
5    52.389    21.028
6    68.009     14.29
7    64.293    21.028
8    60.723    22.792
9     64.58    25.391
10    63.333    17.151
11    64.627    20.222
12    66.707    20.991
13    56.924    18.253
14    61.404    25.773
15    59.615    11.351
16    62.866    17.454
17    56.872     9.416
18    50.367    16.282
19    69.473    17.176
20    64.381    21.585
21    40.958    18.336
22    48.537    15.798
23    46.763     19.08
24    34.329    19.071
25    47.873    18.627
26    44.303    24.948
27    41.101    24.129
28    51.216    18.448
29    52.265    17.632
30     51.79    20.904
31     47.45    17.687
32     42.14    18.753
33     35.16    17.632
34    38.125    26.604
35    42.583    14.508
36    42.572     19.89
37    46.774    17.421
38      50.3    15.825
39    43.593    13.996
40    47.674     15.48
41    55.369    51.691
42    65.257    61.217
43    46.961    63.042
44    56.347    60.021
45    56.536    57.092
46    54.986    57.103
47    55.509    51.211
48     55.84    55.745
49    60.749    58.933
50    65.802    61.854
51    51.148    62.669
52    63.765    58.427
53    56.169    60.924
54    50.022    58.738
55    57.152    61.612
56    59.152    55.941
57     56.57    59.609
58    57.624    62.057
59    56.107    62.415
60    60.927    67.542
61    81.219    26.743
62    80.642    27.347
63    85.062    24.199
64    81.442    24.269
65     75.78    29.731
66    81.003    24.689
67    79.948    32.376
68    80.434    32.846
69    84.253    24.096
70    81.779    17.227
71    86.208    22.715
72     86.38    18.901
73    77.694    29.978
74    85.554    33.311
75    84.574    34.233
76    89.091    26.169
77    80.377    27.223
78    80.795    26.988
79    82.892    28.186
80    70.987    23.546
81    59.654    21.209
82    52.784    16.421
83    56.219    17.454
84    54.802    18.885
85    62.288    21.944
86    56.548    18.496
87    55.615     17.91
88    61.133    15.972
89     56.42    18.764
90    51.196    18.553
91    60.689    26.322
92    58.481    21.249
93    53.831     12.96
94    50.269    22.583
95    52.792    22.221
96    57.617    17.213
97    58.098    27.106
98    55.041    15.723
99    59.651    10.313
100     62.36    15.239
