6 Stops, 100 Students, 40 Max_Walking, 25 Capacity, 5 Days 

0       1  1  1  1  1
1       1  1  1  1  1
2       1  1  1  1  1
3       1  1  1  1  1
4       1  1  1  1  1
5       1  0  1  1  1
6       1  1  1  1  1
7       1  1  1  1  1
8       1  1  1  1  1
9       1  1  1  1  1
10       1  1  0  0  1
11       1  1  1  1  1
12       1  1  1  1  1
13       1  1  1  1  1
14       1  1  1  1  1
15       1  1  1  1  1
16       1  1  1  1  1
17       1  0  0  0  1
18       1  1  1  1  1
19       1  1  1  1  1
20       1  1  1  1  1
21       1  1  0  0  0
22       1  1  1  1  1
23       1  1  1  1  1
24       1  1  1  1  0
25       1  1  1  1  1
26       1  1  1  1  1
27       1  1  1  1  1
28       1  1  1  1  1
29       1  1  1  1  1
30       1  1  1  1  1
31       1  1  1  1  1
32       1  1  1  1  1
33       1  1  1  1  1
34       1  1  1  1  1
35       1  1  1  1  1
36       1  1  1  1  1
37       1  1  1  1  1
38       0  1  0  1  0
39       1  1  1  1  1
40       1  1  1  1  1
41       1  1  0  0  0
42       1  1  1  1  1
43       1  1  1  1  1
44       1  1  1  1  1
45       1  1  0  1  1
46       1  1  1  1  1
47       1  0  1  0  1
48       1  1  1  1  1
49       1  1  1  1  1
50       1  1  1  1  1
51       1  1  1  1  1
52       1  1  1  1  1
53       1  1  1  1  0
54       1  1  1  1  1
55       1  0  0  0  1
56       1  1  1  1  1
57       1  1  1  1  1
58       1  1  1  1  1
59       1  1  1  1  1
60       1  1  1  1  1
61       1  1  1  1  1
62       1  1  1  1  1
63       1  1  0  1  0
64       1  1  1  1  1
65       1  1  1  1  1
66       0  1  1  1  0
67       1  1  1  1  1
68       1  1  1  1  1
69       1  1  1  1  1
70       1  1  1  1  1
71       1  1  1  0  1
72       1  0  1  0  0
73       1  1  1  1  1
74       1  1  1  0  1
75       1  1  1  1  1
76       0  1  1  0  0
77       1  1  1  1  1
78       1  1  1  1  1
79       1  0  1  1  0
80       1  1  1  1  1
81       1  0  1  0  1
82       1  1  1  1  1
83       1  1  1  1  1
84       1  1  1  1  1
85       1  1  1  1  1
86       1  1  1  1  1
87       1  1  1  1  1
88       1  1  1  1  1
89       1  1  1  1  1
90       1  1  1  1  1
91       1  1  1  1  1
92       1  1  1  1  1
93       0  1  1  0  1
94       1  1  0  1  1
95       1  1  1  1  1
96       1  1  0  1  1
97       1  1  1  1  1
98       1  1  1  1  1
99       1  1  0  1  1


0             50        50
1         56.321    45.253
2         58.674    49.665
3         56.102    52.555
4         43.841     48.81
5         58.978     49.32


1    55.826    44.675
2    53.893     48.87
3    55.309    47.717
4     23.78    36.167
5     56.97    52.303
6    77.881    21.019
7    40.763    55.006
8     40.29    72.676
9    65.901    53.231
10    55.298    44.455
11    29.137    62.318
12    70.376    73.639
13    58.248    65.972
14    67.871    39.489
15     79.05    39.059
16    24.607    28.876
17    55.163    44.985
18    66.413     39.37
19    61.494    49.884
20    64.476    43.614
21    40.645    38.756
22    77.658      49.2
23    52.584     33.27
24    73.684    56.297
25    58.026    55.796
26    53.308     54.22
27    53.231    38.433
28    37.254    26.687
29    67.442    38.851
30    52.787    19.367
31    55.997     88.29
32    58.883    49.527
33    26.714    35.597
34    52.962    76.268
35    25.809    65.223
36    19.395     55.54
37    80.053    56.101
38    40.042    37.284
39    59.636    49.985
40    43.905    31.599
41    94.637    47.541
42    51.858    48.819
43     69.16    53.672
44    57.676    41.665
45    51.777    42.161
46    40.597    26.786
47    55.156    54.901
48    45.059    65.104
49    52.811    53.552
50    51.157     73.99
51     89.62    58.118
52    65.379    20.408
53    60.046    58.475
54    50.195    59.108
55    26.207    48.223
56    42.093    54.208
57     83.33     46.65
58    16.876    54.066
59    59.107    50.792
60    51.172    56.981
61    39.819    40.385
62    29.789     44.06
63    34.322    54.185
64    40.694    50.239
65     51.97     39.03
66    47.871    27.035
67     4.612    53.383
68    49.119    41.745
69    45.296      71.1
70    57.664    52.487
71    37.356    43.583
72    34.294    34.274
73    38.286    46.388
74    49.804    75.784
75    32.899    17.913
76    58.806    84.419
77    26.282    65.264
78    71.381    37.818
79    46.988    64.183
80     63.18    53.718
81    77.638    81.472
82    84.628    39.278
83    60.723    82.353
84    45.902     40.23
85     54.52     74.41
86    93.593    44.697
87    53.388    62.549
88    34.056    60.424
89    26.803     42.69
90    42.219    41.614
91    92.069    54.496
92    63.532    14.765
93    67.041    48.938
94    52.412    53.604
95    56.665    47.877
96    34.418    43.332
97    77.532    27.359
98    70.871     83.73
99    34.978     31.59
100    39.993    32.572
