6 Stops, 50 Students, 5 Max_Walking, 25 Capacity, 5 Days 

0       1  1  1  0  1
1       0  0  1  1  0
2       1  1  0  1  1
3       1  0  0  1  1
4       1  1  1  0  0
5       1  0  0  1  1
6       0  1  0  0  1
7       1  0  0  1  1
8       0  1  1  0  1
9       1  0  0  0  1
10       0  1  1  0  0
11       1  1  1  0  1
12       0  0  1  1  0
13       0  0  1  1  0
14       1  1  0  1  0
15       1  0  0  1  1
16       1  0  1  0  0
17       0  1  0  1  0
18       1  1  1  1  0
19       0  0  1  0  1
20       1  1  0  1  0
21       0  0  0  1  1
22       1  1  0  0  0
23       0  0  1  1  1
24       1  0  0  1  1
25       1  1  0  1  1
26       0  1  1  1  1
27       1  1  0  0  0
28       1  1  1  0  1
29       1  0  1  0  1
30       1  1  1  1  1
31       1  1  1  1  0
32       1  0  0  0  1
33       0  0  1  0  1
34       1  0  1  1  1
35       0  1  0  1  0
36       1  1  1  0  0
37       0  1  1  1  1
38       0  1  0  1  1
39       1  1  1  0  0
40       1  1  0  0  0
41       1  1  1  0  1
42       1  0  0  0  1
43       1  0  1  1  1
44       1  1  0  1  1
45       0  1  1  1  0
46       1  0  0  1  0
47       1  1  1  0  0
48       0  1  0  1  0
49       0  1  0  1  1


0             50        50
1         64.305    16.883
2         53.717    75.516
3         79.574    84.243
4         11.363    45.897
5         72.059    89.604


1    63.528     18.93
2    63.772    16.652
3    62.937    14.763
4    63.399    14.397
5     63.71    15.652
6    60.318    14.539
7    66.124    17.333
8    61.643    14.503
9    68.183    15.311
10    63.512    16.498
11    52.411    72.225
12    57.995    76.667
13    57.199    72.314
14    53.673    75.637
15    51.413    72.071
16    56.306    71.898
17    51.526    74.531
18    52.123    77.895
19    53.066    75.345
20    53.748    75.528
21    80.402    83.497
22    78.675    84.178
23    81.176    85.812
24    80.301    82.224
25    79.894    84.673
26    78.192    83.572
27    83.525    84.186
28    80.567    85.465
29    82.385    81.199
30    82.287    84.738
31     9.467    49.525
32    12.372     42.75
33    11.853    46.679
34      9.68    47.558
35      9.87    47.906
36    12.887    46.436
37     9.207    44.879
38    12.741    44.314
39    10.647    44.913
40      10.9    46.968
41    76.113    89.655
42     71.65    86.567
43    72.547     93.73
44    71.853    92.167
45    71.683    88.188
46    72.065    89.781
47     72.08    89.677
48    71.847    85.593
49    69.904    93.232
50     74.65    89.506
