6 Stops, 50 Students, 40 Max_Walking, 50 Capacity, 5 Days 

0       1  1  1  1  1
1       1  1  1  1  1
2       1  0  1  0  1
3       1  1  1  1  1
4       0  1  1  1  0
5       1  1  0  0  1
6       1  0  1  1  1
7       1  1  1  1  1
8       1  1  1  1  1
9       1  1  1  1  1
10       1  1  1  1  1
11       1  0  1  1  1
12       1  1  0  1  1
13       1  1  1  1  1
14       1  1  1  1  1
15       0  1  1  1  1
16       0  1  1  1  1
17       1  1  1  1  1
18       1  0  1  1  1
19       1  1  0  0  0
20       1  0  1  0  0
21       1  1  0  1  1
22       1  1  1  1  1
23       1  1  1  1  1
24       1  1  1  1  1
25       1  1  1  1  1
26       0  0  1  1  0
27       1  0  0  0  1
28       1  1  1  1  1
29       0  0  1  1  1
30       1  1  1  1  1
31       1  1  1  1  1
32       1  1  1  1  1
33       1  1  1  1  1
34       1  1  1  1  1
35       1  0  0  1  0
36       0  0  0  1  1
37       1  1  1  1  1
38       0  1  0  1  1
39       1  1  1  1  1
40       1  1  1  1  1
41       1  1  1  1  1
42       1  1  1  1  1
43       1  1  1  1  1
44       0  1  1  1  0
45       0  1  0  0  1
46       0  1  1  0  1
47       0  1  0  1  1
48       1  1  0  1  1
49       1  0  1  0  1


0             50        50
1         54.133    46.451
2         43.844    55.593
3         48.027    52.483
4         42.769    56.423
5          44.16    55.659


1    47.427     55.05
2    39.569    18.673
3    39.424    32.437
4    49.799    59.272
5    36.146    50.388
6    59.184    53.091
7    87.423     55.98
8    52.898    63.302
9    90.565    55.031
10     73.48    64.029
11    50.311    62.244
12    40.097    65.105
13    15.414    82.933
14    37.481    60.699
15    56.995      18.8
16    53.141    37.238
17    24.534      46.8
18    29.347    24.693
19    40.233    59.983
20    55.329    93.673
21    69.132      70.7
22    57.312    17.512
23    85.854    61.108
24    44.168     43.24
25     23.72    49.731
26    49.428    51.786
27    72.081    57.523
28    80.099    33.923
29    49.532    35.377
30    75.181    72.327
31    23.164     81.58
32    46.013    66.529
33    56.941    75.175
34    41.689    67.532
35     8.814    53.086
36     8.843    66.295
37    46.498    67.126
38     9.688    78.421
39    67.271    53.429
40    53.865    50.169
41    42.703    60.132
42    26.229    68.137
43    34.003     61.03
44    68.472    62.138
45    36.927     79.74
46    50.116    47.785
47    33.933     23.31
48    46.208    55.268
49    52.009    60.287
50    41.588    60.835
