6 Stops, 25 Students, 20 Max_Walking, 50 Capacity, 5 Days 

0       1  1  1  0  1
1       1  0  1  1  1
2       1  1  0  1  1
3       1  0  0  1  1
4       1  1  1  1  1
5       1  1  1  1  1
6       1  1  1  1  1
7       1  1  1  1  1
8       1  1  1  1  1
9       1  1  1  1  1
10       1  1  1  1  1
11       1  1  1  1  1
12       1  1  1  1  1
13       1  1  1  1  1
14       0  1  0  0  1
15       1  1  1  1  1
16       1  1  0  0  1
17       1  1  1  1  1
18       1  1  1  1  1
19       0  0  1  1  0
20       1  1  1  1  1
21       1  1  0  1  0
22       1  0  0  1  1
23       0  0  1  1  1
24       1  1  0  0  0


0             50        50
1         24.692    38.317
2         68.415    50.996
3         34.292    31.148
4         20.891    33.849
5          74.41    43.128


1    18.739    55.899
2    24.256    44.891
3    19.146    43.959
4    38.909    28.062
5    15.373    33.366
6    71.879    51.229
7    60.315    44.304
8    83.471    51.662
9    70.179    42.393
10    71.707    32.348
11    14.718      30.2
12     38.31    26.971
13    28.194    26.234
14    30.596    46.303
15      34.3    31.154
16    21.998      33.4
17    38.961    25.957
18     8.802    36.367
19    20.449     32.13
20    19.286    39.723
21    89.921    47.481
22    71.709    38.405
23     74.44    49.491
24    87.602    37.915
25    69.303    47.268
