6 Stops, 100 Students, 20 Max_Walking, 50 Capacity, 5 Days 

0       1  1  1  1  1
1       1  1  1  1  1
2       0  0  1  1  1
3       1  0  1  0  0
4       1  1  1  1  1
5       1  1  1  0  0
6       1  1  1  1  1
7       1  1  1  1  1
8       1  1  1  1  1
9       1  1  1  1  1
10       1  1  1  1  1
11       1  1  1  1  1
12       1  1  1  1  1
13       1  1  1  1  1
14       1  1  1  1  1
15       1  1  1  1  1
16       1  1  1  1  1
17       1  1  1  1  1
18       1  1  1  1  1
19       1  1  1  1  1
20       0  1  1  1  1
21       1  1  1  1  1
22       1  1  1  1  1
23       0  1  0  1  1
24       1  0  0  1  1
25       0  1  0  1  0
26       1  1  0  0  0
27       1  1  1  1  1
28       1  1  1  1  1
29       1  1  1  1  1
30       1  1  0  0  1
31       1  1  1  0  0
32       1  1  1  1  1
33       1  1  1  1  1
34       1  1  1  1  1
35       1  1  1  1  1
36       1  1  1  1  1
37       1  1  1  1  1
38       1  1  1  1  1
39       1  1  1  1  1
40       1  1  0  0  1
41       1  1  1  1  1
42       1  1  1  1  1
43       1  1  1  1  1
44       0  1  1  1  1
45       1  1  1  1  1
46       1  1  1  1  1
47       1  1  1  1  1
48       1  1  0  0  1
49       1  1  1  1  1
50       1  1  1  1  1
51       1  1  1  1  1
52       1  1  1  1  1
53       1  1  1  1  1
54       1  1  1  1  1
55       1  1  1  1  1
56       1  1  1  1  1
57       1  0  1  0  1
58       1  1  1  1  1
59       1  1  1  1  1
60       1  1  1  1  1
61       1  1  1  1  1
62       0  1  1  0  0
63       1  1  1  1  1
64       1  1  1  1  1
65       1  0  0  1  1
66       1  1  1  1  1
67       1  0  0  1  1
68       0  0  1  1  0
69       1  1  0  0  1
70       1  1  1  1  1
71       1  1  1  1  1
72       1  1  1  1  1
73       1  1  1  1  1
74       1  1  1  1  1
75       1  1  1  1  1
76       0  0  1  0  1
77       1  1  1  1  1
78       1  1  1  1  1
79       1  1  1  1  1
80       1  1  1  1  1
81       1  1  1  1  1
82       1  1  1  1  1
83       1  1  1  1  1
84       1  1  1  1  1
85       1  1  1  1  1
86       1  1  1  1  1
87       1  1  1  1  1
88       1  1  1  1  1
89       1  1  1  1  1
90       1  1  1  1  1
91       1  1  1  1  1
92       0  1  1  0  1
93       1  1  1  0  0
94       0  1  1  1  1
95       1  1  1  1  0
96       1  1  1  1  1
97       1  1  1  1  1
98       1  1  1  1  1
99       1  0  0  1  1


0             50        50
1         75.313    47.375
2         27.123    58.572
3         25.776    61.334
4         68.322    41.414
5         59.135    73.517


1    78.126    47.106
2    72.132    55.786
3    74.052    52.441
4    83.003    50.452
5    88.237    42.377
6     74.62    48.791
7    79.359    51.207
8    74.214    49.491
9     73.26    27.586
10    75.377    47.418
11    61.483    45.225
12    69.161    42.129
13    70.717    46.651
14    76.892    42.336
15     82.84     33.89
16    70.344      63.5
17      78.3    40.522
18    60.336    47.632
19    79.856    33.974
20    83.916    45.136
21    27.139    56.538
22    25.011    51.491
23    37.099    60.272
24    24.881    48.097
25    27.262    58.472
26    10.559    50.552
27    36.494    49.313
28    23.527    61.339
29    29.947    60.306
30    23.348    57.764
31     43.42    59.673
32     29.61    49.307
33    26.854    58.319
34    28.234    64.785
35    19.721    70.364
36    26.825    51.248
37    43.808    56.058
38    34.343     50.39
39    27.586    59.166
40    37.085    57.715
41     30.46    51.472
42      9.06    62.162
43    36.105     66.87
44    28.573    54.829
45    12.336     60.11
46    25.728     57.56
47    31.226    74.193
48    12.795    76.333
49       9.8    63.619
50    15.901    72.369
51    26.792    62.257
52    25.294    50.875
53    26.482    62.126
54    29.987    64.065
55     15.53    58.689
56    24.357    54.838
57    42.703    55.824
58    15.589    55.764
59    26.403    67.527
60      23.5    62.158
61    55.685    53.916
62    84.067    29.694
63     67.15    48.683
64    78.056    32.825
65    68.457    23.719
66    71.517    43.818
67    78.427    46.461
68    56.436    41.544
69     73.58    38.626
70    67.547    40.664
71     69.82    55.871
72    69.066    44.586
73    86.764    46.178
74    68.313    41.506
75    61.853    33.163
76    67.331    39.045
77    68.636    50.125
78    59.771    28.254
79    73.396    38.104
80    80.948    44.285
81    75.222    73.446
82    59.276    76.364
83    43.999    81.213
84     43.04    79.177
85    67.013    87.072
86    59.356     63.22
87    43.252    70.236
88    42.968    63.904
89    54.422    81.772
90    69.461    66.243
91     56.68    59.588
92    42.216    83.189
93    66.714    57.543
94    48.599     68.17
95    56.796    77.031
96     68.01    77.817
97    52.167    69.945
98    73.302    83.767
99    54.756     73.23
100    60.935    67.488
