6 Stops, 25 Students, 5 Max_Walking, 25 Capacity, 5 Days 

0       1  1  1  1  1
1       1  1  1  1  1
2       1  1  1  1  1
3       1  1  1  1  1
4       1  1  1  1  1
5       1  1  1  1  1
6       1  1  1  1  1
7       1  1  1  1  1
8       1  1  1  1  1
9       1  1  1  1  1
10       1  0  0  0  1
11       1  1  1  1  1
12       1  1  1  1  1
13       1  1  1  1  1
14       1  0  1  0  0
15       1  1  1  1  1
16       1  1  1  1  1
17       1  1  1  1  1
18       1  1  1  1  1
19       0  1  1  1  0
20       1  1  1  1  1
21       1  1  1  1  1
22       1  0  1  0  1
23       0  1  1  1  0
24       1  0  0  1  0


0             50        50
1         84.202    26.662
2         30.611    44.447
3         78.207    15.514
4         33.377    53.943
5         43.488    23.897


1    87.389    24.311
2    86.726    24.672
3    87.106    25.926
4    83.169    29.086
5    82.395     23.63
6    33.873    41.106
7    32.101    40.618
8    31.576     42.48
9    31.821    41.832
10    28.776    46.787
11    79.084    12.957
12    75.507    16.006
13    78.703    13.613
14    82.008    13.277
15    73.917    16.814
16     31.18    56.512
17    35.631    53.833
18      33.4    54.804
19    30.195    55.034
20    33.804    54.111
21    47.527    24.493
22    40.258    27.078
23    42.888    23.016
24    45.063    20.201
25     46.38    25.283
