6 Stops, 100 Students, 5 Max_Walking, 25 Capacity, 5 Days 

0       1  0  0  1  0
1       1  1  1  1  1
2       1  1  0  1  1
3       1  0  1  0  0
4       0  1  1  0  0
5       0  1  0  0  1
6       1  1  1  1  1
7       1  1  1  1  0
8       1  1  1  1  1
9       1  1  1  1  1
10       1  1  1  1  1
11       1  1  1  1  1
12       1  1  1  1  1
13       1  1  1  1  1
14       0  0  1  1  1
15       1  1  1  1  1
16       1  1  1  1  1
17       1  1  1  1  1
18       1  1  1  1  1
19       1  1  1  1  1
20       1  1  1  1  1
21       1  0  0  0  1
22       1  1  1  1  1
23       1  1  1  1  1
24       1  1  1  1  1
25       1  1  1  1  1
26       1  1  1  1  1
27       1  1  0  1  0
28       1  1  1  1  1
29       1  1  0  1  1
30       1  1  1  0  0
31       1  1  1  1  1
32       1  1  1  1  1
33       1  1  1  1  1
34       1  1  1  1  1
35       1  0  1  1  1
36       1  1  1  1  1
37       1  1  1  1  1
38       1  1  1  1  1
39       1  1  1  1  1
40       1  1  1  1  1
41       0  1  1  0  0
42       1  1  1  1  1
43       1  1  1  1  1
44       1  1  1  1  1
45       1  1  1  1  1
46       1  1  1  1  1
47       1  1  1  1  1
48       1  1  1  1  1
49       1  1  1  1  1
50       1  1  1  1  1
51       1  1  1  1  1
52       0  0  1  0  1
53       1  1  1  1  1
54       0  0  1  1  1
55       1  1  1  1  1
56       1  1  1  1  1
57       1  1  1  1  1
58       0  1  1  1  0
59       1  1  1  1  1
60       1  1  1  1  1
61       1  1  1  1  1
62       1  1  1  1  1
63       1  1  1  1  1
64       1  1  1  1  1
65       1  1  1  1  1
66       1  1  1  1  1
67       1  1  1  1  1
68       1  1  1  1  1
69       0  0  1  1  1
70       1  1  1  0  0
71       1  1  0  0  1
72       1  0  0  1  1
73       1  1  1  0  1
74       0  1  1  1  1
75       1  1  1  1  1
76       1  1  1  1  1
77       1  1  1  1  1
78       1  1  1  1  1
79       1  1  1  1  1
80       1  1  1  1  1
81       1  1  1  1  1
82       1  1  1  1  1
83       1  1  1  1  1
84       1  1  1  1  1
85       1  1  1  1  1
86       1  1  1  1  1
87       0  1  1  0  1
88       1  1  1  1  1
89       1  1  1  1  1
90       1  1  0  0  1
91       1  1  1  1  1
92       1  1  1  1  1
93       1  1  1  1  1
94       1  1  1  1  1
95       1  1  1  1  1
96       1  1  1  1  1
97       1  1  1  1  1
98       1  1  1  1  1
99       1  1  1  1  1


0             50        50
1         93.051    59.056
2         33.463    14.024
3         31.664    66.789
4         21.382    44.213
5         16.848    76.635


1    88.727    61.175
2    96.313    56.159
3    96.722    59.711
4    90.628    55.945
5    90.491    61.911
6    91.901    60.151
7     92.47    57.618
8    92.701    57.261
9    90.838    57.151
10    93.243    60.032
11    92.116    59.786
12     93.37    63.268
13    91.813     55.05
14    91.356    60.327
15     97.55    60.728
16    94.696    56.544
17    96.043    59.179
18    90.071    57.065
19    94.138    59.171
20    91.196    63.672
21    33.508    14.116
22    36.505    10.151
23    32.761    14.618
24    35.603    10.275
25    36.417    17.608
26    32.895    14.501
27    30.647    10.182
28    34.606     14.16
29    31.351    16.575
30    32.348     16.25
31    35.759    11.396
32    32.382    11.639
33    33.015    14.365
34    33.069     18.34
35    32.006    13.194
36    31.007    16.581
37    32.722    11.279
38    33.284    16.311
39    34.876    17.133
40    36.756     13.08
41    33.881    64.045
42    26.862    67.629
43    33.294    71.297
44    29.912    67.785
45    30.763    66.175
46    32.918    65.357
47    31.693    62.432
48    33.423     69.54
49    31.395    67.145
50    31.309    67.044
51    32.087    66.669
52    32.894    67.356
53    31.676    66.673
54    31.732    66.922
55    27.955    65.082
56    33.005    64.952
57    33.776    69.056
58    31.273    71.488
59    35.546    68.383
60    32.512    65.212
61    18.631     43.31
62    21.086    44.876
63    23.068    47.793
64     21.24     44.26
65    21.666    44.161
66    22.207    46.916
67    24.219    43.736
68    21.951    45.709
69    19.209    46.173
70    21.183    45.695
71    25.768    42.634
72    21.401    44.207
73     22.93    43.121
74    21.634    42.062
75    21.396    41.234
76    22.653    42.254
77    20.617    47.838
78     22.42    43.368
79    22.238    39.507
80    21.099    45.607
81    17.003     76.57
82    14.416    79.508
83    17.767    78.007
84    13.464    77.212
85    21.298    74.902
86     19.63     79.69
87    14.868    76.657
88    16.923    77.573
89    12.341    75.148
90    18.442     79.33
91    15.793    77.123
92    13.271    77.403
93    16.842     72.21
94    17.221     74.46
95    16.621    75.191
96    15.681    78.167
97    16.612    76.847
98    16.534    74.844
99    19.066    75.099
100    13.824    75.378
