6 Stops, 50 Students, 20 Max_Walking, 50 Capacity, 5 Days 

0       1  1  1  1  1
1       1  1  1  1  1
2       0  1  0  0  1
3       1  1  1  1  1
4       1  1  1  1  1
5       1  1  1  1  1
6       1  1  1  1  1
7       1  1  1  1  1
8       1  0  0  1  1
9       0  0  0  1  1
10       1  1  1  1  1
11       1  1  1  1  1
12       1  0  1  1  1
13       0  1  1  1  0
14       1  1  1  1  1
15       1  1  0  0  1
16       1  1  1  1  1
17       0  1  1  1  1
18       1  0  0  1  0
19       1  0  0  1  0
20       1  1  1  1  1
21       1  1  1  1  1
22       1  1  1  1  1
23       1  0  0  0  1
24       1  1  1  1  1
25       0  1  0  0  1
26       0  1  1  0  1
27       1  1  1  1  1
28       1  1  1  1  1
29       0  1  1  0  0
30       1  1  1  1  1
31       1  1  1  1  1
32       1  1  1  1  1
33       0  1  0  0  1
34       1  1  1  1  1
35       1  1  1  1  1
36       1  1  1  1  1
37       1  1  0  1  0
38       1  1  1  1  1
39       1  0  1  0  0
40       0  1  1  0  0
41       1  1  1  1  1
42       1  1  1  1  1
43       1  0  0  1  1
44       0  1  1  0  1
45       1  1  1  1  1
46       0  1  1  0  0
47       1  1  1  1  1
48       1  1  0  0  0
49       1  0  1  1  1


0             50        50
1         71.613     76.99
2         60.476    60.873
3         58.109    39.352
4         75.568     49.05
5         61.391    53.746


1    73.493     71.91
2    70.582    77.173
3    89.353     82.61
4    66.749    59.564
5    75.404    62.375
6    78.348    79.935
7    84.465    66.711
8    66.092    58.244
9    73.084    76.423
10    70.351    82.485
11    61.942    71.194
12     60.88    70.798
13    66.857    70.019
14     62.28    62.213
15    70.187    71.903
16    64.602    70.733
17    71.361    56.306
18    63.767    61.317
19    62.525    69.537
20    54.251    64.621
21    68.882    27.441
22    62.012    41.682
23    63.122    22.812
24    65.985    35.145
25    45.849    44.476
26    70.065    51.712
27    58.437    35.261
28    46.302    44.674
29    50.195    31.157
30    49.822    51.252
31    79.158    45.882
32    89.026    53.967
33    64.478    45.409
34     61.46    56.121
35    72.857    46.638
36    84.518    45.919
37    64.246    62.754
38    73.292    44.548
39     79.42    67.359
40    68.689    57.322
41    49.821    66.011
42    51.536    36.545
43    56.319    44.609
44    61.419    45.791
45    61.622    45.623
46    58.436    62.402
47    70.971    36.896
48    67.733    49.084
49    58.198    64.547
50     64.01    51.779
