6 Stops, 100 Students, 20 Max_Walking, 25 Capacity, 5 Days 

0       1  1  1  0  0
1       1  1  1  1  1
2       1  1  1  1  1
3       1  0  1  0  1
4       1  1  1  1  1
5       1  1  1  1  1
6       1  1  1  1  1
7       1  1  1  1  1
8       1  1  1  1  1
9       0  1  1  0  1
10       1  1  1  1  1
11       1  1  1  1  1
12       1  1  1  1  1
13       0  1  1  0  0
14       1  1  1  1  1
15       1  1  1  1  1
16       1  1  1  1  1
17       1  0  0  1  0
18       1  0  0  1  1
19       1  1  1  1  1
20       1  0  0  1  0
21       0  0  1  1  1
22       0  1  1  0  0
23       0  0  1  1  1
24       0  1  1  0  0
25       1  0  1  0  0
26       1  1  1  1  1
27       1  1  1  1  1
28       1  0  1  0  1
29       1  1  0  0  0
30       1  0  0  1  1
31       1  1  0  0  0
32       1  0  0  0  1
33       1  1  1  1  1
34       1  1  1  1  1
35       1  1  1  1  1
36       1  1  0  0  1
37       1  1  1  1  1
38       1  1  1  1  1
39       1  1  1  1  1
40       0  0  1  1  1
41       1  1  1  1  1
42       1  1  1  1  1
43       1  1  1  1  1
44       1  1  0  0  1
45       1  1  1  1  1
46       1  1  1  1  0
47       1  1  1  1  1
48       1  0  0  1  1
49       1  1  1  0  1
50       1  0  0  0  1
51       1  1  1  1  1
52       1  0  1  1  1
53       0  1  1  0  1
54       0  0  0  1  1
55       1  1  1  1  1
56       1  1  1  1  0
57       1  1  1  0  0
58       1  1  1  0  1
59       0  1  1  0  1
60       1  1  1  1  1
61       0  0  0  1  1
62       1  1  1  1  1
63       1  0  0  0  1
64       1  1  1  1  1
65       1  1  1  1  1
66       1  1  1  1  1
67       1  1  1  1  1
68       1  1  1  1  1
69       1  1  1  1  1
70       1  1  1  1  1
71       1  1  1  1  1
72       1  1  1  0  1
73       1  1  0  0  0
74       1  0  0  1  0
75       1  1  1  1  1
76       1  0  1  0  0
77       1  1  1  1  1
78       1  1  1  0  1
79       1  0  1  0  1
80       1  1  1  1  1
81       1  1  1  1  1
82       0  0  0  1  1
83       0  0  0  1  1
84       1  1  1  1  1
85       1  1  1  1  1
86       1  1  1  1  1
87       0  1  1  1  0
88       1  1  1  1  1
89       0  0  1  1  0
90       0  1  0  0  1
91       1  1  1  1  1
92       1  1  1  1  1
93       1  1  1  1  1
94       0  1  1  0  0
95       1  1  1  1  1
96       1  0  1  0  1
97       0  1  1  0  1
98       1  1  1  1  1
99       0  0  1  1  0


0             50        50
1         63.291    63.922
2         42.501     62.12
3          30.16    42.992
4          53.42    62.571
5          53.88     62.34


1    50.241    61.628
2    78.594    65.562
3    64.425    83.241
4    68.629    58.772
5    69.787    72.457
6    81.415    65.921
7    67.932    70.411
8    75.231    75.012
9    63.735    65.143
10    63.489    64.233
11    52.014    73.528
12    70.013    50.778
13    61.959    64.155
14    52.401    52.145
15    72.203    80.694
16    63.481    61.577
17    64.617    55.413
18    77.146    67.437
19    47.843    55.953
20    81.755    61.039
21    37.087    62.951
22    27.292    57.143
23    28.581    49.759
24    42.167    62.283
25    42.773    60.417
26    53.937    67.808
27    49.242    56.887
28    42.548    58.335
29    40.721    81.062
30    43.221    62.309
31    45.017     70.54
32    34.171    63.124
33    47.678      47.2
34    39.921    62.072
35    33.202    66.213
36    53.637    70.362
37    38.302    59.604
38    25.835    53.836
39    59.832     71.55
40     30.99    67.989
41    37.978    49.287
42    11.204    46.186
43     12.83    35.186
44     30.56    23.382
45    31.523    39.465
46    46.622    37.727
47    12.135    41.172
48    14.629    39.648
49    29.843    45.671
50    19.912    40.688
51    38.312    45.475
52    32.089    39.825
53    22.655    32.833
54    10.743    44.888
55    28.619    25.679
56    14.349    48.955
57    29.222    39.462
58    41.563    41.943
59    30.489     42.63
60    29.085    54.499
61    48.937    56.033
62    44.165    75.022
63    55.928    64.041
64    68.151    51.705
65    39.895    71.493
66    49.889     65.49
67    49.829    64.864
68    64.678    78.916
69    54.279    65.217
70    51.791    62.868
71    53.239    62.549
72    50.614    65.865
73    52.971    59.998
74    45.219     62.25
75    69.578    63.148
76    37.184    59.607
77    46.192    79.519
78    57.389    57.152
79    44.754     69.58
80    65.402    53.998
81    45.078    61.962
82    54.293    54.679
83    54.731    74.014
84    57.793    60.054
85    57.946    73.982
86    58.094    64.208
87    60.712     72.36
88    44.335    57.887
89    38.635    51.239
90    63.875    61.885
91    45.887    66.085
92    52.296    67.785
93     50.62    68.848
94    63.414    51.753
95    45.318    55.357
96    62.527    54.276
97    47.427    68.596
98    43.166    61.781
99    54.339    60.554
100    44.705    77.477
