6 Stops, 25 Students, 5 Max_Walking, 50 Capacity, 5 Days 

0       1  1  1  1  1
1       1  1  1  1  1
2       1  1  1  1  1
3       0  1  0  1  1
4       0  1  1  1  1
5       1  1  1  1  1
6       1  1  1  1  1
7       1  1  1  1  1
8       1  1  1  0  0
9       1  1  1  1  1
10       1  1  1  0  0
11       0  1  1  1  0
12       0  1  0  1  1
13       1  1  1  1  1
14       1  1  1  1  1
15       1  1  1  1  1
16       1  1  1  1  1
17       1  1  1  1  1
18       1  1  1  1  1
19       1  0  1  0  1
20       1  1  0  1  1
21       1  1  1  1  1
22       1  0  0  1  0
23       0  0  0  1  1
24       0  1  0  0  1


0             50        50
1         18.659    61.929
2         39.333    71.994
3         38.897    22.113
4         61.034    81.043
5         51.108    25.087


1    19.145    60.259
2     20.52    63.862
3    16.922    65.288
4    16.099    61.305
5    18.831    57.274
6    43.611    71.185
7    39.504    76.978
8    42.111    70.632
9    39.283    72.103
10     38.65    76.238
11    38.578    21.439
12    39.382     23.47
13    38.409    17.527
14     41.39    20.647
15    38.464    20.736
16    61.054    84.955
17    61.771    76.452
18    59.754    83.133
19    59.909     79.11
20    61.985    79.754
21    52.066    27.715
22    51.296    24.274
23    49.153    23.331
24    48.409    27.259
25    52.512    26.278
